날짜,스크린수,스크린점유율,상영횟수,상영점유율,좌석수,좌석점유율,좌석판매율,매출액,매출액증감(전일대비),관객수,관객수증감(전일대비),누적매출액,누적관객수,순위
2017-12-22,1,0.0%,1,0%,214,0.0%,100.0%,1926000,1926000 ( 100.0% ),214,214 ( 100.0% ),1926000,214,30
2017-12-26,2,0.0%,2,0%,302,0.0%,100.0%,2114000,2114000 ( 100.0% ),302,302 ( 100.0% ),4040000,516,26
2017-12-28,1,0.0%,1,0%,238,0.0%,100.0%,2142000,2142000 ( 100.0% ),238,238 ( 100.0% ),6182000,754,34
2017-12-29,1,0.0%,1,0%,238,0.0%,100.0%,2380000,238000 ( 11.1% ),238,0 ( 0.0% ),8562000,992,30
2018-01-03,2,0.0%,2,0%,469,0.0%,97.4%,3656000,3656000 ( 100.0% ),457,457 ( 100.0% ),12218000,1449,20
2018-01-04,3,0.1%,3,0%,675,0.0%,100.0%,6075000,2419000 ( 66.2% ),675,218 ( 47.7% ),18293000,2124,17
2018-01-09,1,0.0%,1,0%,285,0.0%,100.0%,2280000,2280000 ( 100.0% ),285,285 ( 100.0% ),20573000,2409,24
2018-01-11,5,0.1%,9,0.1%,1630,0.1%,99.3%,12912000,12912000 ( 100.0% ),1618,1618 ( 100.0% ),33485000,4027,14
2018-01-16,14,0.2%,14,0.1%,2315,0.1%,69.5%,11290500,11290500 ( 100.0% ),1608,1608 ( 100.0% ),44775500,5635,12
2018-01-17,4,0.1%,4,0%,1173,0.0%,100.0%,9948000,-1342500 ( -11.9% ),1173,-435 ( -27.1% ),54723500,6808,12
2018-01-18,11,0.2%,11,0.1%,1924,0.1%,99.3%,15121000,5173000 ( 52.0% ),1910,737 ( 62.8% ),69844500,8718,15
2018-01-22,1,0.0%,2,0%,428,0.0%,75.0%,2889000,2889000 ( 100.0% ),321,321 ( 100.0% ),72733500,9039,22
2018-01-24,440,7.7%,1531,8.7%,203601,7.2%,11.9%,181680800,181680800 ( 100.0% ),24259,24259 ( 100.0% ),254414300,33298,7
2018-01-25,461,7.3%,1465,8.2%,195843,6.9%,11.2%,164758500,-16922300 ( -9.3% ),21911,-2348 ( -9.7% ),419172800,55209,7
2018-01-26,474,7.3%,1417,7.9%,187163,6.5%,12.3%,192769600,28011100 ( 17.0% ),22959,1048 ( 4.8% ),611942400,78168,7
2018-01-27,511,7.3%,1267,6.7%,162952,5.4%,27.8%,379919500,187149900 ( 97.1% ),45379,22420 ( 97.7% ),991861900,123547,7
2018-01-28,512,7.3%,1219,6.6%,155563,5.3%,26.2%,341463600,-38455900 ( -10.1% ),40833,-4546 ( -10.0% ),1333325500,164380,7
2018-01-29,479,7.7%,1275,7.4%,167389,6.1%,9.6%,119574100,-221889500 ( -65.0% ),15994,-24839 ( -60.8% ),1452899600,180374,7
2018-01-30,482,7.5%,1262,7.3%,164160,5.9%,9.4%,113258300,-6315800 ( -5.3% ),15394,-600 ( -3.8% ),1566157900,195768,7
2018-01-31,168,2.8%,279,1.5%,32251,1.1%,13.4%,26619000,-86639300 ( -76.5% ),4322,-11072 ( -71.9% ),1592776900,200090,10
2018-02-01,143,2.3%,223,1.2%,25484,0.9%,9.7%,16914500,-9704500 ( -36.5% ),2478,-1844 ( -42.7% ),1609691400,202568,15
2018-02-02,141,2.2%,217,1.2%,24465,0.8%,9.3%,17372400,457900 ( 2.7% ),2269,-209 ( -8.4% ),1627063800,204837,14
2018-02-03,121,1.7%,172,0.9%,19126,0.6%,17.9%,26507600,9135200 ( 52.6% ),3417,1148 ( 50.6% ),1653571400,208254,14
2018-02-04,126,1.8%,176,0.9%,19685,0.6%,16.4%,25110700,-1396900 ( -5.3% ),3234,-183 ( -5.4% ),1678682100,211488,14
2018-02-05,141,2.3%,200,1.2%,24092,0.9%,8.3%,13614500,-11496200 ( -45.8% ),2001,-1233 ( -38.1% ),1692296600,213489,13
2018-02-06,139,2.2%,205,1.2%,24568,0.9%,6.7%,11601500,-2013000 ( -14.8% ),1648,-353 ( -17.6% ),1703898100,215137,15
2018-02-07,120,1.9%,183,1.1%,22311,0.8%,7.2%,11414300,-187200 ( -1.6% ),1614,-34 ( -2.1% ),1715312400,216751,15
2018-02-08,23,0.4%,30,0.2%,2852,0.1%,12.8%,2304600,-9109700 ( -79.8% ),365,-1249 ( -77.4% ),1717617000,217116,28
2018-02-09,20,0.3%,29,0.2%,2956,0.1%,9.9%,2596000,291400 ( 12.6% ),294,-71 ( -19.5% ),1720213000,217410,33
2018-02-10,19,0.3%,28,0.1%,3491,0.1%,7.3%,1762000,-834000 ( -32.1% ),255,-39 ( -13.3% ),1721975000,217665,36
2018-02-11,18,0.3%,27,0.1%,2505,0.1%,11.6%,2021200,259200 ( 14.7% ),291,36 ( 14.1% ),1723996200,217956,30
2018-02-12,14,0.2%,19,0.1%,1674,0.1%,4.4%,502600,-1518600 ( -75.1% ),73,-218 ( -74.9% ),1724498800,218029,50
2018-02-13,22,0.4%,30,0.2%,2897,0.1%,3.6%,692500,189900 ( 37.8% ),103,30 ( 41.1% ),1725191300,218132,48
2018-02-14,7,0.1%,7,0%,787,0.0%,1.7%,122000,-570500 ( -82.4% ),13,-90 ( -87.4% ),1725313300,218145,74
2018-02-15,1,0.0%,1,0%,137,0.0%,0.7%,8000,-114000 ( -93.4% ),1,-12 ( -92.3% ),1725321300,218146,94
2018-02-16,1,0.0%,1,0%,137,0.0%,0.7%,8000,0 ( 0.0% ),1,0 ( 0.0% ),1725329300,218147,89
2018-02-17,1,0.0%,1,0%,137,0.0%,2.2%,24000,16000 ( 200.0% ),3,2 ( 200.0% ),1725353300,218150,98
2018-02-18,2,0.0%,2,0%,263,0.0%,1.9%,38000,14000 ( 58.3% ),5,2 ( 66.7% ),1725391300,218155,92
2018-02-19,5,0.1%,5,0%,714,0.0%,3.1%,146000,108000 ( 284.2% ),22,17 ( 340.0% ),1725537300,218177,69
2018-02-20,7,0.1%,8,0%,1038,0.0%,15.6%,769000,623000 ( 426.7% ),162,140 ( 636.4% ),1726306300,218339,44
2018-02-21,5,0.1%,5,0%,628,0.0%,2.2%,136000,-633000 ( -82.3% ),14,-148 ( -91.4% ),1726442300,218353,88
2018-02-22,7,0.1%,7,0%,967,0.0%,20.6%,958000,822000 ( 604.4% ),199,185 ( 1321.4% ),1727400300,218552,41
2018-02-23,4,0.1%,4,0%,502,0.0%,2.0%,110000,-848000 ( -88.5% ),10,-189 ( -95.0% ),1727510300,218562,109
2018-02-26,6,0.1%,7,0%,1034,0.0%,8.6%,411000,411000 ( 100.0% ),89,89 ( 100.0% ),1727921300,218651,48
2018-03-14,1,0.0%,1,0%,90,0.0%,52.2%,239000,239000 ( 100.0% ),47,47 ( 100.0% ),1728160300,218698,48
2018-03-15,2,0.0%,2,0%,215,0.0%,45.1%,485000,246000 ( 102.9% ),97,50 ( 106.4% ),1728645300,218795,44
2018-03-23,1,0.0%,1,0%,117,0.0%,0.0%,0,0 ( 0.0% ),0,0 ( 0.0% ),1728645300,218795,124
