날짜,스크린수,스크린점유율,상영횟수,상영점유율,좌석수,좌석점유율,좌석판매율,매출액,매출액증감(전일대비),관객수,관객수증감(전일대비),누적매출액,누적관객수,순위
2017-04-29,1,0.0%,1,0%,132,0.0%,1.5%,12000,12000 ( 100.0% ),2,2 ( 100.0% ),12000,2,111
2017-05-01,3,0.1%,4,0%,723,0.0%,57.5%,3718000,3718000 ( 100.0% ),416,416 ( 100.0% ),3730000,418,27
2017-05-02,1033,16.5%,2563,15%,479677,17.3%,30.9%,1240607700,1236889700 ( 33267.6% ),148071,147655 ( 35494.0% ),1244337700,148489,1
2017-05-03,1166,18.8%,5365,29.2%,1075636,36.2%,39.3%,3708346100,2467738400 ( 198.9% ),422412,274341 ( 185.3% ),4952683800,570901,1
2017-05-04,1154,18.2%,5308,29%,1064818,36.0%,25.3%,2129890000,-1578456100 ( -42.6% ),269106,-153306 ( -36.3% ),7082573800,840007,1
2017-05-05,1218,17.8%,5221,27.7%,1031281,33.7%,36.2%,3269303748,1139413748 ( 53.5% ),373681,104575 ( 38.9% ),10351877548,1213688,1
2017-05-06,1133,16.9%,4914,26.2%,975645,32.1%,29.4%,2557936407,-711367341 ( -21.8% ),286689,-86992 ( -23.3% ),12909813955,1500377,2
2017-05-07,1084,16.4%,4619,25.2%,912944,30.7%,24.5%,1984075400,-573861007 ( -22.4% ),223461,-63228 ( -22.1% ),14893889355,1723838,2
2017-05-08,999,17.9%,4445,25.8%,867482,30.7%,11.8%,823989500,-1160085900 ( -58.5% ),102201,-121260 ( -54.3% ),15717878855,1826039,2
2017-05-09,748,12.2%,2884,15.8%,514837,17.3%,35.6%,1592356800,768367300 ( 93.2% ),183247,81046 ( 79.3% ),17310235655,2009286,4
2017-05-10,692,13.6%,2726,16.5%,476484,17.6%,9.8%,378461900,-1213894900 ( -76.2% ),46708,-136539 ( -74.5% ),17688697555,2055994,3
2017-05-11,694,12.9%,2665,16%,463353,17.0%,9.5%,354835700,-23626200 ( -6.2% ),43911,-2797 ( -6.0% ),18043533255,2099905,3
2017-05-12,683,12.5%,2715,15.9%,472357,16.9%,13.9%,578912978,224077278 ( 63.1% ),65437,21526 ( 49.0% ),18622446233,2165342,3
2017-05-13,734,12.0%,2649,14.6%,436034,14.7%,32.1%,1254581353,675668375 ( 116.7% ),140079,74642 ( 114.1% ),19877027586,2305421,4
2017-05-14,720,11.8%,2552,14.4%,421023,14.5%,28.6%,1067398100,-187183253 ( -14.9% ),120264,-19815 ( -14.1% ),20944425686,2425685,4
2017-05-15,672,13.1%,2588,16%,445032,16.7%,8.5%,301862100,-765536000 ( -71.7% ),37940,-82324 ( -68.5% ),21246287786,2463625,3
2017-05-16,672,13.1%,2578,16.2%,443743,16.9%,7.2%,257682800,-44179300 ( -14.6% ),31765,-6175 ( -16.3% ),21503970586,2495390,3
2017-05-17,473,9.4%,1221,7.3%,176979,6.5%,11.9%,159947300,-97735500 ( -37.9% ),21142,-10623 ( -33.4% ),21663917886,2516532,6
2017-05-18,465,8.5%,1112,6.7%,161395,5.9%,10.9%,135698500,-24248800 ( -15.2% ),17631,-3511 ( -16.6% ),21799616386,2534163,6
2017-05-19,473,8.4%,1124,6.6%,161819,5.7%,16.2%,219555500,83857000 ( 61.8% ),26219,8588 ( 48.7% ),22019171886,2560382,6
2017-05-20,490,8.0%,1089,5.9%,151556,5.0%,35.8%,455947100,236391600 ( 107.7% ),54193,27974 ( 106.7% ),22475118986,2614575,7
2017-05-21,498,8.2%,1101,6.1%,153277,5.2%,32.1%,410646000,-45301100 ( -9.9% ),49239,-4954 ( -9.1% ),22885764986,2663814,6
2017-05-22,462,8.9%,1080,6.6%,155300,5.7%,9.2%,109441200,-301204800 ( -73.3% ),14274,-34965 ( -71.0% ),22995206186,2678088,6
2017-05-23,458,8.6%,1075,6.6%,155864,5.8%,8.0%,95170900,-14270300 ( -13.0% ),12409,-1865 ( -13.1% ),23090377086,2690497,6
2017-05-24,242,4.9%,464,2.9%,63788,2.4%,8.9%,43074000,-52096900 ( -54.7% ),5708,-6701 ( -54.0% ),23133451086,2696205,8
2017-05-25,167,3.3%,255,1.5%,34479,1.3%,11.2%,28566800,-14507200 ( -33.7% ),3854,-1854 ( -32.5% ),23162017886,2700059,9
2017-05-26,168,3.3%,259,1.5%,34626,1.2%,14.9%,43176800,14610000 ( 51.1% ),5146,1292 ( 33.5% ),23205194686,2705205,8
2017-05-27,145,2.6%,209,1.2%,28669,1.0%,30.6%,75066800,31890000 ( 73.9% ),8768,3622 ( 70.4% ),23280261486,2713973,7
2017-05-28,139,2.5%,204,1.2%,28196,1.0%,29.6%,70700800,-4366000 ( -5.8% ),8350,-418 ( -4.8% ),23350962286,2722323,7
2017-05-29,159,3.3%,259,1.6%,36194,1.3%,8.8%,23900700,-46800100 ( -66.2% ),3177,-5173 ( -62.0% ),23374862986,2725500,8
2017-05-30,155,3.1%,258,1.6%,36116,1.3%,8.8%,23634900,-265800 ( -1.1% ),3192,15 ( 0.5% ),23398497886,2728692,8
2017-05-31,33,0.7%,43,0.3%,5812,0.2%,21.9%,7770700,-15864200 ( -67.1% ),1271,-1921 ( -60.2% ),23406268586,2729963,12
2017-06-01,30,0.6%,35,0.2%,5056,0.2%,10.1%,3707000,-4063700 ( -52.3% ),511,-760 ( -59.8% ),23409975586,2730474,17
2017-06-02,33,0.7%,36,0.2%,5650,0.2%,12.2%,5830600,2123600 ( 57.3% ),687,176 ( 34.4% ),23415806186,2731161,15
2017-06-03,25,0.5%,29,0.2%,4033,0.1%,22.0%,7401600,1571000 ( 26.9% ),889,202 ( 29.4% ),23423207786,2732050,15
2017-06-04,26,0.5%,31,0.2%,4378,0.2%,22.7%,8678100,1276500 ( 17.2% ),994,105 ( 11.8% ),23431885886,2733044,15
2017-06-05,26,0.5%,36,0.2%,5112,0.2%,15.9%,5926500,-2751600 ( -31.7% ),814,-180 ( -18.1% ),23437812386,2733858,16
2017-06-06,7,0.1%,11,0.1%,991,0.0%,43.1%,3471300,-2455200 ( -41.4% ),427,-387 ( -47.5% ),23441283686,2734285,21
2017-06-07,7,0.2%,14,0.1%,1513,0.1%,10.2%,1160500,-2310800 ( -66.6% ),154,-273 ( -63.9% ),23442444186,2734439,31
2017-06-08,4,0.1%,5,0%,1512,0.1%,6.8%,763500,-397000 ( -34.2% ),103,-51 ( -33.1% ),23443207686,2734542,44
2017-06-09,3,0.1%,4,0%,705,0.0%,7.9%,437000,-326500 ( -42.8% ),56,-47 ( -45.6% ),23443644686,2734598,53
2017-06-10,3,0.1%,4,0%,638,0.0%,27.7%,1481000,1044000 ( 238.9% ),177,121 ( 216.1% ),23445125686,2734775,35
2017-06-11,4,0.1%,5,0%,1027,0.0%,16.5%,1508500,27500 ( 1.9% ),169,-8 ( -4.5% ),23446634186,2734944,33
2017-06-12,4,0.1%,4,0%,1016,0.0%,4.7%,378500,-1130000 ( -74.9% ),48,-121 ( -71.6% ),23447012686,2734992,48
2017-06-13,5,0.1%,7,0%,1001,0.0%,11.4%,868500,490000 ( 129.5% ),114,66 ( 137.5% ),23447881186,2735106,45
2017-06-14,3,0.1%,5,0%,671,0.0%,15.5%,822500,-46000 ( -5.3% ),104,-10 ( -8.8% ),23448703686,2735210,42
2017-06-15,1,0.0%,1,0%,127,0.0%,16.5%,129500,-693000 ( -84.3% ),21,-83 ( -79.8% ),23448833186,2735231,66
2017-06-16,1,0.0%,1,0%,127,0.0%,15.7%,168500,39000 ( 30.1% ),20,-1 ( -4.8% ),23449001686,2735251,66
2017-06-17,1,0.0%,1,0%,127,0.0%,33.1%,388000,219500 ( 130.3% ),42,22 ( 110.0% ),23449389686,2735293,59
2017-06-18,1,0.0%,1,0%,132,0.0%,31.8%,391000,3000 ( 0.8% ),42,0 ( 0.0% ),23449780686,2735335,61
2017-06-19,1,0.0%,1,0%,127,0.0%,18.9%,162500,-228500 ( -58.4% ),24,-18 ( -42.9% ),23449943186,2735359,61
2017-06-20,1,0.0%,1,0%,127,0.0%,23.6%,218000,55500 ( 34.2% ),30,6 ( 25.0% ),23450161186,2735389,66
2017-06-21,1,0.0%,1,0%,127,0.0%,18.1%,167000,-51000 ( -23.4% ),23,-7 ( -23.3% ),23450328186,2735412,73
2017-06-22,1,0.0%,1,0%,127,0.0%,34.6%,264000,97000 ( 58.1% ),44,21 ( 91.3% ),23450592186,2735456,66
2017-06-23,1,0.0%,1,0%,127,0.0%,18.1%,206000,-58000 ( -22.0% ),23,-21 ( -47.7% ),23450798186,2735479,70
2017-06-24,1,0.0%,1,0%,127,0.0%,32.3%,288000,82000 ( 39.8% ),41,18 ( 78.3% ),23451086186,2735520,73
2017-06-25,1,0.0%,1,0%,127,0.0%,57.5%,627000,339000 ( 117.7% ),73,32 ( 78.0% ),23451713186,2735593,62
2017-06-26,1,0.0%,1,0%,127,0.0%,30.7%,292000,-335000 ( -53.4% ),39,-34 ( -46.6% ),23452005186,2735632,56
2017-06-27,1,0.0%,1,0%,133,0.0%,66.9%,681500,389500 ( 133.4% ),89,50 ( 128.2% ),23452686686,2735721,48
2018-10-25,1,0.0%,1,0%,192,0.0%,1.0%,16000,16000 ( 100.0% ),2,2 ( 100.0% ),23452702686,2735723,117
2018-10-26,1,0.0%,1,0%,192,0.0%,8.9%,135000,119000 ( 743.8% ),17,15 ( 750.0% ),23452837686,2735740,97
2018-10-29,1,0.0%,1,0%,192,0.0%,4.2%,66000,66000 ( 100.0% ),8,8 ( 100.0% ),23452903686,2735748,85
2018-10-31,1,0.0%,1,0%,192,0.0%,9.4%,151500,151500 ( 100.0% ),18,18 ( 100.0% ),23453055186,2735766,82
2018-11-01,1,0.0%,1,0%,628,0.0%,1.8%,94000,-57500 ( -38.0% ),11,-7 ( -38.9% ),23453149186,2735777,91
2018-11-02,1,0.0%,1,0%,628,0.0%,4.5%,270500,176500 ( 187.8% ),28,17 ( 154.5% ),23453419686,2735805,71
2018-11-03,1,0.0%,1,0%,220,0.0%,29.5%,518500,248000 ( 91.7% ),65,37 ( 132.1% ),23453938186,2735870,70
2018-11-04,2,0.0%,2,0%,848,0.0%,8.6%,640500,122000 ( 23.5% ),73,8 ( 12.3% ),23454578686,2735943,61
2018-11-05,1,0.0%,1,0%,220,0.0%,7.7%,150000,-490500 ( -76.6% ),17,-56 ( -76.7% ),23454728686,2735960,71
2018-11-06,1,0.0%,1,0%,628,0.0%,8.3%,451500,301500 ( 201.0% ),52,35 ( 205.9% ),23455180186,2736012,53
2018-11-07,1,0.0%,1,0%,220,0.0%,21.8%,411000,-40500 ( -9.0% ),48,-4 ( -7.7% ),23455591186,2736060,58
