날짜,스크린수,스크린점유율,상영횟수,상영점유율,좌석수,좌석점유율,좌석판매율,매출액,매출액증감(전일대비),관객수,관객수증감(전일대비),누적매출액,누적관객수,순위
2016-10-11,1,0.0%,1,0%,298,0.0%,100.0%,2384000,2384000 ( 100.0% ),298,298 ( 100.0% ),2384000,298,21
2016-10-12,2,0.0%,3,0%,778,0.0%,79.0%,4305000,1921000 ( 80.6% ),615,317 ( 106.4% ),6689000,913,15
2016-10-13,6,0.1%,6,0%,1337,0.1%,100.0%,10436000,6131000 ( 142.4% ),1337,722 ( 117.4% ),17125000,2250,16
2016-10-14,1,0.0%,1,0%,257,0.0%,100.0%,2313000,-8123000 ( -77.8% ),257,-1080 ( -80.8% ),19438000,2507,30
2016-10-15,2,0.0%,2,0%,364,0.0%,100.0%,3503000,1190000 ( 51.4% ),364,107 ( 41.6% ),22941000,2871,28
2016-10-16,2,0.0%,2,0%,345,0.0%,100.0%,3293000,-210000 ( -6.0% ),345,-19 ( -5.2% ),26234000,3216,29
2016-10-17,8,0.2%,8,0.1%,1704,0.1%,100.0%,13632000,10339000 ( 314.0% ),1704,1359 ( 393.9% ),39866000,4920,11
2016-10-18,19,0.4%,19,0.1%,3320,0.1%,83.2%,22994000,9362000 ( 68.7% ),2761,1057 ( 62.0% ),62860000,7681,11
2016-10-19,366,7.2%,863,5.7%,120946,4.7%,2.7%,24556600,1562600 ( 6.8% ),3232,471 ( 17.1% ),87416600,10913,8
2016-10-20,437,8.8%,1687,10.8%,228719,8.8%,4.0%,66440400,41883800 ( 170.6% ),9130,5898 ( 182.5% ),153857000,20043,4
2016-10-21,446,8.6%,1656,10.2%,218789,8.1%,4.8%,82080534,15640134 ( 23.5% ),10572,1442 ( 15.8% ),235937534,30615,5
2016-10-22,460,8.2%,1270,7.3%,161993,5.6%,10.2%,130506041,48425507 ( 59.0% ),16525,5953 ( 56.3% ),366443575,47140,5
2016-10-23,462,8.3%,1163,6.9%,149278,5.4%,10.1%,120495800,-10010241 ( -7.7% ),15066,-1459 ( -8.8% ),486939375,62206,5
2016-10-24,390,8.2%,1094,7.2%,140029,5.5%,3.9%,38004700,-82491100 ( -68.5% ),5490,-9576 ( -63.6% ),524944075,67696,6
2016-10-25,402,6.6%,907,5.8%,114927,4.4%,4.1%,32824800,-5179900 ( -13.6% ),4732,-758 ( -13.8% ),557768875,72428,6
2016-10-26,146,3.2%,202,1.2%,23204,0.9%,9.1%,13579000,-19245800 ( -58.6% ),2102,-2630 ( -55.6% ),571347875,74530,8
2016-10-27,114,2.5%,170,1%,18679,0.7%,6.0%,7397500,-6181500 ( -45.5% ),1116,-986 ( -46.9% ),578745375,75646,11
2016-10-28,117,2.6%,194,1.1%,21910,0.8%,8.4%,13109400,5711900 ( 77.2% ),1835,719 ( 64.4% ),591854775,77481,9
2016-10-29,100,2.1%,159,0.9%,17652,0.6%,14.4%,19437700,6328300 ( 48.3% ),2545,710 ( 38.7% ),611292475,80026,10
2016-10-30,108,2.3%,163,0.9%,18535,0.6%,12.1%,17717600,-1720100 ( -8.8% ),2240,-305 ( -12.0% ),629010075,82266,10
2016-10-31,115,2.7%,164,1%,19495,0.7%,9.2%,9913000,-7804600 ( -44.0% ),1791,-449 ( -20.0% ),638923075,84057,8
2016-11-01,106,2.4%,148,0.9%,17430,0.7%,8.7%,10163500,250500 ( 2.5% ),1517,-274 ( -15.3% ),649086575,85574,11
2016-11-02,90,2.1%,127,0.8%,14024,0.5%,5.7%,5225300,-4938200 ( -48.6% ),802,-715 ( -47.1% ),654311875,86376,12
2016-11-03,41,0.9%,51,0.3%,5875,0.2%,13.9%,5819000,593700 ( 11.4% ),815,13 ( 1.6% ),660130875,87191,18
2016-11-04,38,0.8%,48,0.3%,5196,0.2%,7.4%,2644600,-3174400 ( -54.6% ),384,-431 ( -52.9% ),662775475,87575,25
2016-11-05,37,0.7%,44,0.2%,4286,0.1%,20.1%,6274000,3629400 ( 137.2% ),862,478 ( 124.5% ),669049475,88437,17
2016-11-06,35,0.7%,42,0.2%,4220,0.1%,12.4%,3983000,-2291000 ( -36.5% ),524,-338 ( -39.2% ),673032475,88961,19
2016-11-07,32,0.7%,33,0.2%,3923,0.2%,3.4%,825000,-3158000 ( -79.3% ),133,-391 ( -74.6% ),673857475,89094,39
2016-11-08,35,0.7%,39,0.3%,4786,0.2%,8.9%,2704500,1879500 ( 227.8% ),426,293 ( 220.3% ),676561975,89520,19
2016-11-09,31,0.7%,31,0.2%,3482,0.1%,14.6%,2593500,-111000 ( -4.1% ),507,81 ( 19.0% ),679155475,90027,21
2016-11-10,14,0.3%,14,0.1%,1639,0.1%,12.9%,1321000,-1272500 ( -49.1% ),212,-295 ( -58.2% ),680476475,90239,34
2016-11-11,9,0.2%,9,0.1%,1031,0.0%,7.5%,502500,-818500 ( -62.0% ),77,-135 ( -63.7% ),680978975,90316,61
2016-11-12,7,0.1%,8,0%,987,0.0%,10.3%,930000,427500 ( 85.1% ),102,25 ( 32.5% ),681908975,90418,51
2016-11-13,5,0.1%,6,0%,446,0.0%,16.1%,430500,-499500 ( -53.7% ),72,-30 ( -29.4% ),682339475,90490,54
2016-11-14,9,0.2%,9,0.1%,1087,0.0%,6.6%,412500,-18000 ( -4.2% ),72,0 ( 0.0% ),682751975,90562,48
2016-11-15,28,0.6%,28,0.2%,3608,0.1%,21.7%,3458000,3045500 ( 738.3% ),783,711 ( 987.5% ),686209975,91345,22
2016-11-16,11,0.2%,11,0.1%,1163,0.0%,16.1%,997000,-2461000 ( -71.2% ),187,-596 ( -76.1% ),687206975,91532,35
2016-11-17,31,0.6%,31,0.2%,3533,0.1%,31.0%,4697500,3700500 ( 371.2% ),1094,907 ( 485.0% ),691904475,92626,14
2016-11-18,9,0.2%,9,0.1%,1226,0.0%,17.6%,1131000,-3566500 ( -75.9% ),216,-878 ( -80.3% ),693035475,92842,30
2016-11-19,12,0.2%,12,0.1%,1516,0.1%,19.8%,1448600,317600 ( 28.1% ),300,84 ( 38.9% ),694484075,93142,26
2016-11-20,5,0.1%,5,0%,663,0.0%,20.8%,764000,-684600 ( -47.3% ),138,-162 ( -54.0% ),695248075,93280,37
2016-11-21,5,0.1%,5,0%,522,0.0%,1.1%,39000,-725000 ( -94.9% ),6,-132 ( -95.7% ),695287075,93286,99
2016-11-22,3,0.1%,3,0%,400,0.0%,1.8%,47000,8000 ( 20.5% ),7,1 ( 16.7% ),695334075,93293,114
2016-11-23,4,0.1%,5,0%,574,0.0%,4.4%,122000,75000 ( 159.6% ),25,18 ( 257.1% ),695456075,93318,76
2016-11-24,2,0.0%,2,0%,125,0.0%,44.8%,337000,215000 ( 176.2% ),56,31 ( 124.0% ),695793075,93374,67
2016-11-25,2,0.0%,2,0%,182,0.0%,50.5%,464000,127000 ( 37.7% ),92,36 ( 64.3% ),696257075,93466,53
2016-11-27,2,0.0%,2,0%,280,0.0%,4.3%,95000,95000 ( 100.0% ),12,12 ( 100.0% ),696352075,93478,100
2016-11-29,1,0.0%,1,0%,178,0.0%,95.5%,1020000,1020000 ( 100.0% ),170,170 ( 100.0% ),697372075,93648,41
2016-11-30,2,0.0%,2,0%,125,0.0%,3.2%,21000,-999000 ( -97.9% ),4,-166 ( -97.6% ),697393075,93652,116
2016-12-01,1,0.0%,1,0%,70,0.0%,1.4%,7000,-14000 ( -66.7% ),1,-3 ( -75.0% ),697400075,93653,133
2016-12-02,1,0.0%,1,0%,70,0.0%,1.4%,7000,0 ( 0.0% ),1,0 ( 0.0% ),697407075,93654,151
2016-12-05,1,0.0%,1,0%,218,0.0%,73.4%,1120000,1120000 ( 100.0% ),160,160 ( 100.0% ),698527075,93814,39
2016-12-08,2,0.0%,2,0%,439,0.0%,70.2%,2156000,2156000 ( 100.0% ),308,308 ( 100.0% ),700683075,94122,22
2016-12-09,1,0.0%,1,0%,218,0.0%,37.6%,574000,-1582000 ( -73.4% ),82,-226 ( -73.4% ),701257075,94204,46
2016-12-11,1,0.0%,1,0%,326,0.0%,100.0%,3260000,3260000 ( 100.0% ),326,326 ( 100.0% ),704517075,94530,25
2016-12-13,3,0.1%,3,0%,671,0.0%,82.9%,3674000,3674000 ( 100.0% ),556,556 ( 100.0% ),708191075,95086,13
2016-12-15,1,0.0%,1,0%,94,0.0%,100.0%,658000,658000 ( 100.0% ),94,94 ( 100.0% ),708849075,95180,50
2016-12-16,1,0.0%,1,0%,226,0.0%,92.5%,1254000,596000 ( 90.6% ),209,115 ( 122.3% ),710103075,95389,31
2016-12-18,1,0.0%,1,0%,77,0.0%,5.2%,36000,36000 ( 100.0% ),4,4 ( 100.0% ),710139075,95393,85
2016-12-23,1,0.0%,1,0%,77,0.0%,44.2%,306000,306000 ( 100.0% ),34,34 ( 100.0% ),710445075,95427,54
2016-12-26,1,0.0%,1,0%,127,0.0%,90.6%,460000,460000 ( 100.0% ),115,115 ( 100.0% ),710905075,95542,38
2018-10-14,1,0.0%,1,0%,125,0.0%,0.0%,0,0 ( 0.0% ),0,0 ( 0.0% ),710905075,95542,86
2018-11-20,1,0.0%,1,0%,202,0.0%,0.0%,0,0 ( 0.0% ),0,0 ( 0.0% ),710905075,95542,145
