날짜,스크린수,스크린점유율,상영횟수,상영점유율,좌석수,좌석점유율,좌석판매율,매출액,매출액증감(전일대비),관객수,관객수증감(전일대비),누적매출액,누적관객수,순위
2017-01-05,2,0.0%,2,0%,564,0.0%,100.0%,4750000,4750000 ( 100.0% ),564,564 ( 100.0% ),4750000,564,21
2017-01-10,23,0.4%,29,0.2%,6235,0.2%,65.8%,36166300,36166300 ( 100.0% ),4101,4101 ( 100.0% ),40916300,4665,12
2017-01-11,9,0.2%,9,0.1%,1816,0.1%,100.0%,14528000,-21638300 ( -59.8% ),1816,-2285 ( -55.7% ),55444300,6481,17
2017-01-12,12,0.2%,14,0.1%,3203,0.1%,100.0%,26748000,12220000 ( 84.1% ),3203,1387 ( 76.4% ),82192300,9684,13
2017-01-14,8,0.1%,8,0%,1772,0.1%,100.0%,15918000,15918000 ( 100.0% ),1772,1772 ( 100.0% ),98110300,11456,18
2017-01-15,6,0.1%,6,0%,2036,0.1%,100.0%,19690000,3772000 ( 23.7% ),2036,264 ( 14.9% ),117800300,13492,16
2017-01-17,24,0.4%,24,0.1%,3540,0.1%,31.5%,8701000,8701000 ( 100.0% ),1114,1114 ( 100.0% ),126501300,14606,21
2017-01-18,900,16.4%,4126,24.2%,704909,25.3%,21.5%,1145130100,1136429100 ( 13060.9% ),151845,150731 ( 13530.6% ),1271631400,166451,2
2017-01-19,918,16.2%,4157,24.3%,704107,25.2%,20.1%,1063411600,-81718500 ( -7.1% ),141569,-10276 ( -6.8% ),2335043000,308020,2
2017-01-20,938,16.7%,4217,24.3%,708332,25.1%,22.6%,1350950693,287539093 ( 27.0% ),160116,18547 ( 13.1% ),3685993693,468136,2
2017-01-21,976,16.5%,4221,23.5%,691500,23.6%,48.2%,2810573092,1459622399 ( 108.0% ),333625,173509 ( 108.4% ),6496566785,801761,2
2017-01-22,972,16.7%,4120,23.5%,673909,23.6%,52.3%,2967913800,157340708 ( 5.6% ),352228,18603 ( 5.6% ),9464480585,1153989,2
2017-01-23,928,17.3%,4117,24.7%,682245,25.1%,20.3%,1051594800,-1916319000 ( -64.6% ),138338,-213890 ( -60.7% ),10516075385,1292327,2
2017-01-24,955,17.4%,4177,24.8%,693835,25.3%,19.6%,1022534750,-29060050 ( -2.8% ),135694,-2644 ( -1.9% ),11538610135,1428021,2
2017-01-25,987,16.4%,4227,24.5%,758179,27.0%,25.5%,1172426200,149891450 ( 14.7% ),193551,57857 ( 42.6% ),12711036335,1621572,2
2017-01-26,991,16.4%,4491,25.1%,814192,28.1%,29.3%,1830307900,657881700 ( 56.1% ),238425,44874 ( 23.2% ),14541344235,1859997,1
2017-01-27,1177,18.2%,5360,29%,985813,32.9%,47.9%,4057287634,2226979734 ( 121.7% ),472221,233796 ( 98.1% ),18598631869,2332218,1
2017-01-28,1279,20.2%,5806,31.8%,1062909,35.8%,62.5%,5774705700,1717418066 ( 42.3% ),664830,192609 ( 40.8% ),24373337569,2997048,1
2017-01-29,1383,21.0%,6249,33.4%,1143640,37.7%,69.8%,6821569400,1046863700 ( 18.1% ),797994,133164 ( 20.0% ),31194906969,3795042,1
2017-01-30,1392,21.5%,6123,33.8%,1130619,38.4%,67.3%,6399470500,-422098900 ( -6.2% ),761071,-36923 ( -4.6% ),37594377469,4556113,1
2017-01-31,1094,18.6%,5160,29.8%,993625,35.4%,30.6%,2269168100,-4130302400 ( -64.5% ),304003,-457068 ( -60.1% ),39863545569,4860116,1
2017-02-01,1075,20.0%,5290,31.6%,1047557,38.3%,18.1%,1416506700,-852661400 ( -37.6% ),189579,-114424 ( -37.6% ),41280052269,5049695,1
2017-02-02,998,18.5%,5011,29.9%,1005587,36.6%,17.3%,1306151800,-110354900 ( -7.8% ),174342,-15237 ( -8.0% ),42586204069,5224037,1
2017-02-03,1022,18.7%,5198,30.4%,1043279,37.3%,19.4%,1698784568,392632768 ( 30.1% ),202908,28566 ( 16.4% ),44284988637,5426945,1
2017-02-04,1099,18.4%,5616,31.4%,1129676,38.8%,39.2%,3758373250,2059588682 ( 121.2% ),442556,239648 ( 118.1% ),48043361887,5869501,1
2017-02-05,1094,18.4%,5456,31.3%,1098515,38.6%,36.7%,3407131600,-351241650 ( -9.3% ),402889,-39667 ( -9.0% ),51450493487,6272390,1
2017-02-06,1018,19.8%,5048,31.5%,1012293,38.4%,12.3%,934708000,-2472423600 ( -72.6% ),124410,-278479 ( -69.1% ),52385201487,6396800,1
2017-02-07,1022,19.2%,5007,31%,1002384,37.8%,11.8%,878530200,-56177800 ( -6.0% ),118066,-6344 ( -5.1% ),53263731687,6514866,1
2017-02-08,942,18.6%,4564,27.4%,899247,32.9%,12.6%,847015900,-31514300 ( -3.6% ),113012,-5054 ( -4.3% ),54110747587,6627878,1
2017-02-09,742,12.4%,3271,19.3%,628040,22.6%,14.4%,681229400,-165786500 ( -19.6% ),90606,-22406 ( -19.8% ),54791976987,6718484,2
2017-02-10,748,12.3%,3345,19.3%,641091,22.6%,16.3%,880984312,199754912 ( 29.3% ),104469,13863 ( 15.3% ),55672961299,6822953,2
2017-02-11,803,12.1%,3552,19.6%,669552,22.6%,33.7%,1929374549,1048390237 ( 119.0% ),225583,121114 ( 115.9% ),57602335848,7048536,2
2017-02-12,811,12.2%,3468,19.5%,652187,22.5%,32.7%,1817148100,-112226449 ( -5.8% ),213339,-12244 ( -5.4% ),59419483948,7261875,2
2017-02-13,729,12.2%,3198,19.2%,583415,21.4%,11.2%,490600900,-1326547200 ( -73.0% ),65398,-147941 ( -69.3% ),59910084848,7327273,2
2017-02-14,753,12.1%,3220,19.1%,581502,21.0%,12.0%,517482300,26881400 ( 5.5% ),69610,4212 ( 6.4% ),60427567148,7396883,2
2017-02-15,511,9.2%,1657,9.9%,243311,8.8%,16.8%,303371300,-214111000 ( -41.4% ),40953,-28657 ( -41.2% ),60730938448,7437836,4
2017-02-16,557,9.2%,1549,9.1%,226003,8.0%,15.9%,264392400,-38978900 ( -12.8% ),36022,-4931 ( -12.0% ),60995330848,7473858,4
2017-02-17,536,8.8%,1606,9.2%,231557,8.0%,17.9%,347836051,83443651 ( 31.6% ),41352,5330 ( 14.8% ),61343166899,7515210,4
2017-02-18,539,8.4%,1614,8.9%,230125,7.7%,35.2%,687210327,339374276 ( 97.6% ),80982,39630 ( 95.8% ),62030377226,7596192,4
2017-02-19,521,8.2%,1533,8.6%,216678,7.4%,32.9%,604653800,-82556527 ( -12.0% ),71218,-9764 ( -12.1% ),62635031026,7667410,5
2017-02-20,513,8.8%,1490,8.9%,208575,7.5%,12.6%,198335500,-406318300 ( -67.2% ),26372,-44846 ( -63.0% ),62833366526,7693782,4
2017-02-21,510,8.5%,1480,8.8%,207205,7.5%,12.2%,187502300,-10833200 ( -5.5% ),25227,-1145 ( -4.3% ),63020868826,7719009,5
2017-02-22,339,5.5%,629,3.6%,81532,2.8%,19.3%,97681700,-89820600 ( -47.9% ),15745,-9482 ( -37.6% ),63118550526,7734754,10
2017-02-23,340,5.5%,600,3.4%,76483,2.7%,14.2%,79016400,-18665300 ( -19.1% ),10867,-4878 ( -31.0% ),63197566926,7745621,10
2017-02-24,326,5.1%,566,3.2%,72825,2.5%,14.5%,86666700,7650300 ( 9.7% ),10561,-306 ( -2.8% ),63284233626,7756182,9
2017-02-25,335,4.9%,553,3%,70785,2.3%,29.2%,174445500,87778800 ( 101.3% ),20672,10111 ( 95.7% ),63458679126,7776854,8
2017-02-26,336,4.9%,545,3%,70891,2.4%,27.5%,163037900,-11407600 ( -6.5% ),19474,-1198 ( -5.8% ),63621717026,7796328,8
2017-02-27,318,5.2%,555,3.2%,71015,2.5%,12.0%,62895800,-100142100 ( -61.4% ),8492,-10982 ( -56.4% ),63684612826,7804820,8
2017-02-28,234,3.3%,382,2.2%,50744,1.8%,13.4%,49210700,-13685100 ( -21.8% ),6775,-1717 ( -20.2% ),63733823526,7811595,12
2017-03-01,36,0.6%,48,0.3%,5665,0.2%,40.0%,18950300,-30260400 ( -61.5% ),2267,-4508 ( -66.5% ),63752773826,7813862,19
2017-03-02,33,0.6%,41,0.3%,5174,0.2%,6.4%,2519500,-16430800 ( -86.7% ),330,-1937 ( -85.4% ),63755293326,7814192,28
2017-03-03,34,0.6%,43,0.3%,5746,0.2%,7.2%,3434600,915100 ( 36.3% ),413,83 ( 25.2% ),63758727926,7814605,25
2017-03-04,31,0.5%,46,0.3%,5081,0.2%,21.1%,9308700,5874100 ( 171.0% ),1073,660 ( 159.8% ),63768036626,7815678,21
2017-03-05,32,0.5%,44,0.3%,4874,0.2%,17.3%,7190700,-2118000 ( -22.8% ),843,-230 ( -21.4% ),63775227326,7816521,22
2017-03-06,32,0.6%,40,0.3%,4819,0.2%,6.0%,2082500,-5108200 ( -71.0% ),290,-553 ( -65.6% ),63777309826,7816811,26
2017-03-07,31,0.6%,39,0.3%,4460,0.2%,6.2%,1907000,-175500 ( -8.4% ),277,-13 ( -4.5% ),63779216826,7817088,28
2017-03-08,7,0.1%,10,0.1%,863,0.0%,5.3%,316000,-1591000 ( -83.4% ),46,-231 ( -83.4% ),63779532826,7817134,57
2017-03-09,5,0.1%,6,0%,611,0.0%,27.0%,1286500,970500 ( 307.1% ),165,119 ( 258.7% ),63780819326,7817299,39
2017-03-10,3,0.1%,3,0%,228,0.0%,5.7%,83000,-1203500 ( -93.5% ),13,-152 ( -92.1% ),63780902326,7817312,71
2017-03-11,2,0.0%,2,0%,159,0.0%,8.8%,89000,6000 ( 7.2% ),14,1 ( 7.7% ),63780991326,7817326,79
2017-03-12,2,0.0%,2,0%,202,0.0%,7.9%,101000,12000 ( 13.5% ),16,2 ( 14.3% ),63781092326,7817342,75
2017-03-13,4,0.1%,4,0%,399,0.0%,5.3%,134000,33000 ( 32.7% ),21,5 ( 31.3% ),63781226326,7817363,55
2017-03-14,5,0.1%,5,0%,462,0.0%,15.8%,441000,307000 ( 229.1% ),73,52 ( 247.6% ),63781667326,7817436,55
2017-03-15,4,0.1%,4,0%,383,0.0%,2.6%,64000,-377000 ( -85.5% ),10,-63 ( -86.3% ),63781731326,7817446,79
2017-03-31,1,0.0%,1,0%,197,0.0%,0.0%,0,0 ( 0.0% ),0,0 ( 0.0% ),63781731326,7817446,112
2017-08-10,1,0.0%,1,0%,134,0.0%,100.0%,1206000,1206000 ( 100.0% ),134,134 ( 100.0% ),63782937326,7817580,38
2017-11-15,1,0.0%,1,0%,85,0.0%,0.0%,0,0 ( 0.0% ),0,0 ( 0.0% ),63782937326,7817580,126
2017-11-19,1,0.0%,1,0%,85,0.0%,0.0%,0,0 ( 0.0% ),0,0 ( 0.0% ),63782937326,7817580,156
2017-12-08,1,0.0%,1,0%,413,0.0%,4.1%,51000,51000 ( 100.0% ),17,17 ( 100.0% ),63782988326,7817597,100
2017-12-09,1,0.0%,1,0%,413,0.0%,5.1%,63000,12000 ( 23.5% ),21,4 ( 23.5% ),63783051326,7817618,101
2018-10-27,1,0.0%,1,0%,102,0.0%,16.7%,119000,119000 ( 100.0% ),17,17 ( 100.0% ),63783170326,7817635,104
2018-10-28,1,0.0%,1,0%,102,0.0%,18.6%,133000,14000 ( 11.8% ),19,2 ( 11.8% ),63783303326,7817654,87
