날짜,스크린수,스크린점유율,상영횟수,상영점유율,좌석수,좌석점유율,좌석판매율,매출액,매출액증감(전일대비),관객수,관객수증감(전일대비),누적매출액,누적관객수,순위
2017-07-10,1,0.0%,1,0%,414,0.0%,100.0%,2890000,2890000 ( 100.0% ),414,414 ( 100.0% ),2890000,414,18
2017-07-17,1,0.0%,2,0%,608,0.0%,87.5%,4248000,4248000 ( 100.0% ),532,532 ( 100.0% ),7138000,946,18
2017-07-19,9,0.2%,10,0.1%,3097,0.1%,92.4%,22896000,22896000 ( 100.0% ),2862,2862 ( 100.0% ),30034000,3808,15
2017-07-20,19,0.3%,21,0.1%,3942,0.1%,99.8%,24369000,1473000 ( 6.4% ),3934,1072 ( 37.5% ),54403000,7742,14
2017-07-21,3,0.1%,3,0%,554,0.0%,100.0%,5493000,-18876000 ( -77.5% ),554,-3380 ( -85.9% ),59896000,8296,21
2017-07-24,26,0.5%,26,0.1%,6154,0.2%,87.9%,56120800,56120800 ( 100.0% ),5412,5412 ( 100.0% ),116016800,13708,12
2017-07-25,34,0.6%,35,0.2%,8028,0.3%,98.7%,69290000,13169200 ( 23.5% ),7921,2509 ( 46.4% ),185306800,21629,8
2017-07-26,2027,37.0%,10182,55.2%,1838526,61.7%,52.9%,6109565800,6040275800 ( 8717.4% ),972161,964240 ( 12173.2% ),6294872600,993790,1
2017-07-27,1962,36.8%,10219,55.1%,1846388,61.6%,30.3%,4121166500,-1988399300 ( -32.5% ),559467,-412694 ( -42.5% ),10416039100,1553257,1
2017-07-28,1989,37.5%,10514,55.8%,1902787,62.5%,30.6%,4811934126,690767626 ( 16.8% ),582364,22897 ( 4.1% ),15227973226,2135621,1
2017-07-29,2020,36.8%,10815,55.8%,1944048,62.1%,52.3%,8437357914,3625423788 ( 75.3% ),1016790,434426 ( 74.6% ),23665331140,3152411,1
2017-07-30,1986,36.2%,10361,54.2%,1869318,60.8%,49.1%,7612135400,-825222514 ( -9.8% ),917669,-99121 ( -9.7% ),31277466540,4070080,1
2017-07-31,1841,34.7%,9730,52%,1765102,58.3%,26.5%,3478438000,-4133697400 ( -54.3% ),468140,-449529 ( -49.0% ),34755904540,4538220,1
2017-08-01,1848,33.6%,9518,50.5%,1726636,56.7%,23.3%,2967903300,-510534700 ( -14.7% ),402094,-66046 ( -14.1% ),37723807840,4940314,1
2017-08-02,1109,21.1%,4924,26.7%,783811,26.3%,31.7%,1826982300,-1140921000 ( -38.4% ),248200,-153894 ( -38.3% ),39550790140,5188514,2
2017-08-03,1075,19.4%,4628,25%,734379,24.6%,27.1%,1462878500,-364103800 ( -19.9% ),199203,-48997 ( -19.7% ),41013668640,5387717,2
2017-08-04,1018,18.4%,4273,22.9%,672121,22.3%,27.9%,1539234185,76355685 ( 5.2% ),187684,-11519 ( -5.8% ),42552902825,5575401,2
2017-08-05,957,16.9%,3704,19.6%,569759,18.7%,47.5%,2245544801,706310616 ( 45.9% ),270522,82838 ( 44.1% ),44798447626,5845923,2
2017-08-06,922,16.4%,3432,18.5%,521852,17.4%,45.0%,1945448300,-300096501 ( -13.4% ),234726,-35796 ( -13.2% ),46743895926,6080649,2
2017-08-07,876,16.8%,3405,19%,499273,17.2%,19.8%,721420900,-1224027400 ( -62.9% ),98728,-135998 ( -57.9% ),47465316826,6179377,2
2017-08-08,857,16.3%,3355,18.7%,491079,16.9%,17.2%,609107300,-112313600 ( -15.6% ),84579,-14149 ( -14.3% ),48074424126,6263956,2
2017-08-09,632,11.3%,1662,9%,205648,6.8%,23.3%,345296000,-263811300 ( -43.3% ),47910,-36669 ( -43.4% ),48419720126,6311866,3
2017-08-10,569,10.0%,1311,7%,163682,5.4%,23.5%,276528400,-68767600 ( -19.9% ),38474,-9436 ( -19.7% ),48696248526,6350340,5
2017-08-11,538,9.3%,1218,6.4%,150620,4.9%,21.9%,263021017,-13507383 ( -4.9% ),33018,-5456 ( -14.2% ),48959269543,6383358,5
2017-08-12,501,8.2%,961,4.9%,118065,3.7%,37.1%,359288425,96267408 ( 36.6% ),43746,10728 ( 32.5% ),49318557968,6427104,5
2017-08-13,488,8.1%,904,4.7%,110985,3.6%,35.0%,315933900,-43354525 ( -12.1% ),38889,-4857 ( -11.1% ),49634491868,6465993,5
2017-08-14,471,8.2%,900,4.7%,109830,3.5%,28.7%,226473400,-89460500 ( -28.3% ),31555,-7334 ( -18.9% ),49860965268,6497548,5
2017-08-15,255,4.5%,341,1.8%,40839,1.3%,45.9%,147073500,-79399900 ( -35.1% ),18748,-12807 ( -40.6% ),50008038768,6516296,9
2017-08-16,258,4.8%,368,2%,44242,1.5%,23.3%,71443800,-75629700 ( -51.4% ),10301,-8447 ( -45.1% ),50079482568,6526597,7
2017-08-17,192,3.4%,233,1.3%,29455,1.0%,26.1%,51971300,-19472500 ( -27.3% ),7677,-2624 ( -25.5% ),50131453868,6534274,9
2017-08-18,187,3.3%,225,1.2%,28404,0.9%,21.6%,46838800,-5132500 ( -9.9% ),6143,-1534 ( -20.0% ),50178292668,6540417,9
2017-08-19,154,2.6%,190,1%,23452,0.8%,29.2%,55246300,8407500 ( 17.9% ),6849,706 ( 11.5% ),50233538968,6547266,11
2017-08-20,148,2.5%,186,1%,22017,0.7%,32.5%,58167500,2921200 ( 5.3% ),7154,305 ( 4.5% ),50291706468,6554420,11
2017-08-21,174,3.3%,244,1.4%,30251,1.1%,18.4%,37418600,-20748900 ( -35.7% ),5576,-1578 ( -22.1% ),50329125068,6559996,9
2017-08-22,190,3.4%,248,1.4%,30767,1.1%,19.9%,38597900,1179300 ( 3.2% ),6131,555 ( 10.0% ),50367722968,6566127,9
2017-08-23,54,0.9%,66,0.4%,7827,0.3%,26.2%,13389500,-25208400 ( -65.3% ),2050,-4081 ( -66.6% ),50381112468,6568177,16
2017-08-24,71,1.1%,77,0.4%,9531,0.3%,39.2%,18899500,5510000 ( 41.2% ),3739,1689 ( 82.4% ),50400011968,6571916,11
2017-08-25,45,0.7%,52,0.3%,6163,0.2%,31.2%,11876900,-7022600 ( -37.2% ),1922,-1817 ( -48.6% ),50411888868,6573838,16
2017-08-26,30,0.4%,39,0.2%,4991,0.2%,30.0%,10385200,-1491700 ( -12.6% ),1499,-423 ( -22.0% ),50422274068,6575337,22
2017-08-27,22,0.3%,31,0.2%,4067,0.1%,24.0%,8091700,-2293500 ( -22.1% ),975,-524 ( -35.0% ),50430365768,6576312,23
2017-08-28,32,0.5%,44,0.3%,5238,0.2%,14.9%,5479700,-2612000 ( -32.3% ),781,-194 ( -19.9% ),50435845468,6577093,19
2017-08-29,32,0.5%,41,0.2%,5118,0.2%,13.2%,4853800,-625900 ( -11.4% ),675,-106 ( -13.6% ),50440699268,6577768,19
2017-08-30,10,0.2%,11,0.1%,1622,0.1%,28.3%,2522400,-2331400 ( -48.0% ),459,-216 ( -32.0% ),50443221668,6578227,28
2017-08-31,9,0.2%,9,0.1%,1034,0.0%,48.2%,2584500,62100 ( 2.5% ),498,39 ( 8.5% ),50445806168,6578725,26
2017-09-01,7,0.1%,7,0%,1002,0.0%,7.4%,637000,-1947500 ( -75.4% ),74,-424 ( -85.1% ),50446443168,6578799,51
2017-09-02,6,0.1%,6,0%,854,0.0%,9.1%,595500,-41500 ( -6.5% ),78,4 ( 5.4% ),50447038668,6578877,58
2017-09-03,5,0.1%,5,0%,554,0.0%,23.6%,1157000,561500 ( 94.3% ),131,53 ( 67.9% ),50448195668,6579008,44
2017-09-04,11,0.2%,11,0.1%,1399,0.1%,45.4%,2644000,1487000 ( 128.5% ),635,504 ( 384.7% ),50450839668,6579643,16
2017-09-05,6,0.1%,6,0%,691,0.0%,4.5%,199500,-2444500 ( -92.5% ),31,-604 ( -95.1% ),50451039168,6579674,68
2017-09-06,2,0.0%,2,0%,154,0.0%,5.2%,60500,-139000 ( -69.7% ),8,-23 ( -74.2% ),50451099668,6579682,85
2017-09-07,4,0.1%,4,0%,380,0.0%,57.4%,950000,889500 ( 1470.2% ),218,210 ( 2625.0% ),50452049668,6579900,32
2017-09-08,21,0.3%,21,0.1%,3084,0.1%,13.5%,2630000,1680000 ( 176.8% ),417,199 ( 91.3% ),50454679668,6580317,26
2017-09-09,7,0.1%,7,0%,1661,0.1%,14.6%,1400500,-1229500 ( -46.7% ),243,-174 ( -41.7% ),50456080168,6580560,37
2017-09-10,6,0.1%,6,0%,1051,0.0%,9.9%,636000,-764500 ( -54.6% ),104,-139 ( -57.2% ),50456716168,6580664,50
2017-09-11,8,0.1%,8,0%,1198,0.0%,9.7%,702000,66000 ( 10.4% ),116,12 ( 11.5% ),50457418168,6580780,38
2017-09-12,6,0.1%,6,0%,914,0.0%,11.4%,624000,-78000 ( -11.1% ),104,-12 ( -10.3% ),50458042168,6580884,47
2017-09-13,8,0.1%,8,0%,1192,0.0%,10.2%,741000,117000 ( 18.8% ),121,17 ( 16.3% ),50458783168,6581005,55
2017-09-14,10,0.2%,10,0.1%,1721,0.1%,42.2%,3665000,2924000 ( 394.6% ),727,606 ( 500.8% ),50462448168,6581732,23
2017-09-15,7,0.1%,7,0%,1151,0.0%,12.6%,833000,-2832000 ( -77.3% ),145,-582 ( -80.1% ),50463281168,6581877,42
2017-09-16,5,0.1%,5,0%,866,0.0%,11.5%,600000,-233000 ( -28.0% ),100,-45 ( -31.0% ),50463881168,6581977,59
2017-09-17,7,0.1%,7,0%,1379,0.0%,32.6%,3389000,2789000 ( 464.8% ),449,349 ( 349.0% ),50467270168,6582426,32
2017-09-18,6,0.1%,6,0%,936,0.0%,10.9%,610500,-2778500 ( -82.0% ),102,-347 ( -77.3% ),50467880668,6582528,42
2017-09-19,7,0.1%,7,0%,1204,0.0%,25.5%,1441000,830500 ( 136.0% ),307,205 ( 201.0% ),50469321668,6582835,34
2017-09-20,57,1.0%,58,0.4%,10102,0.4%,74.3%,30224000,28783000 ( 1997.4% ),7502,7195 ( 2343.6% ),50499545668,6590337,6
2017-09-21,9,0.2%,9,0.1%,1351,0.1%,40.9%,2412000,-27812000 ( -92.0% ),552,-6950 ( -92.6% ),50501957668,6590889,24
2017-09-22,6,0.1%,6,0%,901,0.0%,11.5%,622500,-1789500 ( -74.2% ),104,-448 ( -81.2% ),50502580168,6590993,53
2017-09-23,5,0.1%,5,0%,866,0.0%,11.5%,600000,-22500 ( -3.6% ),100,-4 ( -3.8% ),50503180168,6591093,69
2017-09-24,5,0.1%,5,0%,866,0.0%,11.5%,600000,0 ( 0.0% ),100,0 ( 0.0% ),50503780168,6591193,59
2017-09-25,7,0.1%,7,0%,998,0.0%,10.6%,643000,43000 ( 7.2% ),106,6 ( 6.0% ),50504423168,6591299,52
2017-09-26,7,0.1%,7,0%,998,0.0%,10.5%,633000,-10000 ( -1.6% ),105,-1 ( -0.9% ),50505056168,6591404,59
2017-09-27,7,0.1%,7,0%,1003,0.0%,12.2%,732000,99000 ( 15.6% ),122,17 ( 16.2% ),50505788168,6591526,50
2017-09-28,5,0.1%,5,0%,866,0.0%,11.5%,600000,-132000 ( -18.0% ),100,-22 ( -18.0% ),50506388168,6591626,61
2017-09-29,1,0.0%,1,0%,104,0.0%,66.3%,345000,-255000 ( -42.5% ),69,-31 ( -31.0% ),50506733168,6591695,57
2017-10-01,1,0.0%,1,0%,80,0.0%,100.0%,720000,720000 ( 100.0% ),80,80 ( 100.0% ),50507453168,6591775,53
2017-10-02,1,0.0%,1,0%,80,0.0%,100.0%,720000,0 ( 0.0% ),80,0 ( 0.0% ),50508173168,6591855,49
2017-10-03,1,0.0%,1,0%,80,0.0%,100.0%,720000,0 ( 0.0% ),80,0 ( 0.0% ),50508893168,6591935,47
2017-10-04,1,0.0%,1,0%,80,0.0%,100.0%,720000,0 ( 0.0% ),80,0 ( 0.0% ),50509613168,6592015,43
2017-10-13,1,0.0%,1,0%,136,0.0%,100.0%,952000,952000 ( 100.0% ),136,136 ( 100.0% ),50510565168,6592151,27
2017-11-14,1,0.0%,1,0%,85,0.0%,0.0%,0,0 ( 0.0% ),0,0 ( 0.0% ),50510565168,6592151,119
2017-11-17,1,0.0%,1,0%,85,0.0%,0.0%,0,0 ( 0.0% ),0,0 ( 0.0% ),50510565168,6592151,171
