날짜,스크린수,스크린점유율,상영횟수,상영점유율,좌석수,좌석점유율,좌석판매율,매출액,매출액증감(전일대비),관객수,관객수증감(전일대비),누적매출액,누적관객수,순위
2016-10-03,1,0.0%,1,0%,224,0.0%,100.0%,2240000,2240000 ( 100.0% ),224,224 ( 100.0% ),2240000,224,36
2016-10-08,105,1.7%,150,0.9%,20326,0.7%,12.9%,22153600,22153600 ( 100.0% ),2625,2625 ( 100.0% ),24393600,2849,14
2016-10-09,106,1.8%,147,0.9%,19857,0.7%,14.0%,23706800,1553200 ( 7.0% ),2778,153 ( 5.8% ),48100400,5627,14
2016-10-11,1,0.0%,1,0%,136,0.0%,0.0%,0,0 ( 0.0% ),0,0 ( 0.0% ),48100400,5627,103
2016-10-13,73,1.5%,82,0.5%,11562,0.4%,12.0%,10182500,10182500 ( 100.0% ),1390,1390 ( 100.0% ),58282900,7017,14
2016-10-14,71,1.4%,77,0.5%,10585,0.4%,8.4%,7401900,-2780600 ( -27.3% ),892,-498 ( -35.8% ),65684800,7909,15
2016-10-15,155,2.7%,231,1.3%,31744,1.1%,19.0%,50719300,43317400 ( 585.2% ),6041,5149 ( 577.2% ),116404100,13950,10
2016-10-16,157,2.8%,240,1.4%,33097,1.2%,21.1%,59647600,8928300 ( 17.6% ),6984,943 ( 15.6% ),176051700,20934,11
2016-10-17,66,1.4%,73,0.5%,10600,0.4%,3.7%,2852200,-56795400 ( -95.2% ),388,-6596 ( -94.4% ),178903900,21322,19
2016-10-18,62,1.2%,64,0.4%,9473,0.4%,4.8%,3566400,714200 ( 25.0% ),457,69 ( 17.8% ),182470300,21779,17
2016-10-19,33,0.6%,35,0.2%,4707,0.2%,2.9%,1051000,-2515400 ( -70.5% ),138,-319 ( -69.8% ),183521300,21917,44
2016-10-20,33,0.7%,34,0.2%,4364,0.2%,3.6%,1084000,33000 ( 3.1% ),157,19 ( 13.8% ),184605300,22074,37
2016-10-21,36,0.7%,40,0.2%,4716,0.2%,6.5%,2686900,1602900 ( 147.9% ),306,149 ( 94.9% ),187292200,22380,31
2016-10-22,116,2.1%,172,1%,22116,0.8%,13.2%,23553300,20866400 ( 776.6% ),2916,2610 ( 852.9% ),210845500,25296,12
2016-10-23,114,2.1%,167,1%,21422,0.8%,15.2%,27277900,3724600 ( 15.8% ),3246,330 ( 11.3% ),238123400,28542,12
2016-10-24,30,0.6%,31,0.2%,4062,0.2%,2.6%,783500,-26494400 ( -97.1% ),107,-3139 ( -96.7% ),238906900,28649,49
2016-10-25,34,0.6%,35,0.2%,4472,0.2%,4.3%,1333500,550000 ( 70.2% ),193,86 ( 80.4% ),240240400,28842,38
2016-10-26,11,0.2%,11,0.1%,1015,0.0%,7.9%,488000,-845500 ( -63.4% ),80,-113 ( -58.5% ),240728400,28922,55
2016-10-27,10,0.2%,10,0.1%,1023,0.0%,3.6%,296000,-192000 ( -39.3% ),37,-43 ( -53.8% ),241024400,28959,58
2016-10-28,9,0.2%,9,0.1%,875,0.0%,8.3%,436000,140000 ( 47.3% ),73,36 ( 97.3% ),241460400,29032,50
2016-10-29,65,1.4%,74,0.4%,8462,0.3%,15.5%,10138500,9702500 ( 2225.3% ),1309,1236 ( 1693.2% ),251598900,30341,14
2016-10-30,63,1.3%,72,0.4%,8638,0.3%,15.0%,10494600,356100 ( 3.5% ),1293,-16 ( -1.2% ),262093500,31634,14
2016-10-31,9,0.2%,9,0.1%,822,0.0%,6.8%,404300,-10090300 ( -96.1% ),56,-1237 ( -95.7% ),262497800,31690,52
2016-11-01,12,0.3%,12,0.1%,1291,0.0%,3.4%,290100,-114200 ( -28.2% ),44,-12 ( -21.4% ),262787900,31734,58
2016-11-02,10,0.2%,10,0.1%,1220,0.0%,2.1%,166500,-123600 ( -42.6% ),26,-18 ( -40.9% ),262954400,31760,67
2016-11-05,3,0.1%,3,0%,217,0.0%,15.7%,169500,169500 ( 100.0% ),34,34 ( 100.0% ),263123900,31794,70
2016-11-06,3,0.1%,3,0%,217,0.0%,12.9%,147000,-22500 ( -13.3% ),28,-6 ( -17.6% ),263270900,31822,68
2016-11-08,2,0.0%,2,0%,223,0.0%,5.4%,52000,52000 ( 100.0% ),12,12 ( 100.0% ),263322900,31834,71
2016-11-12,1,0.0%,1,0%,94,0.0%,9.6%,83000,83000 ( 100.0% ),9,9 ( 100.0% ),263405900,31843,111
2017-01-10,1,0.0%,1,0%,285,0.0%,64.2%,1570300,1570300 ( 100.0% ),183,183 ( 100.0% ),264976200,32026,32
2017-01-14,1,0.0%,1,0%,285,0.0%,49.8%,1325700,1325700 ( 100.0% ),142,142 ( 100.0% ),266301900,32168,36
2017-01-17,1,0.0%,1,0%,285,0.0%,23.5%,560000,560000 ( 100.0% ),67,67 ( 100.0% ),266861900,32235,56
2017-01-24,1,0.0%,1,0%,285,0.0%,30.9%,728000,728000 ( 100.0% ),88,88 ( 100.0% ),267589900,32323,48
2017-01-31,1,0.0%,1,0%,285,0.0%,28.4%,657400,657400 ( 100.0% ),81,81 ( 100.0% ),268247300,32404,44
2017-02-07,1,0.0%,1,0%,285,0.0%,8.4%,196500,196500 ( 100.0% ),24,24 ( 100.0% ),268443800,32428,65
2017-02-23,1,0.0%,1,0%,269,0.0%,8.6%,186000,186000 ( 100.0% ),23,23 ( 100.0% ),268629800,32451,69
2017-03-14,1,0.0%,1,0%,86,0.0%,2.3%,12000,12000 ( 100.0% ),2,2 ( 100.0% ),268641800,32453,101
2017-04-01,1,0.0%,1,0%,269,0.0%,30.5%,754500,754500 ( 100.0% ),82,82 ( 100.0% ),269396300,32535,56
2017-04-13,1,0.0%,1,0%,86,0.0%,4.7%,24000,24000 ( 100.0% ),4,4 ( 100.0% ),269420300,32539,88
2017-04-22,1,0.0%,1,0%,269,0.0%,26.4%,663000,663000 ( 100.0% ),71,71 ( 100.0% ),270083300,32610,62
2017-07-29,1,0.0%,1,0%,285,0.0%,42.5%,1146000,1146000 ( 100.0% ),121,121 ( 100.0% ),271229300,32731,42
2017-08-05,1,0.0%,1,0%,150,0.0%,28.7%,301000,301000 ( 100.0% ),43,43 ( 100.0% ),271530300,32774,57
2017-08-06,1,0.0%,1,0%,150,0.0%,18.7%,196000,-105000 ( -34.9% ),28,-15 ( -34.9% ),271726300,32802,58
2017-09-12,1,0.0%,1,0%,94,0.0%,2.1%,12000,12000 ( 100.0% ),2,2 ( 100.0% ),271738300,32804,109
2017-09-13,1,0.0%,1,0%,94,0.0%,5.3%,28000,16000 ( 133.3% ),5,3 ( 150.0% ),271766300,32809,115
2017-09-15,1,0.0%,1,0%,94,0.0%,3.2%,18000,18000 ( 100.0% ),3,3 ( 100.0% ),271784300,32812,116
2017-09-16,1,0.0%,1,0%,94,0.0%,4.3%,24000,6000 ( 33.3% ),4,1 ( 33.3% ),271808300,32816,118
2017-09-18,1,0.0%,1,0%,94,0.0%,1.1%,6000,6000 ( 100.0% ),1,1 ( 100.0% ),271814300,32817,115
2017-09-22,1,0.0%,1,0%,94,0.0%,1.1%,6000,6000 ( 100.0% ),1,1 ( 100.0% ),271820300,32818,171
2017-09-23,1,0.0%,1,0%,94,0.0%,9.6%,54000,48000 ( 800.0% ),9,8 ( 800.0% ),271874300,32827,146
2017-11-08,1,0.0%,1,0%,94,0.0%,3.2%,18000,18000 ( 100.0% ),3,3 ( 100.0% ),271892300,32830,109
2017-11-10,1,0.0%,1,0%,94,0.0%,4.3%,23500,23500 ( 100.0% ),4,4 ( 100.0% ),271915800,32834,104
2017-11-11,1,0.0%,1,0%,94,0.0%,3.2%,18000,-5500 ( -23.4% ),3,-1 ( -25.0% ),271933800,32837,113
2017-11-12,1,0.0%,1,0%,94,0.0%,9.6%,54000,36000 ( 200.0% ),9,6 ( 200.0% ),271987800,32846,95
2017-11-13,1,0.0%,1,0%,94,0.0%,8.5%,46000,-8000 ( -14.8% ),8,-1 ( -11.1% ),272033800,32854,92
2017-11-15,1,0.0%,1,0%,94,0.0%,1.1%,6000,6000 ( 100.0% ),1,1 ( 100.0% ),272039800,32855,118
2017-11-16,1,0.0%,1,0%,94,0.0%,2.1%,12000,6000 ( 100.0% ),2,1 ( 100.0% ),272051800,32857,134
2017-11-18,1,0.0%,1,0%,94,0.0%,16.0%,88000,88000 ( 100.0% ),15,15 ( 100.0% ),272139800,32872,115
2017-11-21,1,0.0%,1,0%,94,0.0%,2.1%,12000,12000 ( 100.0% ),2,2 ( 100.0% ),272151800,32874,139
2017-11-23,1,0.0%,1,0%,94,0.0%,2.1%,12000,12000 ( 100.0% ),2,2 ( 100.0% ),272163800,32876,141
2017-11-24,1,0.0%,1,0%,94,0.0%,6.4%,36000,24000 ( 200.0% ),6,4 ( 200.0% ),272199800,32882,123
2017-11-28,1,0.0%,1,0%,94,0.0%,2.1%,12000,12000 ( 100.0% ),2,2 ( 100.0% ),272211800,32884,134
2017-11-29,1,0.0%,1,0%,94,0.0%,3.2%,16000,4000 ( 33.3% ),3,1 ( 50.0% ),272227800,32887,122
2017-12-01,1,0.0%,1,0%,94,0.0%,6.4%,36000,36000 ( 100.0% ),6,6 ( 100.0% ),272263800,32893,130
2017-12-06,1,0.0%,1,0%,94,0.0%,3.2%,18000,18000 ( 100.0% ),3,3 ( 100.0% ),272281800,32896,141
2017-12-08,1,0.0%,1,0%,94,0.0%,1.1%,6000,6000 ( 100.0% ),1,1 ( 100.0% ),272287800,32897,141
2018-02-08,1,0.0%,1,0%,75,0.0%,21.3%,134000,134000 ( 100.0% ),16,16 ( 100.0% ),272421800,32913,81
2018-03-23,1,0.0%,1,0%,94,0.0%,14.9%,82000,82000 ( 100.0% ),14,14 ( 100.0% ),272503800,32927,76
2018-03-26,1,0.0%,1,0%,94,0.0%,3.2%,16000,16000 ( 100.0% ),3,3 ( 100.0% ),272519800,32930,79
2018-03-27,1,0.0%,1,0%,94,0.0%,1.1%,6000,-10000 ( -62.5% ),1,-2 ( -66.7% ),272525800,32931,106
2018-03-29,1,0.0%,1,0%,94,0.0%,4.3%,24000,24000 ( 100.0% ),4,4 ( 100.0% ),272549800,32935,87
2018-03-30,1,0.0%,1,0%,94,0.0%,8.5%,50000,26000 ( 108.3% ),8,4 ( 100.0% ),272599800,32943,72
2018-04-12,1,0.0%,1,0%,94,0.0%,4.3%,30000,30000 ( 100.0% ),4,4 ( 100.0% ),272629800,32947,90
2018-04-13,1,0.0%,1,0%,94,0.0%,6.4%,43000,13000 ( 43.3% ),6,2 ( 50.0% ),272672800,32953,86
2018-04-20,1,0.0%,1,0%,94,0.0%,2.1%,12000,12000 ( 100.0% ),2,2 ( 100.0% ),272684800,32955,109
