날짜,스크린수,스크린점유율,상영횟수,상영점유율,좌석수,좌석점유율,좌석판매율,매출액,매출액증감(전일대비),관객수,관객수증감(전일대비),누적매출액,누적관객수,순위
2018-09-15,2,0.0%,2,0%,461,0.0%,100.0%,4610000,4610000 ( 100.0% ),461,461 ( 100.0% ),4610000,461,20
2018-09-17,1,0.0%,1,0%,269,0.0%,37.2%,900000,900000 ( 100.0% ),100,100 ( 100.0% ),5510000,561,45
2018-09-19,5,0.1%,5,0%,769,0.0%,71.5%,4734000,4734000 ( 100.0% ),550,550 ( 100.0% ),10244000,1111,11
2018-09-20,152,2.7%,158,0.9%,19555,0.7%,21.3%,28945600,24211600 ( 511.4% ),4161,3611 ( 656.5% ),39189600,5272,6
2018-09-21,143,2.6%,154,0.8%,18366,0.6%,3.9%,5638200,-23307400 ( -80.5% ),718,-3443 ( -82.7% ),44827800,5990,13
2018-09-22,294,4.6%,351,1.7%,41524,1.3%,14.1%,46574200,40936000 ( 726.0% ),5848,5130 ( 714.5% ),91402000,11838,9
2018-09-23,273,4.3%,312,1.5%,36698,1.2%,10.2%,30036000,-16538200 ( -35.5% ),3754,-2094 ( -35.8% ),121438000,15592,10
2018-09-24,236,3.8%,261,1.3%,30836,1.0%,9.5%,24082100,-5953900 ( -19.8% ),2928,-826 ( -22.0% ),145520100,18520,10
2018-09-25,273,4.2%,308,1.5%,36861,1.2%,14.5%,42691500,18609400 ( 77.3% ),5355,2427 ( 82.9% ),188211600,23875,9
2018-09-26,219,3.6%,251,1.3%,30147,1.0%,19.6%,45467000,2775500 ( 6.5% ),5920,565 ( 10.6% ),233678600,29795,10
2018-09-27,80,1.5%,85,0.5%,9265,0.3%,4.7%,2897900,-42569100 ( -93.6% ),437,-5483 ( -92.6% ),236576500,30232,18
2018-09-28,77,1.4%,79,0.4%,9038,0.3%,7.0%,4266500,1368600 ( 47.2% ),634,197 ( 45.1% ),240843000,30866,13
2018-09-29,145,2.5%,165,0.8%,17544,0.6%,13.5%,17852300,13585800 ( 318.4% ),2363,1729 ( 272.7% ),258695300,33229,10
2018-09-30,144,2.5%,161,0.8%,17934,0.6%,13.7%,18459800,607500 ( 3.4% ),2459,96 ( 4.1% ),277155100,35688,10
2018-10-01,46,1.0%,52,0.3%,5503,0.2%,3.1%,1140400,-17319400 ( -93.8% ),171,-2288 ( -93.0% ),278295500,35859,24
2018-10-02,44,0.9%,50,0.3%,5304,0.2%,8.9%,2479200,1338800 ( 117.4% ),471,300 ( 175.4% ),280774700,36330,20
2018-10-03,6,0.1%,7,0%,406,0.0%,28.8%,871500,-1607700 ( -64.8% ),117,-354 ( -75.2% ),281646200,36447,36
2018-10-04,4,0.1%,6,0%,312,0.0%,14.1%,291000,-580500 ( -66.6% ),44,-73 ( -62.4% ),281937200,36491,39
2018-10-05,5,0.1%,7,0%,391,0.0%,21.0%,603000,312000 ( 107.2% ),82,38 ( 86.4% ),282540200,36573,35
2018-10-06,5,0.1%,7,0%,576,0.0%,45.3%,2139000,1536000 ( 254.7% ),261,179 ( 218.3% ),284679200,36834,24
2018-10-07,9,0.2%,11,0.1%,886,0.0%,53.2%,4042500,1903500 ( 89.0% ),471,210 ( 80.5% ),288721700,37305,21
2018-10-08,3,0.1%,6,0%,230,0.0%,26.1%,401000,-3641500 ( -90.1% ),60,-411 ( -87.3% ),289122700,37365,44
2018-10-09,5,0.1%,5,0%,197,0.0%,56.3%,798000,397000 ( 99.0% ),111,51 ( 85.0% ),289920700,37476,34
2018-10-10,5,0.1%,6,0%,295,0.0%,28.8%,445000,-353000 ( -44.2% ),85,-26 ( -23.4% ),290365700,37561,37
2018-10-11,4,0.1%,7,0%,389,0.0%,20.8%,539000,94000 ( 21.1% ),81,-4 ( -4.7% ),290904700,37642,49
2018-10-12,4,0.1%,7,0%,502,0.0%,41.0%,1104500,565500 ( 104.9% ),206,125 ( 154.3% ),292009200,37848,27
2018-10-13,3,0.0%,9,0%,463,0.0%,41.7%,1293500,189000 ( 17.1% ),193,-13 ( -6.3% ),293302700,38041,29
2018-10-14,2,0.0%,8,0%,285,0.0%,21.8%,502000,-791500 ( -61.2% ),62,-131 ( -67.9% ),293804700,38103,43
2018-10-15,3,0.1%,8,0%,357,0.0%,13.7%,318000,-184000 ( -36.7% ),49,-13 ( -21.0% ),294122700,38152,51
2018-10-16,5,0.1%,11,0.1%,611,0.0%,11.6%,395000,77000 ( 24.2% ),71,22 ( 44.9% ),294517700,38223,48
2018-10-17,5,0.1%,12,0.1%,563,0.0%,20.8%,656000,261000 ( 66.1% ),117,46 ( 64.8% ),295173700,38340,40
2018-10-18,3,0.1%,7,0%,353,0.0%,36.0%,669000,13000 ( 2.0% ),127,10 ( 8.5% ),295842700,38467,40
2018-10-19,4,0.1%,6,0%,366,0.0%,16.7%,357000,-312000 ( -46.6% ),61,-66 ( -52.0% ),296199700,38528,49
2018-10-20,2,0.0%,10,0.1%,380,0.0%,23.2%,662000,305000 ( 85.4% ),88,27 ( 44.3% ),296861700,38616,42
2018-10-21,2,0.0%,10,0.1%,380,0.0%,28.7%,737000,75000 ( 11.3% ),109,21 ( 23.9% ),297598700,38725,38
2018-10-22,3,0.1%,10,0.1%,404,0.0%,7.7%,214500,-522500 ( -70.9% ),31,-78 ( -71.6% ),297813200,38756,58
2018-10-23,3,0.1%,10,0.1%,383,0.0%,11.0%,248000,33500 ( 15.6% ),42,11 ( 35.5% ),298061200,38798,57
2018-10-24,4,0.1%,9,0.1%,432,0.0%,6.7%,181000,-67000 ( -27.0% ),29,-13 ( -31.0% ),298242200,38827,68
2018-10-25,4,0.1%,12,0.1%,552,0.0%,7.2%,273500,92500 ( 51.1% ),40,11 ( 37.9% ),298515700,38867,70
2018-10-26,3,0.1%,11,0.1%,486,0.0%,10.5%,361000,87500 ( 32.0% ),51,11 ( 27.5% ),298876700,38918,68
2018-10-27,4,0.1%,13,0.1%,550,0.0%,21.6%,878150,517150 ( 143.3% ),119,68 ( 133.3% ),299754850,39037,45
2018-10-28,4,0.1%,14,0.1%,590,0.0%,18.8%,820500,-57650 ( -6.6% ),111,-8 ( -6.7% ),300575350,39148,49
2018-10-29,3,0.1%,9,0.1%,343,0.0%,8.5%,215000,-605500 ( -73.8% ),29,-82 ( -73.9% ),300790350,39177,59
2018-10-30,5,0.1%,13,0.1%,623,0.0%,11.1%,401500,186500 ( 86.7% ),69,40 ( 137.9% ),301191850,39246,60
2018-10-31,3,0.1%,9,0%,361,0.0%,12.2%,264000,-137500 ( -34.2% ),44,-25 ( -36.2% ),301455850,39290,67
2018-11-01,3,0.1%,7,0%,273,0.0%,23.8%,351000,87000 ( 33.0% ),65,21 ( 47.7% ),301806850,39355,63
2018-11-02,2,0.0%,6,0%,225,0.0%,7.6%,121000,-230000 ( -65.5% ),17,-48 ( -73.8% ),301927850,39372,81
2018-11-03,3,0.0%,12,0.1%,489,0.0%,23.3%,844650,723650 ( 598.1% ),114,97 ( 570.6% ),302772500,39486,49
2018-11-04,3,0.0%,12,0.1%,481,0.0%,23.1%,812000,-32650 ( -3.9% ),111,-3 ( -2.6% ),303584500,39597,42
2018-11-05,4,0.1%,8,0%,362,0.0%,17.7%,366000,-446000 ( -54.9% ),64,-47 ( -42.3% ),303950500,39661,41
2018-11-06,3,0.1%,9,0.1%,374,0.0%,7.2%,180500,-185500 ( -50.7% ),27,-37 ( -57.8% ),304131000,39688,70
2018-11-07,4,0.1%,10,0.1%,385,0.0%,20.0%,466000,285500 ( 158.2% ),77,50 ( 185.2% ),304597000,39765,50
2018-11-08,4,0.1%,6,0%,270,0.0%,12.6%,187000,-279000 ( -59.9% ),34,-43 ( -55.8% ),304784000,39799,74
2018-11-09,3,0.1%,9,0.1%,344,0.0%,30.2%,669000,482000 ( 257.8% ),104,70 ( 205.9% ),305453000,39903,51
2018-11-10,3,0.0%,11,0.1%,403,0.0%,28.3%,829500,160500 ( 24.0% ),114,10 ( 9.6% ),306282500,40017,50
2018-11-11,3,0.0%,10,0.1%,371,0.0%,23.7%,647000,-182500 ( -22.0% ),88,-26 ( -22.8% ),306929500,40105,52
2018-11-12,3,0.1%,4,0%,228,0.0%,17.1%,243000,-404000 ( -62.4% ),39,-49 ( -55.7% ),307172500,40144,58
2018-11-13,4,0.1%,6,0%,354,0.0%,5.1%,118500,-124500 ( -51.2% ),18,-21 ( -53.8% ),307291000,40162,81
2018-11-14,5,0.1%,6,0%,284,0.0%,29.6%,437000,318500 ( 268.8% ),84,66 ( 366.7% ),307728000,40246,50
2018-11-15,4,0.1%,5,0%,281,0.0%,13.9%,213000,-224000 ( -51.3% ),39,-45 ( -53.6% ),307941000,40285,71
2018-11-16,3,0.1%,5,0%,270,0.0%,6.7%,135000,-78000 ( -36.6% ),18,-21 ( -53.8% ),308076000,40303,82
2018-11-17,3,0.0%,8,0%,406,0.0%,28.1%,786000,651000 ( 482.2% ),114,96 ( 533.3% ),308862000,40417,47
2018-11-18,3,0.0%,8,0%,406,0.0%,22.7%,694300,-91700 ( -11.7% ),92,-22 ( -19.3% ),309556300,40509,45
2018-11-19,3,0.1%,5,0%,270,0.0%,4.4%,84000,-610300 ( -87.9% ),12,-80 ( -87.0% ),309640300,40521,85
2018-11-20,3,0.1%,5,0%,284,0.0%,6.0%,107000,23000 ( 27.4% ),17,5 ( 41.7% ),309747300,40538,91
2018-11-21,3,0.1%,5,0%,270,0.0%,20.4%,298000,191000 ( 178.5% ),55,38 ( 223.5% ),310045300,40593,63
2018-11-22,3,0.1%,4,0%,288,0.0%,57.6%,872000,574000 ( 192.6% ),166,111 ( 201.8% ),310917300,40759,40
2018-11-23,3,0.1%,5,0%,246,0.0%,19.9%,262000,-610000 ( -70.0% ),49,-117 ( -70.5% ),311179300,40808,61
2018-11-24,2,0.0%,4,0%,214,0.0%,25.7%,341000,79000 ( 30.2% ),55,6 ( 12.2% ),311520300,40863,70
2018-11-25,2,0.0%,3,0%,174,0.0%,16.7%,172000,-169000 ( -49.6% ),29,-26 ( -47.3% ),311692300,40892,76
2018-11-26,2,0.0%,3,0%,174,0.0%,4.6%,44000,-128000 ( -74.4% ),8,-21 ( -72.4% ),311736300,40900,90
2018-11-27,1,0.0%,2,0%,80,0.0%,11.3%,47650,3650 ( 8.3% ),9,1 ( 12.5% ),311783950,40909,108
2018-11-28,1,0.0%,1,0%,40,0.0%,15.0%,30000,-17650 ( -37.0% ),6,-3 ( -33.3% ),311813950,40915,114
2018-11-29,2,0.0%,2,0%,134,0.0%,5.2%,39000,9000 ( 30.0% ),7,1 ( 16.7% ),311852950,40922,120
2018-11-30,1,0.0%,1,0%,40,0.0%,7.5%,21500,-17500 ( -44.9% ),3,-4 ( -57.1% ),311874450,40925,145
2018-12-01,2,0.0%,3,0%,158,0.0%,22.8%,247000,225500 ( 1048.8% ),36,33 ( 1100.0% ),312121450,40961,97
2018-12-02,2,0.0%,3,0%,158,0.0%,27.8%,296000,49000 ( 19.8% ),44,8 ( 22.2% ),312417450,41005,68
2018-12-03,1,0.0%,1,0%,40,0.0%,5.0%,10000,-286000 ( -96.6% ),2,-42 ( -95.5% ),312427450,41007,109
2018-12-04,1,0.0%,1,0%,40,0.0%,12.5%,31000,21000 ( 210.0% ),5,3 ( 150.0% ),312458450,41012,111
2018-12-05,1,0.0%,1,0%,94,0.0%,3.2%,18000,-13000 ( -41.9% ),3,-2 ( -40.0% ),312476450,41015,125
2018-12-17,1,0.0%,1,0%,94,0.0%,41.5%,234000,234000 ( 100.0% ),39,39 ( 100.0% ),312710450,41054,64
