날짜,스크린수,스크린점유율,상영횟수,상영점유율,좌석수,좌석점유율,좌석판매율,매출액,매출액증감(전일대비),관객수,관객수증감(전일대비),누적매출액,누적관객수,순위
2017-12-07,4,0.1%,4,0%,713,0.0%,94.5%,5392000,5392000 ( 100.0% ),674,674 ( 100.0% ),5392000,674,22
2017-12-08,2,0.0%,2,0%,385,0.0%,24.9%,736000,-4656000 ( -86.4% ),96,-578 ( -85.8% ),6128000,770,61
2017-12-09,1,0.0%,1,0%,285,0.0%,28.1%,640000,-96000 ( -13.0% ),80,-16 ( -16.7% ),6768000,850,69
2017-12-11,2,0.0%,2,0%,268,0.0%,59.7%,1280000,1280000 ( 100.0% ),160,160 ( 100.0% ),8048000,1010,42
2017-12-12,1,0.0%,1,0%,102,0.0%,78.4%,640000,-640000 ( -50.0% ),80,-80 ( -50.0% ),8688000,1090,69
2017-12-14,147,2.4%,200,1.2%,27277,1.1%,12.4%,23251900,23251900 ( 100.0% ),3383,3383 ( 100.0% ),31939900,4473,10
2017-12-15,146,2.4%,193,1.2%,26365,1.0%,9.2%,19029500,-4222400 ( -18.2% ),2414,-969 ( -28.6% ),50969400,6887,12
2017-12-16,207,3.3%,386,2.2%,53044,1.9%,31.3%,129038000,110008500 ( 578.1% ),16595,14181 ( 587.4% ),180007400,23482,7
2017-12-17,206,3.3%,398,2.3%,54354,2.0%,30.7%,131511500,2473500 ( 1.9% ),16660,65 ( 0.4% ),311518900,40142,7
2017-12-18,120,2.1%,158,1%,21971,0.9%,4.3%,6742500,-124769000 ( -94.9% ),944,-15716 ( -94.3% ),318261400,41086,15
2017-12-19,123,2.1%,164,1.1%,22216,0.9%,5.8%,8931000,2188500 ( 32.5% ),1290,346 ( 36.7% ),327192400,42376,15
2017-12-20,55,1.1%,60,0.4%,7416,0.3%,6.9%,3551000,-5380000 ( -60.2% ),514,-776 ( -60.2% ),330743400,42890,16
2017-12-21,22,0.4%,22,0.1%,2968,0.1%,5.3%,1103500,-2447500 ( -68.9% ),157,-357 ( -69.5% ),331846900,43047,44
2017-12-22,18,0.3%,18,0.1%,2114,0.1%,6.9%,1220500,117000 ( 10.6% ),145,-12 ( -7.6% ),333067400,43192,40
2017-12-23,38,0.6%,43,0.2%,5519,0.2%,37.2%,16377900,15157400 ( 1241.9% ),2054,1909 ( 1316.6% ),349445300,45246,14
2017-12-24,37,0.6%,43,0.2%,5519,0.2%,45.0%,19697500,3319600 ( 20.3% ),2484,430 ( 20.9% ),369142800,47730,13
2017-12-25,40,0.6%,50,0.3%,6539,0.2%,52.0%,26404000,6706500 ( 34.0% ),3403,919 ( 37.0% ),395546800,51133,13
2017-12-26,22,0.4%,22,0.1%,2932,0.1%,23.5%,4863100,-21540900 ( -81.6% ),688,-2715 ( -79.8% ),400409900,51821,19
2017-12-27,4,0.1%,4,0%,513,0.0%,55.6%,1962500,-2900600 ( -59.6% ),285,-403 ( -58.6% ),402372400,52106,23
2017-12-28,8,0.1%,10,0.1%,1316,0.0%,40.0%,3637000,1674500 ( 85.3% ),526,241 ( 84.6% ),406009400,52632,21
2017-12-29,9,0.2%,11,0.1%,1240,0.0%,23.6%,2253500,-1383500 ( -38.0% ),293,-233 ( -44.3% ),408262900,52925,27
2017-12-30,19,0.3%,22,0.1%,2746,0.1%,40.1%,8710300,6456800 ( 286.5% ),1100,807 ( 275.4% ),416973200,54025,19
2017-12-31,19,0.3%,21,0.1%,2523,0.1%,38.2%,7692500,-1017800 ( -11.7% ),963,-137 ( -12.5% ),424665700,54988,18
2018-01-01,19,0.3%,21,0.1%,2407,0.1%,43.2%,8096500,404000 ( 5.3% ),1039,76 ( 7.9% ),432762200,56027,15
2018-01-02,15,0.3%,15,0.1%,1635,0.1%,31.9%,3597000,-4499500 ( -55.6% ),521,-518 ( -49.9% ),436359200,56548,17
2018-01-03,10,0.2%,10,0.1%,1029,0.0%,27.9%,2009500,-1587500 ( -44.1% ),287,-234 ( -44.9% ),438368700,56835,24
2018-01-04,20,0.4%,21,0.1%,2577,0.1%,24.6%,4392500,2383000 ( 118.6% ),635,348 ( 121.3% ),442761200,57470,18
2018-01-05,12,0.2%,12,0.1%,1394,0.0%,14.1%,1623000,-2769500 ( -63.1% ),197,-438 ( -69.0% ),444384200,57667,26
2018-01-06,13,0.2%,13,0.1%,1592,0.1%,25.3%,3479000,1856000 ( 114.4% ),403,206 ( 104.6% ),447863200,58070,22
2018-01-07,15,0.3%,15,0.1%,1829,0.1%,18.0%,2695500,-783500 ( -22.5% ),329,-74 ( -18.4% ),450558700,58399,21
2018-01-08,8,0.2%,8,0%,855,0.0%,8.8%,533500,-2162000 ( -80.2% ),75,-254 ( -77.2% ),451092200,58474,36
2018-01-09,4,0.1%,5,0%,559,0.0%,11.1%,425000,-108500 ( -20.3% ),62,-13 ( -17.3% ),451517200,58536,42
2018-01-10,8,0.1%,8,0%,972,0.0%,4.3%,281500,-143500 ( -33.8% ),42,-20 ( -32.3% ),451798700,58578,53
2018-01-11,13,0.2%,13,0.1%,1408,0.1%,5.0%,465000,183500 ( 65.2% ),70,28 ( 66.7% ),452263700,58648,44
2018-01-12,15,0.3%,15,0.1%,1672,0.1%,5.4%,694500,229500 ( 49.4% ),91,21 ( 30.0% ),452958200,58739,35
2018-01-13,12,0.2%,12,0.1%,1448,0.0%,9.3%,1076000,381500 ( 54.9% ),134,43 ( 47.3% ),454034200,58873,35
2018-01-14,9,0.1%,9,0.1%,1104,0.0%,15.9%,1465500,389500 ( 36.2% ),176,42 ( 31.3% ),455499700,59049,28
2018-01-15,8,0.1%,8,0%,978,0.0%,3.9%,265500,-1200000 ( -81.9% ),38,-138 ( -78.4% ),455765200,59087,45
2018-01-16,8,0.1%,8,0%,978,0.0%,5.3%,334500,69000 ( 26.0% ),52,14 ( 36.8% ),456099700,59139,54
2018-01-17,2,0.0%,2,0%,278,0.0%,3.2%,58000,-276500 ( -82.7% ),9,-43 ( -82.7% ),456157700,59148,76
2018-01-18,2,0.0%,2,0%,186,0.0%,5.9%,71000,13000 ( 22.4% ),11,2 ( 22.2% ),456228700,59159,78
2018-01-19,3,0.1%,3,0%,350,0.0%,2.3%,54000,-17000 ( -23.9% ),8,-3 ( -27.3% ),456282700,59167,76
2018-01-20,8,0.1%,8,0%,923,0.0%,10.2%,699500,645500 ( 1195.4% ),94,86 ( 1075.0% ),456982200,59261,47
2018-01-21,9,0.2%,9,0.1%,1059,0.0%,10.2%,884500,185000 ( 26.4% ),108,14 ( 14.9% ),457866700,59369,43
2018-01-22,2,0.0%,2,0%,186,0.0%,3.2%,36000,-848500 ( -95.9% ),6,-102 ( -94.4% ),457902700,59375,66
