날짜,스크린수,스크린점유율,상영횟수,상영점유율,좌석수,좌석점유율,좌석판매율,매출액,매출액증감(전일대비),관객수,관객수증감(전일대비),누적매출액,누적관객수,순위
2016-04-05,13,0.3%,13,0.1%,2743,0.1%,100.4%,22505000,22505000 ( 100.0% ),2754,2754 ( 100.0% ),22505000,2754,6
2016-04-12,2,0.0%,2,0%,424,0.0%,94.1%,3591000,3591000 ( 100.0% ),399,399 ( 100.0% ),26096000,3153,24
2016-04-13,248,4.6%,329,2%,42280,1.5%,25.7%,85149100,81558100 ( 2271.2% ),10849,10450 ( 2619.0% ),111245100,14002,9
2016-04-14,111,2.5%,115,0.8%,15055,0.6%,2.8%,2903000,-82246100 ( -96.6% ),417,-10432 ( -96.2% ),114148100,14419,19
2016-04-15,122,2.6%,132,0.8%,16937,0.6%,3.2%,4147400,1244400 ( 42.9% ),536,119 ( 28.5% ),118295500,14955,17
2016-04-16,245,4.7%,344,2%,44250,1.6%,13.8%,47933000,43785600 ( 1055.7% ),6116,5580 ( 1041.0% ),166228500,21071,10
2016-04-17,258,5.1%,356,2.1%,45599,1.6%,16.6%,59730200,11797200 ( 24.6% ),7583,1467 ( 24.0% ),225958700,28654,8
2016-04-18,131,3.0%,139,1%,18400,0.7%,3.5%,4149100,-55581100 ( -93.1% ),642,-6941 ( -91.5% ),230107800,29296,15
2016-04-19,125,2.8%,137,0.9%,17510,0.7%,3.3%,3890600,-258500 ( -6.2% ),581,-61 ( -9.5% ),233998400,29877,20
2016-04-20,106,2.1%,117,0.8%,15656,0.6%,6.6%,5951500,2060900 ( 53.0% ),1030,449 ( 77.3% ),239949900,30907,14
2016-04-21,53,1.1%,57,0.4%,7420,0.3%,6.3%,2845500,-3106000 ( -52.2% ),466,-564 ( -54.8% ),242795400,31373,23
2016-04-22,54,1.1%,59,0.4%,7770,0.3%,4.5%,2427400,-418100 ( -14.7% ),349,-117 ( -25.1% ),245222800,31722,24
2016-04-23,146,2.8%,195,1.1%,23678,0.8%,17.5%,32099500,29672100 ( 1222.4% ),4150,3801 ( 1089.1% ),277322300,35872,11
2016-04-24,151,2.9%,205,1.2%,25538,0.9%,20.4%,41019000,8919500 ( 27.8% ),5222,1072 ( 25.8% ),318341300,41094,11
2016-04-25,45,1.0%,48,0.3%,6100,0.2%,3.1%,1362600,-39656400 ( -96.7% ),189,-5033 ( -96.4% ),319703900,41283,30
2016-04-26,63,1.4%,67,0.5%,8788,0.4%,10.2%,5111800,3749200 ( 275.2% ),897,708 ( 374.6% ),324815700,42180,15
2016-04-27,25,0.5%,29,0.2%,3441,0.1%,10.8%,1953500,-3158300 ( -61.8% ),370,-527 ( -58.8% ),326769200,42550,19
2016-04-28,23,0.5%,26,0.2%,2811,0.1%,8.8%,1415000,-538500 ( -27.6% ),248,-122 ( -33.0% ),328184200,42798,28
2016-04-29,34,0.7%,37,0.3%,4261,0.2%,18.0%,4651000,3236000 ( 228.7% ),768,520 ( 209.7% ),332835200,43566,16
2016-04-30,54,1.2%,71,0.5%,7668,0.3%,16.3%,9377900,4726900 ( 101.6% ),1248,480 ( 62.5% ),342213100,44814,15
2016-05-01,51,1.1%,69,0.5%,7480,0.3%,14.0%,7973000,-1404900 ( -15.0% ),1050,-198 ( -15.9% ),350186100,45864,14
2016-05-02,23,0.5%,25,0.2%,2571,0.1%,7.8%,1181000,-6792000 ( -85.2% ),200,-850 ( -81.0% ),351367100,46064,27
2016-05-03,38,0.8%,44,0.3%,4875,0.2%,17.2%,4934500,3753500 ( 317.8% ),840,640 ( 320.0% ),356301600,46904,19
2016-05-04,14,0.3%,14,0.1%,1700,0.1%,56.0%,4915000,-19500 ( -0.4% ),952,112 ( 13.3% ),361216600,47856,17
2016-05-05,3,0.1%,4,0%,532,0.0%,14.3%,606000,-4309000 ( -87.7% ),76,-876 ( -92.0% ),361822600,47932,47
2016-05-06,1,0.0%,1,0%,86,0.0%,25.6%,208000,-398000 ( -65.7% ),22,-54 ( -71.1% ),362030600,47954,60
2016-05-07,4,0.1%,4,0%,442,0.0%,5.4%,188000,-20000 ( -9.6% ),24,2 ( 9.1% ),362218600,47978,64
2016-05-08,1,0.0%,1,0%,86,0.0%,3.5%,29000,-159000 ( -84.6% ),3,-21 ( -87.5% ),362247600,47981,85
2016-05-09,1,0.0%,1,0%,70,0.0%,34.3%,120000,91000 ( 313.8% ),24,21 ( 700.0% ),362367600,48005,50
2016-05-10,3,0.1%,3,0%,406,0.0%,38.2%,784000,664000 ( 553.3% ),155,131 ( 545.8% ),363151600,48160,43
2016-05-11,1,0.0%,1,0%,66,0.0%,40.9%,108000,-676000 ( -86.2% ),27,-128 ( -82.6% ),363259600,48187,66
2016-05-12,3,0.1%,3,0%,278,0.0%,25.9%,347000,239000 ( 221.3% ),72,45 ( 166.7% ),363606600,48259,53
2016-05-13,3,0.1%,3,0%,431,0.0%,38.3%,776000,429000 ( 123.6% ),165,93 ( 129.2% ),364382600,48424,36
2016-05-14,1,0.0%,1,0%,86,0.0%,10.5%,86000,-690000 ( -88.9% ),9,-156 ( -94.5% ),364468600,48433,83
2016-05-15,1,0.0%,1,0%,86,0.0%,11.6%,75500,-10500 ( -12.2% ),10,1 ( 11.1% ),364544100,48443,78
2016-05-16,1,0.0%,1,0%,86,0.0%,2.3%,14000,-61500 ( -81.5% ),2,-8 ( -80.0% ),364558100,48445,80
2016-05-17,1,0.0%,1,0%,86,0.0%,2.3%,16000,2000 ( 14.3% ),2,0 ( 0.0% ),364574100,48447,96
2016-05-18,2,0.0%,2,0%,301,0.0%,31.6%,629000,613000 ( 3831.3% ),95,93 ( 4650.0% ),365203100,48542,52
2016-05-19,2,0.0%,2,0%,285,0.0%,70.2%,1162000,533000 ( 84.7% ),200,105 ( 110.5% ),366365100,48742,32
2016-05-23,1,0.0%,1,0%,201,0.0%,2.0%,37000,37000 ( 100.0% ),4,4 ( 100.0% ),366402100,48746,78
2016-05-24,1,0.0%,1,0%,201,0.0%,2.0%,31000,-6000 ( -16.2% ),4,0 ( 0.0% ),366433100,48750,99
2016-05-25,1,0.0%,1,0%,55,0.0%,27.3%,60000,29000 ( 93.5% ),15,11 ( 275.0% ),366493100,48765,80
2016-05-26,1,0.0%,1,0%,70,0.0%,34.3%,120000,60000 ( 100.0% ),24,9 ( 60.0% ),366613100,48789,62
2016-05-30,3,0.1%,3,0%,443,0.0%,58.2%,1474000,1474000 ( 100.0% ),258,258 ( 100.0% ),368087100,49047,29
2016-05-31,4,0.1%,4,0%,623,0.0%,49.1%,1803000,329000 ( 22.3% ),306,48 ( 18.6% ),369890100,49353,24
2016-06-01,6,0.1%,6,0%,995,0.0%,60.5%,3419500,1616500 ( 89.7% ),602,296 ( 96.7% ),373309600,49955,17
2016-06-02,9,0.2%,9,0.1%,1314,0.1%,49.8%,3623000,203500 ( 6.0% ),655,53 ( 8.8% ),376932600,50610,17
2016-06-03,9,0.2%,9,0.1%,1337,0.1%,49.1%,3755000,132000 ( 3.6% ),657,2 ( 0.3% ),380687600,51267,17
2016-06-07,6,0.1%,6,0%,660,0.0%,66.7%,2330000,2330000 ( 100.0% ),440,440 ( 100.0% ),383017600,51707,21
2016-06-08,13,0.3%,13,0.1%,1780,0.1%,65.6%,6723000,4393000 ( 188.5% ),1167,727 ( 165.2% ),389740600,52874,16
2016-06-09,16,0.3%,16,0.1%,2231,0.1%,68.4%,8189000,1466000 ( 21.8% ),1526,359 ( 30.8% ),397929600,54400,12
2016-06-10,15,0.3%,15,0.1%,1913,0.1%,61.1%,6183000,-2006000 ( -24.5% ),1168,-358 ( -23.5% ),404112600,55568,12
2016-06-15,2,0.0%,2,0%,433,0.0%,61.9%,1405000,1405000 ( 100.0% ),268,268 ( 100.0% ),405517600,55836,19
2016-06-16,5,0.1%,5,0%,838,0.0%,43.0%,1806000,401000 ( 28.5% ),360,92 ( 34.3% ),407323600,56196,23
2016-06-23,1,0.0%,1,0%,40,0.0%,100.0%,200000,200000 ( 100.0% ),40,40 ( 100.0% ),407523600,56236,59
2016-06-24,1,0.0%,1,0%,179,0.0%,60.3%,540000,340000 ( 170.0% ),108,68 ( 170.0% ),408063600,56344,39
2016-06-27,1,0.0%,1,0%,249,0.0%,53.0%,660000,660000 ( 100.0% ),132,132 ( 100.0% ),408723600,56476,39
2016-07-08,1,0.0%,1,0%,113,0.0%,39.8%,225000,225000 ( 100.0% ),45,45 ( 100.0% ),408948600,56521,72
2016-07-12,1,0.0%,1,0%,249,0.0%,26.5%,330000,330000 ( 100.0% ),66,66 ( 100.0% ),409278600,56587,49
2016-07-20,2,0.0%,2,0%,358,0.0%,50.6%,905000,905000 ( 100.0% ),181,181 ( 100.0% ),410183600,56768,32
2016-08-19,1,0.0%,1,0%,152,0.0%,44.1%,335000,335000 ( 100.0% ),67,67 ( 100.0% ),410518600,56835,54
2016-11-08,1,0.0%,1,0%,86,0.0%,2.3%,12000,12000 ( 100.0% ),2,2 ( 100.0% ),410530600,56837,96
2016-11-10,1,0.0%,1,0%,86,0.0%,2.3%,12000,12000 ( 100.0% ),2,2 ( 100.0% ),410542600,56839,120
2016-11-11,1,0.0%,1,0%,86,0.0%,2.3%,12000,0 ( 0.0% ),2,0 ( 0.0% ),410554600,56841,122
2016-11-25,1,0.0%,1,0%,86,0.0%,1.2%,6000,6000 ( 100.0% ),1,1 ( 100.0% ),410560600,56842,129
2017-04-03,1,0.0%,1,0%,94,0.0%,2.1%,12000,12000 ( 100.0% ),2,2 ( 100.0% ),410572600,56844,84
2017-04-06,1,0.0%,1,0%,32,0.0%,6.3%,10000,10000 ( 100.0% ),2,2 ( 100.0% ),410582600,56846,105
2017-04-07,1,0.0%,1,0%,32,0.0%,6.3%,10000,0 ( 0.0% ),2,0 ( 0.0% ),410592600,56848,103
2017-04-08,1,0.0%,2,0%,64,0.0%,7.8%,25000,15000 ( 150.0% ),5,3 ( 150.0% ),410617600,56853,101
2017-04-12,1,0.0%,1,0%,94,0.0%,2.1%,12000,12000 ( 100.0% ),2,2 ( 100.0% ),410629600,56855,108
2017-04-17,1,0.0%,1,0%,94,0.0%,5.3%,32000,32000 ( 100.0% ),5,5 ( 100.0% ),410661600,56860,76
