날짜,스크린수,스크린점유율,상영횟수,상영점유율,좌석수,좌석점유율,좌석판매율,매출액,매출액증감(전일대비),관객수,관객수증감(전일대비),누적매출액,누적관객수,순위
2016-01-25,1,0.0%,1,0%,326,0.0%,100.0%,2608000,2608000 ( 100.0% ),326,326 ( 100.0% ),2608000,326,30
2016-02-02,2,0.0%,2,0%,448,0.0%,100.0%,3584000,3584000 ( 100.0% ),448,448 ( 100.0% ),6192000,774,21
2016-02-03,1,0.0%,1,0%,0,0.0%,0.0%,0,-3584000 ( -100.0% ),0,-448 ( -100.0% ),6192000,774,105
2016-02-11,214,4.4%,430,2.7%,59004,2.2%,36.2%,153361700,153361700 ( 100.0% ),21376,21376 ( 100.0% ),159553700,22150,3
2016-02-12,211,4.3%,459,2.8%,63250,2.4%,14.9%,70658300,-82703400 ( -53.9% ),9407,-11969 ( -56.0% ),230212000,31557,4
2016-02-13,250,4.7%,590,3.4%,83348,2.9%,47.8%,296692000,226033700 ( 319.9% ),39823,30416 ( 323.3% ),526904000,71380,4
2016-02-14,254,4.8%,603,3.6%,86324,3.1%,34.8%,226664300,-70027700 ( -23.6% ),30045,-9778 ( -24.6% ),753568300,101425,4
2016-02-15,176,3.8%,409,2.7%,58664,2.4%,6.2%,25947600,-200716700 ( -88.6% ),3615,-26430 ( -88.0% ),779515900,105040,8
2016-02-16,167,3.1%,387,2.5%,55184,2.2%,8.4%,32758600,6811000 ( 26.2% ),4647,1032 ( 28.5% ),812274500,109687,6
2016-02-17,81,1.7%,107,0.7%,13604,0.5%,14.9%,14651800,-18106800 ( -55.3% ),2023,-2624 ( -56.5% ),826926300,111710,10
2016-02-18,85,1.8%,109,0.7%,13731,0.5%,17.1%,16717200,2065400 ( 14.1% ),2352,329 ( 16.3% ),843643500,114062,11
2016-02-19,87,1.8%,116,0.7%,14319,0.5%,17.6%,18913800,2196600 ( 13.1% ),2514,162 ( 6.9% ),862557300,116576,10
2016-02-20,88,1.7%,122,0.7%,15312,0.5%,43.7%,50733700,31819900 ( 168.2% ),6695,4181 ( 166.3% ),913291000,123271,9
2016-02-21,97,1.9%,128,0.8%,16160,0.6%,41.1%,50613500,-120200 ( -0.2% ),6636,-59 ( -0.9% ),963904500,129907,8
2016-02-22,83,1.8%,111,0.7%,14204,0.5%,13.2%,13363900,-37249600 ( -73.6% ),1870,-4766 ( -71.8% ),977268400,131777,10
2016-02-23,88,1.9%,118,0.7%,15122,0.6%,18.1%,19559100,6195200 ( 46.4% ),2743,873 ( 46.7% ),996827500,134520,10
2016-02-24,37,0.8%,47,0.3%,5849,0.2%,22.4%,9176800,-10382300 ( -53.1% ),1310,-1433 ( -52.2% ),1006004300,135830,13
2016-02-25,19,0.4%,21,0.1%,2740,0.1%,31.2%,6162500,-3014300 ( -32.8% ),856,-454 ( -34.7% ),1012166800,136686,19
2016-02-26,18,0.3%,19,0.1%,2315,0.1%,32.6%,5794600,-367900 ( -6.0% ),755,-101 ( -11.8% ),1017961400,137441,20
2016-02-27,17,0.3%,19,0.1%,2202,0.1%,38.6%,6462600,668000 ( 11.5% ),849,94 ( 12.5% ),1024424000,138290,21
2016-02-28,18,0.3%,19,0.1%,2210,0.1%,44.9%,7826000,1363400 ( 21.1% ),993,144 ( 17.0% ),1032250000,139283,18
2016-02-29,16,0.3%,18,0.1%,1953,0.1%,30.1%,4300600,-3525400 ( -45.0% ),587,-406 ( -40.9% ),1036550600,139870,22
2016-03-01,16,0.3%,18,0.1%,1949,0.1%,51.6%,7832600,3532000 ( 82.1% ),1005,418 ( 71.2% ),1044383200,140875,20
2016-03-02,10,0.2%,10,0.1%,1267,0.1%,5.2%,489100,-7343500 ( -93.8% ),66,-939 ( -93.4% ),1044872300,140941,41
2016-03-03,3,0.1%,4,0%,415,0.0%,5.1%,150000,-339100 ( -69.3% ),21,-45 ( -68.2% ),1045022300,140962,62
2016-03-04,3,0.1%,4,0%,415,0.0%,8.7%,290000,140000 ( 93.3% ),36,15 ( 71.4% ),1045312300,140998,57
2016-03-05,4,0.1%,6,0%,561,0.0%,10.0%,492500,202500 ( 69.8% ),56,20 ( 55.6% ),1045804800,141054,55
2016-03-06,4,0.1%,5,0%,467,0.0%,22.7%,966500,474000 ( 96.2% ),106,50 ( 89.3% ),1046771300,141160,38
2016-03-07,2,0.0%,2,0%,192,0.0%,1.6%,18000,-948500 ( -98.1% ),3,-103 ( -97.2% ),1046789300,141163,68
2016-03-09,2,0.0%,3,0%,286,0.0%,4.2%,87000,87000 ( 100.0% ),12,12 ( 100.0% ),1046876300,141175,73
2016-03-10,1,0.0%,1,0%,94,0.0%,2.1%,13000,-74000 ( -85.1% ),2,-10 ( -83.3% ),1046889300,141177,93
2016-03-11,1,0.0%,1,0%,94,0.0%,2.1%,18000,5000 ( 38.5% ),2,0 ( 0.0% ),1046907300,141179,99
2016-03-12,1,0.0%,2,0%,188,0.0%,25.0%,412300,394300 ( 2190.6% ),47,45 ( 2250.0% ),1047319600,141226,60
2016-03-13,1,0.0%,2,0%,188,0.0%,6.9%,108000,-304300 ( -73.8% ),13,-34 ( -72.3% ),1047427600,141239,81
2016-03-15,1,0.0%,1,0%,94,0.0%,1.1%,9000,9000 ( 100.0% ),1,1 ( 100.0% ),1047436600,141240,107
2016-03-17,1,0.0%,1,0%,94,0.0%,2.1%,14000,14000 ( 100.0% ),2,2 ( 100.0% ),1047450600,141242,80
2016-03-18,1,0.0%,1,0%,94,0.0%,4.3%,16000,2000 ( 14.3% ),4,2 ( 100.0% ),1047466600,141246,75
2016-03-19,2,0.0%,2,0%,203,0.0%,12.3%,224000,208000 ( 1300.0% ),25,21 ( 525.0% ),1047690600,141271,67
2016-03-20,2,0.0%,3,0%,297,0.0%,9.4%,243500,19500 ( 8.7% ),28,3 ( 12.0% ),1047934100,141299,62
2016-03-22,1,0.0%,1,0%,94,0.0%,55.3%,312000,312000 ( 100.0% ),52,52 ( 100.0% ),1048246100,141351,52
