날짜,스크린수,스크린점유율,상영횟수,상영점유율,좌석수,좌석점유율,좌석판매율,매출액,매출액증감(전일대비),관객수,관객수증감(전일대비),누적매출액,누적관객수,순위
2015-12-26,1,0.0%,1,0%,160,0.0%,96.3%,1672800,1672800 ( 100.0% ),154,154 ( 100.0% ),1672800,154,28
2016-01-01,1,0.0%,1,0%,77,0.0%,94.8%,584000,584000 ( 100.0% ),73,73 ( 100.0% ),2256800,227,39
2016-01-03,1,0.0%,1,0%,77,0.0%,92.2%,568000,568000 ( 100.0% ),71,71 ( 100.0% ),2824800,298,40
2016-03-11,1,0.0%,1,0%,188,0.0%,100.0%,1316000,1316000 ( 100.0% ),188,188 ( 100.0% ),4140800,486,31
2016-03-14,3,0.1%,4,0%,776,0.0%,96.8%,5021000,5021000 ( 100.0% ),751,751 ( 100.0% ),9161800,1237,16
2016-03-15,2,0.0%,4,0%,1596,0.1%,90.5%,11481000,6460000 ( 128.7% ),1444,693 ( 92.3% ),20642800,2681,11
2016-03-16,1,0.0%,1,0%,108,0.0%,75.9%,817000,-10664000 ( -92.9% ),82,-1362 ( -94.3% ),21459800,2763,45
2016-03-20,2,0.0%,2,0%,443,0.0%,52.6%,2184500,2184500 ( 100.0% ),233,233 ( 100.0% ),23644300,2996,34
2016-03-21,28,0.6%,28,0.2%,5978,0.2%,56.2%,32974000,30789500 ( 1409.5% ),3359,3126 ( 1341.6% ),56618300,6355,10
2016-03-23,6,0.1%,6,0%,2074,0.1%,88.3%,16299500,16299500 ( 100.0% ),1831,1831 ( 100.0% ),72917800,8186,15
2016-03-24,425,9.2%,1325,9.5%,180182,7.9%,9.1%,123332700,107033200 ( 656.7% ),16442,14611 ( 798.0% ),196250500,24628,3
2016-03-25,437,9.2%,1368,9.5%,186997,7.9%,9.8%,148781636,25448936 ( 20.6% ),18390,1948 ( 11.8% ),345032136,43018,3
2016-03-26,494,9.7%,1372,8.9%,184599,7.4%,19.7%,289855332,141073696 ( 94.8% ),36448,18058 ( 98.2% ),634887468,79466,3
2016-03-27,479,9.4%,1278,8.6%,173881,7.2%,18.8%,263386600,-26468732 ( -9.1% ),32776,-3672 ( -10.1% ),898274068,112242,3
2016-03-28,416,9.1%,1188,8.9%,161697,7.3%,5.6%,66805300,-196581300 ( -74.6% ),9092,-23684 ( -72.3% ),965079368,121334,3
2016-03-29,438,9.2%,1203,9%,164756,7.5%,5.5%,67158600,353300 ( 0.5% ),9064,-28 ( -0.3% ),1032237968,130398,3
2016-03-30,318,6.3%,587,4.1%,79649,3.4%,9.7%,45159500,-21999100 ( -32.8% ),7728,-1336 ( -14.7% ),1077397468,138126,5
2016-03-31,251,5.1%,501,3.5%,66176,2.8%,5.3%,26186100,-18973400 ( -42.0% ),3534,-4194 ( -54.3% ),1103583568,141660,10
2016-04-01,258,5.1%,517,3.6%,67521,2.8%,7.8%,40251100,14065000 ( 53.7% ),5271,1737 ( 49.2% ),1143834668,146931,6
2016-04-02,292,5.6%,551,3.5%,75881,2.9%,17.4%,110322800,70071700 ( 174.1% ),13206,7935 ( 150.5% ),1254157468,160137,5
2016-04-03,287,5.6%,533,3.5%,72740,2.9%,17.4%,106211900,-4110900 ( -3.7% ),12668,-538 ( -4.1% ),1360369368,172805,5
2016-04-04,251,5.6%,469,3.6%,63627,2.9%,3.8%,18240100,-87971800 ( -82.8% ),2431,-10237 ( -80.8% ),1378609468,175236,8
2016-04-05,251,5.5%,454,3.6%,60027,2.8%,3.8%,17079500,-1160600 ( -6.4% ),2265,-166 ( -6.8% ),1395688968,177501,9
2016-04-06,230,4.7%,421,3.3%,55925,2.6%,3.8%,15958500,-1121000 ( -6.6% ),2140,-125 ( -5.5% ),1411647468,179641,10
2016-04-07,50,1.1%,70,0.5%,7960,0.3%,5.8%,3381500,-12577000 ( -78.8% ),460,-1680 ( -78.5% ),1415028968,180101,24
2016-04-08,55,1.1%,82,0.5%,10049,0.4%,8.3%,6281500,2900000 ( 85.8% ),838,378 ( 82.2% ),1421310468,180939,17
2016-04-09,51,1.0%,69,0.4%,7629,0.3%,18.0%,10745000,4463500 ( 71.1% ),1376,538 ( 64.2% ),1432055468,182315,17
2016-04-10,53,1.0%,75,0.5%,8572,0.3%,22.6%,14652700,3907700 ( 36.4% ),1937,561 ( 40.8% ),1446708168,184252,14
2016-04-11,48,1.1%,76,0.5%,8972,0.4%,7.7%,5261000,-9391700 ( -64.1% ),695,-1242 ( -64.1% ),1451969168,184947,18
2016-04-12,50,1.1%,76,0.5%,8493,0.3%,9.3%,5740200,479200 ( 9.1% ),794,99 ( 14.2% ),1457709368,185741,17
2016-04-13,17,0.3%,25,0.1%,2455,0.1%,16.0%,3235500,-2504700 ( -43.6% ),393,-401 ( -50.5% ),1460944868,186134,27
2016-04-14,18,0.4%,23,0.2%,2952,0.1%,11.4%,2548000,-687500 ( -21.2% ),337,-56 ( -14.2% ),1463492868,186471,22
2016-04-15,21,0.5%,28,0.2%,3741,0.1%,10.5%,3018000,470000 ( 18.4% ),394,57 ( 16.9% ),1466510868,186865,19
2016-04-16,21,0.4%,28,0.2%,3399,0.1%,23.7%,7441300,4423300 ( 146.6% ),804,410 ( 104.1% ),1473952168,187669,18
2016-04-17,23,0.5%,29,0.2%,3826,0.1%,11.3%,3672800,-3768500 ( -50.6% ),433,-371 ( -46.1% ),1477624968,188102,22
2016-04-18,24,0.6%,37,0.3%,4244,0.2%,4.9%,1586500,-2086300 ( -56.8% ),209,-224 ( -51.7% ),1479211468,188311,28
2016-04-19,25,0.6%,36,0.2%,4317,0.2%,8.3%,2334500,748000 ( 47.1% ),357,148 ( 70.8% ),1481545968,188668,24
2016-04-20,22,0.4%,32,0.2%,3550,0.1%,4.7%,1230500,-1104000 ( -47.3% ),167,-190 ( -53.2% ),1482776468,188835,37
2016-04-21,8,0.2%,10,0.1%,893,0.0%,6.7%,456000,-774500 ( -62.9% ),60,-107 ( -64.1% ),1483232468,188895,49
2016-04-22,8,0.2%,10,0.1%,1087,0.0%,4.0%,353000,-103000 ( -22.6% ),43,-17 ( -28.3% ),1483585468,188938,46
2016-04-23,9,0.2%,10,0.1%,1029,0.0%,10.3%,841000,488000 ( 138.2% ),106,63 ( 146.5% ),1484426468,189044,40
2016-04-24,7,0.1%,8,0%,802,0.0%,3.6%,233000,-608000 ( -72.3% ),29,-77 ( -72.6% ),1484659468,189073,60
2016-04-25,6,0.1%,7,0%,678,0.0%,2.9%,131000,-102000 ( -43.8% ),20,-9 ( -31.0% ),1484790468,189093,54
2016-04-26,4,0.1%,5,0%,551,0.0%,3.4%,138000,7000 ( 5.3% ),19,-1 ( -5.0% ),1484928468,189112,72
2016-04-27,3,0.1%,5,0%,536,0.0%,1.9%,70000,-68000 ( -49.3% ),10,-9 ( -47.4% ),1484998468,189122,66
2016-04-28,5,0.1%,7,0%,601,0.0%,10.5%,454000,384000 ( 548.6% ),63,53 ( 530.0% ),1485452468,189185,44
2016-04-29,1,0.0%,1,0%,210,0.0%,1.9%,31000,-423000 ( -93.2% ),4,-59 ( -93.7% ),1485483468,189189,73
2016-05-01,1,0.0%,1,0%,77,0.0%,15.6%,84000,84000 ( 100.0% ),12,12 ( 100.0% ),1485567468,189201,59
2016-05-04,2,0.0%,2,0%,169,0.0%,13.6%,202000,202000 ( 100.0% ),23,23 ( 100.0% ),1485769468,189224,64
2016-05-06,1,0.0%,1,0%,77,0.0%,18.2%,124000,124000 ( 100.0% ),14,14 ( 100.0% ),1485893468,189238,65
2016-05-09,3,0.1%,3,0%,220,0.0%,4.5%,74000,74000 ( 100.0% ),10,10 ( 100.0% ),1485967468,189248,66
2016-05-10,1,0.0%,1,0%,58,0.0%,3.4%,18000,-56000 ( -75.7% ),2,-8 ( -80.0% ),1485985468,189250,99
2016-05-11,1,0.0%,1,0%,77,0.0%,9.1%,63000,45000 ( 250.0% ),7,5 ( 250.0% ),1486048468,189257,95
2016-05-13,1,0.0%,1,0%,77,0.0%,27.3%,187000,187000 ( 100.0% ),21,21 ( 100.0% ),1486235468,189278,70
2016-05-16,1,0.0%,1,0%,58,0.0%,82.8%,431000,431000 ( 100.0% ),48,48 ( 100.0% ),1486666468,189326,56
2016-05-17,1,0.0%,1,0%,58,0.0%,1.7%,9000,-422000 ( -97.9% ),1,-47 ( -97.9% ),1486675468,189327,98
2016-05-18,1,0.0%,1,0%,77,0.0%,23.4%,160200,151200 ( 1680.0% ),18,17 ( 1700.0% ),1486835668,189345,74
2016-10-02,1,0.0%,1,0%,42,0.0%,71.4%,180000,180000 ( 100.0% ),30,30 ( 100.0% ),1487015668,189375,60
2017-03-28,1,0.0%,1,0%,210,0.0%,14.3%,210000,210000 ( 100.0% ),30,30 ( 100.0% ),1487225668,189405,87
2018-10-22,2,0.0%,2,0%,292,0.0%,4.1%,84000,84000 ( 100.0% ),12,12 ( 100.0% ),1487309668,189417,73
2018-10-23,1,0.0%,1,0%,172,0.0%,1.7%,21000,-63000 ( -75.0% ),3,-9 ( -75.0% ),1487330668,189420,94
2018-10-24,1,0.0%,1,0%,172,0.0%,5.2%,61000,40000 ( 190.5% ),9,6 ( 200.0% ),1487391668,189429,86
2018-10-25,1,0.0%,1,0%,100,0.0%,2.0%,14000,-47000 ( -77.0% ),2,-7 ( -77.8% ),1487405668,189431,117
2018-10-26,1,0.0%,1,0%,126,0.0%,8.7%,88000,74000 ( 528.6% ),11,9 ( 450.0% ),1487493668,189442,107
