날짜,스크린수,스크린점유율,상영횟수,상영점유율,좌석수,좌석점유율,좌석판매율,매출액,매출액증감(전일대비),관객수,관객수증감(전일대비),누적매출액,누적관객수,순위
2017-11-10,1,0.0%,2,0%,900,0.0%,100.0%,4500000,4500000 ( 100.0% ),900,900 ( 100.0% ),4500000,900,15
2017-11-16,1,0.0%,1,0%,214,0.0%,100.0%,1284000,1284000 ( 100.0% ),214,214 ( 100.0% ),5784000,1114,38
2017-11-22,4,0.1%,6,0%,1401,0.1%,100.0%,8850000,8850000 ( 100.0% ),1401,1401 ( 100.0% ),14634000,2515,12
2017-11-23,2,0.0%,2,0%,470,0.0%,100.0%,2536000,-6314000 ( -71.3% ),470,-931 ( -66.5% ),17170000,2985,23
2017-11-24,1,0.0%,1,0%,166,0.0%,100.0%,1494000,-1042000 ( -41.1% ),166,-304 ( -64.7% ),18664000,3151,38
2017-11-27,6,0.1%,7,0%,1981,0.1%,88.4%,8760000,8760000 ( 100.0% ),1752,1752 ( 100.0% ),27424000,4903,10
2017-11-28,23,0.4%,23,0.1%,3617,0.1%,61.7%,15529300,6769300 ( 77.3% ),2233,481 ( 27.5% ),42953300,7136,9
2017-11-29,704,13.0%,3266,18.5%,572230,19.9%,17.0%,561258200,545728900 ( 3514.2% ),97245,95012 ( 4254.9% ),604211500,104381,2
2017-11-30,714,13.0%,3291,18.9%,567046,20.0%,12.2%,502241400,-59016800 ( -10.5% ),69328,-27917 ( -28.7% ),1106452900,173709,2
2017-12-01,728,13.3%,3369,18.8%,577031,19.8%,15.5%,719096972,216855572 ( 43.2% ),89649,20321 ( 29.3% ),1825549872,263358,2
2017-12-02,747,12.8%,3505,18.3%,581526,18.8%,27.1%,1301664153,582567181 ( 81.0% ),157883,68234 ( 76.1% ),3127214025,421241,2
2017-12-03,751,12.9%,3452,18.5%,574006,19.0%,25.9%,1231048800,-70615353 ( -5.4% ),148507,-9376 ( -5.9% ),4358262825,569748,2
2017-12-04,720,14.0%,3351,19.8%,550220,19.8%,10.5%,425316800,-805732000 ( -65.5% ),57770,-90737 ( -61.1% ),4783579625,627518,2
2017-12-05,749,14.1%,3315,19.7%,545535,19.7%,10.5%,416432800,-8884000 ( -2.1% ),57348,-422 ( -0.7% ),5200012425,684866,2
2017-12-06,759,14.4%,3442,20.5%,564011,20.5%,10.3%,422807300,6374500 ( 1.5% ),58373,1025 ( 1.8% ),5622819725,743239,2
2017-12-07,648,10.5%,2607,15%,425646,15.0%,12.1%,371615500,-51191800 ( -12.1% ),51614,-6759 ( -11.6% ),5994435225,794853,2
2017-12-08,653,10.1%,2700,15.1%,445700,15.3%,15.8%,550422465,178806965 ( 48.1% ),70332,18718 ( 36.3% ),6544857690,865185,2
2017-12-09,740,10.6%,2934,15.2%,492586,15.8%,25.0%,1019596570,469174105 ( 85.2% ),123009,52677 ( 74.9% ),7564454260,988194,3
2017-12-10,739,10.8%,2855,15.3%,480540,15.8%,24.4%,981702700,-37893870 ( -3.7% ),117407,-5602 ( -4.6% ),8546156960,1105601,3
2017-12-11,707,11.7%,2810,16.8%,466587,17.0%,10.3%,342252200,-639450500 ( -65.1% ),47965,-69442 ( -59.1% ),8888409160,1153566,2
2017-12-12,691,11.2%,2785,16.9%,457366,16.9%,10.0%,331559000,-10693200 ( -3.1% ),45538,-2427 ( -5.1% ),9219968160,1199104,2
2017-12-13,718,11.5%,2852,17.2%,476294,17.6%,10.6%,362509500,30950500 ( 9.3% ),50388,4850 ( 10.7% ),9582477660,1249492,2
2017-12-14,469,7.7%,961,6%,128442,5.0%,15.0%,137022700,-225486800 ( -62.2% ),19228,-31160 ( -61.8% ),9719500360,1268720,4
2017-12-15,478,7.8%,1015,6.2%,135114,5.2%,19.4%,198293900,61271200 ( 44.7% ),26185,6957 ( 36.2% ),9917794260,1294905,3
2017-12-16,465,7.3%,946,5.4%,121963,4.4%,26.6%,270361200,72067300 ( 36.3% ),32385,6200 ( 23.7% ),10188155460,1327290,5
2017-12-17,454,7.3%,880,5.2%,114261,4.2%,23.0%,218349800,-52011400 ( -19.2% ),26269,-6116 ( -18.9% ),10406505260,1353559,5
2017-12-18,463,8.1%,1024,6.6%,133301,5.3%,9.4%,91731600,-126618200 ( -58.0% ),12469,-13800 ( -52.5% ),10498236860,1366028,3
2017-12-19,474,8.0%,1046,6.7%,136610,5.5%,10.5%,103138900,11407300 ( 12.4% ),14309,1840 ( 14.8% ),10601375760,1380337,3
2017-12-20,97,1.9%,138,0.8%,16316,0.6%,12.6%,13547500,-89591400 ( -86.9% ),2062,-12247 ( -85.6% ),10614923260,1382399,7
2017-12-21,38,0.7%,53,0.3%,5953,0.2%,9.8%,4429000,-9118500 ( -67.3% ),586,-1476 ( -71.6% ),10619352260,1382985,20
2017-12-22,36,0.6%,53,0.3%,6043,0.2%,12.3%,5582000,1153000 ( 26.0% ),746,160 ( 27.3% ),10624934260,1383731,19
2017-12-23,18,0.3%,24,0.1%,2470,0.1%,27.1%,5745900,163900 ( 2.9% ),670,-76 ( -10.2% ),10630680160,1384401,21
2017-12-24,17,0.3%,22,0.1%,2392,0.1%,33.2%,6719500,973600 ( 16.9% ),794,124 ( 18.5% ),10637399660,1385195,19
2017-12-25,17,0.3%,20,0.1%,2070,0.1%,27.4%,4606500,-2113000 ( -31.4% ),567,-227 ( -28.6% ),10642006160,1385762,23
2017-12-26,37,0.7%,43,0.3%,5110,0.2%,7.8%,2264500,-2342000 ( -50.8% ),398,-169 ( -29.8% ),10644270660,1386160,22
2017-12-27,25,0.5%,26,0.2%,3461,0.1%,7.3%,1384000,-880500 ( -38.9% ),251,-147 ( -36.9% ),10645654660,1386411,24
2017-12-28,5,0.1%,5,0%,774,0.0%,6.5%,250000,-1134000 ( -81.9% ),50,-201 ( -80.1% ),10645904660,1386461,62
2017-12-29,5,0.1%,5,0%,774,0.0%,6.5%,250000,0 ( 0.0% ),50,0 ( 0.0% ),10646154660,1386511,47
2017-12-30,5,0.1%,5,0%,822,0.0%,6.1%,250000,0 ( 0.0% ),50,0 ( 0.0% ),10646404660,1386561,48
2017-12-31,5,0.1%,5,0%,822,0.0%,6.1%,250000,0 ( 0.0% ),50,0 ( 0.0% ),10646654660,1386611,48
2018-01-01,5,0.1%,5,0%,760,0.0%,6.6%,250000,0 ( 0.0% ),50,0 ( 0.0% ),10646904660,1386661,41
2018-01-02,5,0.1%,5,0%,822,0.0%,6.1%,250000,0 ( 0.0% ),50,0 ( 0.0% ),10647154660,1386711,41
2018-01-03,5,0.1%,5,0%,639,0.0%,7.8%,250000,0 ( 0.0% ),50,0 ( 0.0% ),10647404660,1386761,46
2018-01-04,5,0.1%,5,0%,813,0.0%,6.2%,250000,0 ( 0.0% ),50,0 ( 0.0% ),10647654660,1386811,48
2018-01-05,5,0.1%,5,0%,916,0.0%,5.5%,250000,0 ( 0.0% ),50,0 ( 0.0% ),10647904660,1386861,41
2018-01-06,5,0.1%,5,0%,742,0.0%,6.7%,250000,0 ( 0.0% ),50,0 ( 0.0% ),10648154660,1386911,47
2018-01-07,5,0.1%,5,0%,810,0.0%,6.2%,250000,0 ( 0.0% ),50,0 ( 0.0% ),10648404660,1386961,47
2018-01-08,5,0.1%,5,0%,760,0.0%,6.6%,250000,0 ( 0.0% ),50,0 ( 0.0% ),10648654660,1387011,43
2018-01-09,5,0.1%,5,0%,810,0.0%,6.2%,250000,0 ( 0.0% ),50,0 ( 0.0% ),10648904660,1387061,44
2018-01-10,5,0.1%,5,0%,798,0.0%,6.3%,250000,0 ( 0.0% ),50,0 ( 0.0% ),10649154660,1387111,52
2018-01-11,5,0.1%,5,0%,695,0.0%,7.2%,250000,0 ( 0.0% ),50,0 ( 0.0% ),10649404660,1387161,50
2018-01-12,5,0.1%,5,0%,810,0.0%,6.2%,250000,0 ( 0.0% ),50,0 ( 0.0% ),10649654660,1387211,42
2018-01-13,6,0.1%,6,0%,936,0.0%,25.4%,1942000,1692000 ( 676.8% ),238,188 ( 376.0% ),10651596660,1387449,24
2018-01-14,5,0.1%,5,0%,748,0.0%,6.7%,250000,-1692000 ( -87.1% ),50,-188 ( -79.0% ),10651846660,1387499,45
2018-01-15,5,0.1%,5,0%,683,0.0%,7.3%,250000,0 ( 0.0% ),50,0 ( 0.0% ),10652096660,1387549,42
2018-01-16,5,0.1%,5,0%,683,0.0%,7.3%,250000,0 ( 0.0% ),50,0 ( 0.0% ),10652346660,1387599,56
2018-03-19,15,0.3%,22,0.1%,2689,0.1%,1.8%,252500,252500 ( 100.0% ),48,48 ( 100.0% ),10652599160,1387647,47
2018-03-20,17,0.3%,19,0.1%,2427,0.1%,1.6%,204000,-48500 ( -19.2% ),40,-8 ( -16.7% ),10652803160,1387687,58
2018-03-21,11,0.2%,15,0.1%,2072,0.1%,2.3%,243000,39000 ( 19.1% ),47,7 ( 17.5% ),10653046160,1387734,50
2018-03-22,11,0.2%,11,0.1%,1397,0.1%,2.1%,150000,-93000 ( -38.3% ),30,-17 ( -36.2% ),10653196160,1387764,69
2018-03-23,8,0.1%,8,0%,1194,0.0%,1.3%,75000,-75000 ( -50.0% ),15,-15 ( -50.0% ),10653271160,1387779,75
