날짜,스크린수,스크린점유율,상영횟수,상영점유율,좌석수,좌석점유율,좌석판매율,매출액,매출액증감(전일대비),관객수,관객수증감(전일대비),누적매출액,누적관객수,순위
2017-11-03,1,0.0%,1,0%,326,0.0%,100.0%,2282000,2282000 ( 100.0% ),326,326 ( 100.0% ),2282000,326,25
2017-11-08,3,0.1%,3,0%,572,0.0%,100.0%,4846000,4846000 ( 100.0% ),572,572 ( 100.0% ),7128000,898,16
2017-11-09,2,0.0%,2,0%,489,0.0%,100.0%,3968000,-878000 ( -18.1% ),489,-83 ( -14.5% ),11096000,1387,24
2017-11-10,8,0.1%,8,0%,1640,0.1%,95.4%,12512000,8544000 ( 215.3% ),1564,1075 ( 219.8% ),23608000,2951,13
2017-11-13,13,0.2%,17,0.1%,5735,0.2%,95.3%,46535500,46535500 ( 100.0% ),5463,5463 ( 100.0% ),70143500,8414,9
2017-11-14,49,0.8%,49,0.3%,9521,0.3%,99.6%,82651000,36115500 ( 77.6% ),9486,4023 ( 73.6% ),152794500,17900,7
2017-11-15,29,0.4%,29,0.2%,6701,0.2%,98.8%,53641000,-29010000 ( -35.1% ),6619,-2867 ( -30.2% ),206435500,24519,9
2017-11-16,6,0.1%,6,0%,976,0.0%,116.2%,8894000,-44747000 ( -83.4% ),1134,-5485 ( -82.9% ),215329500,25653,17
2017-11-17,40,0.7%,40,0.2%,7609,0.3%,99.9%,68382000,59488000 ( 668.9% ),7598,6464 ( 570.0% ),283711500,33251,8
2017-11-20,11,0.2%,11,0.1%,3154,0.1%,100.0%,25232000,25232000 ( 100.0% ),3154,3154 ( 100.0% ),308943500,36405,9
2017-11-21,23,0.4%,23,0.1%,4795,0.2%,48.7%,24678800,-553200 ( -2.2% ),2334,-820 ( -26.0% ),333622300,38739,9
2017-11-22,1195,23.0%,6295,37.2%,1196205,43.2%,17.8%,1564888600,1540209800 ( 6241.0% ),213172,210838 ( 9033.3% ),1898510900,251911,1
2017-11-23,1210,21.2%,6393,37.1%,1220363,43.5%,18.4%,1641943500,77054900 ( 4.9% ),224945,11773 ( 5.5% ),3540454400,476856,1
2017-11-24,1253,21.9%,6666,38.2%,1268485,44.7%,20.8%,2115161898,473218398 ( 28.8% ),263452,38507 ( 17.1% ),5655616298,740308,1
2017-11-25,1314,21.3%,7329,39.1%,1399789,46.2%,33.9%,3913018050,1797856152 ( 85.0% ),474990,211538 ( 80.3% ),9568634348,1215298,1
2017-11-26,1294,21.3%,7208,39.4%,1380068,46.7%,34.3%,3916372500,3354450 ( 0.1% ),473846,-1144 ( -0.2% ),13485006848,1689144,1
2017-11-27,1249,23.1%,6743,40.8%,1288423,47.5%,12.4%,1174266500,-2742106000 ( -70.0% ),159897,-313949 ( -66.3% ),14659273348,1849041,1
2017-11-28,1275,22.6%,6715,40.7%,1282202,47.3%,11.6%,1085874200,-88392300 ( -7.5% ),149371,-10526 ( -6.6% ),15745147548,1998412,1
2017-11-29,1008,18.6%,4614,26.1%,904921,31.5%,22.3%,1175320600,89446400 ( 8.2% ),201523,52152 ( 34.9% ),16920468148,2199935,1
2017-11-30,944,17.1%,4456,25.5%,862822,30.5%,14.4%,898433200,-276887400 ( -23.6% ),124399,-77124 ( -38.3% ),17818901348,2324334,1
2017-12-01,981,17.9%,4734,26.4%,921551,31.6%,15.4%,1152412273,253979073 ( 28.3% ),141883,17484 ( 14.1% ),18971313621,2466217,1
2017-12-02,1006,17.2%,5146,26.8%,1006568,32.6%,27.5%,2317118874,1164706601 ( 101.1% ),277291,135408 ( 95.4% ),21288432495,2743508,1
2017-12-03,1000,17.2%,5033,27%,982263,32.6%,25.7%,2117649400,-199469474 ( -8.6% ),252473,-24818 ( -9.0% ),23406081895,2995981,1
2017-12-04,954,18.6%,4633,27.4%,904526,32.6%,9.3%,616403500,-1501245900 ( -70.9% ),84468,-168005 ( -66.5% ),24022485395,3080449,1
2017-12-05,974,18.4%,4617,27.4%,904614,32.7%,8.9%,585328700,-31074800 ( -5.0% ),80925,-3543 ( -4.2% ),24607814095,3161374,1
2017-12-06,949,18.0%,4557,27.2%,889228,32.4%,8.3%,531876200,-53452500 ( -9.1% ),73725,-7200 ( -8.9% ),25139690295,3235099,1
2017-12-07,820,13.3%,3525,20.3%,705889,24.9%,9.8%,501722600,-30153600 ( -5.7% ),69214,-4511 ( -6.1% ),25641412895,3304313,1
2017-12-08,856,13.2%,3611,20.2%,720831,24.7%,12.6%,721449500,219726900 ( 43.8% ),90567,21353 ( 30.9% ),26362862395,3394880,1
2017-12-09,856,12.3%,3816,19.8%,761044,24.4%,22.2%,1412800200,691350700 ( 95.8% ),169265,78698 ( 86.9% ),27775662595,3564145,1
2017-12-10,847,12.3%,3665,19.6%,732714,24.1%,21.6%,1335423800,-77376400 ( -5.5% ),158299,-10966 ( -6.5% ),29111086395,3722444,1
2017-12-11,831,13.7%,3514,21%,692082,25.2%,8.3%,418211100,-917212700 ( -68.7% ),57741,-100558 ( -63.5% ),29529297495,3780185,1
2017-12-12,844,13.7%,3487,21.2%,690870,25.6%,8.0%,402785200,-15425900 ( -3.7% ),55607,-2134 ( -3.7% ),29932082695,3835792,1
2017-12-13,857,13.7%,3520,21.3%,692656,25.5%,8.3%,411267600,8482400 ( 2.1% ),57588,1981 ( 3.6% ),30343350295,3893380,1
2017-12-14,553,9.0%,1265,7.9%,168633,6.6%,12.6%,147693800,-263573800 ( -64.1% ),21186,-36402 ( -63.2% ),30491044095,3914566,3
2017-12-15,529,8.6%,1236,7.5%,162391,6.2%,14.2%,180974300,33280500 ( 22.5% ),23045,1859 ( 8.8% ),30672018395,3937611,4
2017-12-16,494,7.8%,1057,6.1%,136886,4.9%,22.1%,252633100,71658800 ( 39.6% ),30267,7222 ( 31.3% ),30924651495,3967878,6
2017-12-17,478,7.7%,972,5.7%,124754,4.6%,19.8%,205625000,-47008100 ( -18.6% ),24696,-5571 ( -18.4% ),31130276495,3992574,6
2017-12-18,485,8.5%,1113,7.2%,141916,5.7%,7.5%,78045400,-127579600 ( -62.0% ),10691,-14005 ( -56.7% ),31208321895,4003265,4
2017-12-19,496,8.4%,1058,6.8%,135298,5.4%,8.2%,79621900,1576500 ( 2.0% ),11146,455 ( 4.3% ),31287943795,4014411,4
2017-12-20,74,1.4%,110,0.7%,13598,0.5%,8.5%,7809000,-71812900 ( -90.2% ),1150,-9996 ( -89.7% ),31295752795,4015561,12
2017-12-21,25,0.4%,28,0.2%,3405,0.1%,6.4%,1483000,-6326000 ( -81.0% ),219,-931 ( -81.0% ),31297235795,4015780,35
2017-12-22,29,0.5%,35,0.2%,4216,0.2%,26.2%,7549000,6066000 ( 409.0% ),1106,887 ( 405.0% ),31304784795,4016886,16
2017-12-23,6,0.1%,8,0%,678,0.0%,19.2%,1134500,-6414500 ( -85.0% ),130,-976 ( -88.2% ),31305919295,4017016,39
2017-12-24,8,0.1%,11,0.1%,1051,0.0%,21.8%,1771500,637000 ( 56.1% ),229,99 ( 76.2% ),31307690795,4017245,30
2017-12-25,5,0.1%,6,0%,507,0.0%,15.4%,594000,-1177500 ( -66.5% ),78,-151 ( -65.9% ),31308284795,4017323,44
2017-12-26,8,0.1%,9,0.1%,906,0.0%,9.9%,596500,2500 ( 0.4% ),90,12 ( 15.4% ),31308881295,4017413,43
2017-12-27,3,0.1%,3,0%,244,0.0%,8.2%,138500,-458000 ( -76.8% ),20,-70 ( -77.8% ),31309019795,4017433,64
2017-12-28,6,0.1%,6,0%,720,0.0%,21.1%,760000,621500 ( 448.7% ),152,132 ( 660.0% ),31309779795,4017585,44
2017-12-29,5,0.1%,5,0%,592,0.0%,25.3%,750000,-10000 ( -1.3% ),150,-2 ( -1.3% ),31310529795,4017735,36
2017-12-30,5,0.1%,5,0%,739,0.0%,20.3%,750000,0 ( 0.0% ),150,0 ( 0.0% ),31311279795,4017885,38
2017-12-31,5,0.1%,5,0%,715,0.0%,21.0%,750000,0 ( 0.0% ),150,0 ( 0.0% ),31312029795,4018035,30
2018-01-01,5,0.1%,5,0%,689,0.0%,14.5%,500000,-250000 ( -33.3% ),100,-50 ( -33.3% ),31312529795,4018135,31
2018-01-02,5,0.1%,5,0%,648,0.0%,15.4%,500000,0 ( 0.0% ),100,0 ( 0.0% ),31313029795,4018235,32
2018-01-03,6,0.1%,6,0%,779,0.0%,13.1%,512000,12000 ( 2.4% ),102,2 ( 2.0% ),31313541795,4018337,33
2018-01-08,1,0.0%,1,0%,76,0.0%,1.3%,4000,4000 ( 100.0% ),1,1 ( 100.0% ),31313545795,4018338,66
2018-01-09,1,0.0%,1,0%,76,0.0%,3.9%,23000,19000 ( 475.0% ),3,2 ( 200.0% ),31313568795,4018341,75
2018-05-02,1,0.0%,1,0%,99,0.0%,0.0%,0,0 ( 0.0% ),0,0 ( 0.0% ),31313568795,4018341,111
2018-05-06,1,0.0%,1,0%,162,0.0%,0.0%,0,0 ( 0.0% ),0,0 ( 0.0% ),31313568795,4018341,101
2018-05-16,1,0.0%,1,0%,162,0.0%,0.0%,0,0 ( 0.0% ),0,0 ( 0.0% ),31313568795,4018341,114
