날짜,스크린수,스크린점유율,상영횟수,상영점유율,좌석수,좌석점유율,좌석판매율,매출액,매출액증감(전일대비),관객수,관객수증감(전일대비),누적매출액,누적관객수,순위
2016-07-05,1,0.0%,1,0%,189,0.0%,100.0%,1323000,1323000 ( 100.0% ),189,189 ( 100.0% ),1323000,189,33
2016-07-06,1,0.0%,1,0%,107,0.0%,100.0%,749000,-574000 ( -43.4% ),107,-82 ( -43.4% ),2072000,296,46
2016-07-12,1,0.0%,1,0%,189,0.0%,100.0%,1323000,1323000 ( 100.0% ),189,189 ( 100.0% ),3395000,485,35
2016-07-13,3,0.1%,5,0%,469,0.0%,32.2%,1062000,-261000 ( -19.7% ),151,-38 ( -20.1% ),4457000,636,42
2016-07-14,81,1.6%,144,0.9%,16954,0.6%,16.9%,20748300,19686300 ( 1853.7% ),2859,2708 ( 1793.4% ),25205300,3495,8
2016-07-15,83,1.4%,147,0.9%,18108,0.7%,15.8%,22930900,2182600 ( 10.5% ),2862,3 ( 0.1% ),48136200,6357,9
2016-07-16,69,1.1%,125,0.7%,14072,0.5%,32.1%,36718900,13788000 ( 60.1% ),4515,1653 ( 57.8% ),84855100,10872,9
2016-07-17,64,1.0%,119,0.7%,13924,0.5%,27.8%,32227900,-4491000 ( -12.2% ),3868,-647 ( -14.3% ),117083000,14740,9
2016-07-18,85,1.7%,179,1.1%,21151,0.8%,14.5%,22343900,-9884000 ( -30.7% ),3070,-798 ( -20.6% ),139426900,17810,8
2016-07-19,88,1.7%,179,1.1%,20379,0.8%,15.2%,22733900,390000 ( 1.7% ),3099,29 ( 0.9% ),162160800,20909,8
2016-07-20,57,1.2%,96,0.6%,11157,0.4%,19.5%,15865800,-6868100 ( -30.2% ),2171,-928 ( -29.9% ),178026600,23080,9
2016-07-21,54,1.1%,96,0.6%,12479,0.5%,23.2%,21217100,5351300 ( 33.7% ),2890,719 ( 33.1% ),199243700,25970,10
2016-07-22,52,1.1%,96,0.6%,12070,0.4%,20.4%,20636700,-580400 ( -2.7% ),2461,-429 ( -14.8% ),219880400,28431,10
2016-07-23,52,1.0%,91,0.5%,10912,0.4%,38.7%,34147500,13510800 ( 65.5% ),4221,1760 ( 71.5% ),254027900,32652,9
2016-07-24,48,1.0%,86,0.5%,10629,0.4%,38.9%,34189800,42300 ( 0.1% ),4134,-87 ( -2.1% ),288217700,36786,9
2016-07-25,51,1.1%,103,0.6%,12620,0.5%,20.0%,17863100,-16326700 ( -47.8% ),2522,-1612 ( -39.0% ),306080800,39308,10
2016-07-26,57,1.2%,116,0.7%,14422,0.5%,19.8%,20164500,2301400 ( 12.9% ),2857,335 ( 13.3% ),326245300,42165,10
2016-07-27,43,0.9%,77,0.4%,8578,0.3%,27.4%,14715900,-5448600 ( -27.0% ),2353,-504 ( -17.6% ),340961200,44518,10
2016-07-28,46,1.0%,68,0.4%,8459,0.3%,24.7%,14389000,-326900 ( -2.2% ),2089,-264 ( -11.2% ),355350200,46607,11
2016-07-29,41,0.9%,75,0.4%,9207,0.3%,23.6%,17153600,2764600 ( 19.2% ),2169,80 ( 3.8% ),372503800,48776,11
2016-07-30,42,0.8%,76,0.4%,9430,0.3%,37.2%,29334500,12180900 ( 71.0% ),3508,1339 ( 61.7% ),401838300,52284,11
2016-07-31,42,0.9%,77,0.4%,9855,0.3%,36.5%,29684000,349500 ( 1.2% ),3595,87 ( 2.5% ),431522300,55879,10
2016-08-01,40,0.9%,71,0.4%,8384,0.3%,26.4%,16782500,-12901500 ( -43.5% ),2213,-1382 ( -38.4% ),448304800,58092,11
2016-08-02,43,0.9%,71,0.4%,8399,0.3%,28.1%,16642500,-140000 ( -0.8% ),2357,144 ( 6.5% ),464947300,60449,12
2016-08-03,36,0.7%,67,0.4%,7830,0.3%,22.8%,13101500,-3541000 ( -21.3% ),1786,-571 ( -24.2% ),478048800,62235,13
2016-08-04,37,0.7%,61,0.3%,7241,0.2%,21.7%,11042900,-2058600 ( -15.7% ),1570,-216 ( -12.1% ),489091700,63805,15
2016-08-05,39,0.7%,71,0.4%,8574,0.3%,20.4%,14243700,3200800 ( 29.0% ),1749,179 ( 11.4% ),503335400,65554,12
2016-08-06,37,0.7%,69,0.4%,8539,0.3%,31.3%,22206800,7963100 ( 55.9% ),2673,924 ( 52.8% ),525542200,68227,13
2016-08-07,39,0.7%,67,0.4%,8129,0.3%,31.8%,21395800,-811000 ( -3.7% ),2589,-84 ( -3.1% ),546938000,70816,13
2016-08-08,34,0.7%,60,0.3%,7185,0.2%,20.7%,10667000,-10728800 ( -50.1% ),1484,-1105 ( -42.7% ),557605000,72300,12
2016-08-09,34,0.7%,60,0.3%,7012,0.2%,19.5%,9799500,-867500 ( -8.1% ),1364,-120 ( -8.1% ),567404500,73664,13
2016-08-10,33,0.6%,58,0.3%,6897,0.2%,18.8%,8992100,-807400 ( -8.2% ),1294,-70 ( -5.1% ),576396600,74958,15
2016-08-11,32,0.6%,49,0.3%,6110,0.2%,15.7%,7050700,-1941400 ( -21.6% ),961,-333 ( -25.7% ),583447300,75919,16
2016-08-12,31,0.6%,53,0.3%,6656,0.2%,20.4%,10591800,3541100 ( 50.2% ),1361,400 ( 41.6% ),594039100,77280,14
2016-08-13,33,0.5%,53,0.3%,6531,0.2%,27.8%,14095000,3503200 ( 33.1% ),1814,453 ( 33.3% ),608134100,79094,15
2016-08-14,31,0.5%,52,0.3%,6459,0.2%,27.7%,14799700,704700 ( 5.0% ),1789,-25 ( -1.4% ),622933800,80883,15
2016-08-15,25,0.4%,40,0.2%,4955,0.2%,39.4%,15638800,839100 ( 5.7% ),1952,163 ( 9.1% ),638572600,82835,14
2016-08-16,25,0.5%,44,0.3%,5291,0.2%,15.4%,5566500,-10072300 ( -64.4% ),816,-1136 ( -58.2% ),644139100,83651,16
2016-08-17,22,0.4%,31,0.2%,4158,0.2%,17.6%,5063500,-503000 ( -9.0% ),730,-86 ( -10.5% ),649202600,84381,20
2016-08-18,15,0.3%,24,0.1%,3398,0.1%,18.3%,4167500,-896000 ( -17.7% ),621,-109 ( -14.9% ),653370100,85002,23
2016-08-19,14,0.2%,21,0.1%,3138,0.1%,15.5%,3409700,-757800 ( -18.2% ),485,-136 ( -21.9% ),656779800,85487,23
2016-08-20,15,0.2%,23,0.1%,3067,0.1%,31.6%,7410000,4000300 ( 117.3% ),968,483 ( 99.6% ),664189800,86455,23
2016-08-21,15,0.2%,23,0.1%,3391,0.1%,28.3%,7076600,-333400 ( -4.5% ),958,-10 ( -1.0% ),671266400,87413,22
2016-08-22,13,0.2%,19,0.1%,2683,0.1%,16.6%,2984000,-4092600 ( -57.8% ),445,-513 ( -53.5% ),674250400,87858,25
2016-08-23,12,0.2%,20,0.1%,2670,0.1%,16.0%,2870500,-113500 ( -3.8% ),428,-17 ( -3.8% ),677120900,88286,24
2016-08-24,16,0.3%,23,0.1%,3238,0.1%,17.4%,3758500,888000 ( 30.9% ),563,135 ( 31.5% ),680879400,88849,24
2016-08-25,11,0.2%,16,0.1%,1794,0.1%,18.7%,2389700,-1368800 ( -36.4% ),335,-228 ( -40.5% ),683269100,89184,34
2016-08-26,12,0.2%,17,0.1%,1735,0.1%,20.7%,2807500,417800 ( 17.5% ),359,24 ( 7.2% ),686076600,89543,35
2016-08-27,14,0.2%,19,0.1%,2065,0.1%,24.2%,3643200,835700 ( 29.8% ),499,140 ( 39.0% ),689719800,90042,33
2016-08-28,12,0.2%,16,0.1%,1564,0.1%,22.6%,2690300,-952900 ( -26.2% ),354,-145 ( -29.1% ),692410100,90396,35
2016-08-29,9,0.2%,15,0.1%,1632,0.1%,15.6%,1815500,-874800 ( -32.5% ),254,-100 ( -28.2% ),694225600,90650,33
2016-08-30,13,0.2%,16,0.1%,1621,0.1%,13.0%,1545000,-270500 ( -14.9% ),211,-43 ( -16.9% ),695770600,90861,37
2016-08-31,11,0.2%,16,0.1%,1600,0.1%,17.6%,1855200,310200 ( 20.1% ),281,70 ( 33.2% ),697625800,91142,37
2016-09-01,9,0.2%,11,0.1%,1084,0.0%,12.0%,920000,-935200 ( -50.4% ),130,-151 ( -53.7% ),698545800,91272,51
2016-09-02,10,0.2%,13,0.1%,1314,0.0%,14.0%,1379500,459500 ( 49.9% ),184,54 ( 41.5% ),699925300,91456,42
2016-09-03,7,0.1%,9,0.1%,716,0.0%,25.4%,1501500,122000 ( 8.8% ),182,-2 ( -1.1% ),701426800,91638,50
2016-09-04,11,0.2%,13,0.1%,1354,0.0%,20.5%,2210000,708500 ( 47.2% ),278,96 ( 52.7% ),703636800,91916,42
2016-09-05,7,0.1%,11,0.1%,1018,0.0%,9.3%,685000,-1525000 ( -69.0% ),95,-183 ( -65.8% ),704321800,92011,49
2016-09-06,7,0.1%,12,0.1%,1168,0.0%,8.2%,679000,-6000 ( -0.9% ),96,1 ( 1.1% ),705000800,92107,61
2016-09-07,6,0.1%,8,0.1%,934,0.0%,19.0%,1155200,476200 ( 70.1% ),177,81 ( 84.4% ),706156000,92284,37
2016-09-08,7,0.1%,7,0%,766,0.0%,6.3%,374000,-781200 ( -67.6% ),48,-129 ( -72.9% ),706530000,92332,61
2016-09-09,5,0.1%,6,0%,658,0.0%,9.0%,473000,99000 ( 26.5% ),59,11 ( 22.9% ),707003000,92391,58
2016-09-10,7,0.1%,9,0.1%,1044,0.0%,11.7%,991000,518000 ( 109.5% ),122,63 ( 106.8% ),707994000,92513,51
2016-09-11,6,0.1%,8,0%,838,0.0%,14.3%,1082000,91000 ( 9.2% ),120,-2 ( -1.6% ),709076000,92633,46
2016-09-12,4,0.1%,4,0%,434,0.0%,3.9%,129000,-953000 ( -88.1% ),17,-103 ( -85.8% ),709205000,92650,76
2016-09-13,6,0.1%,6,0%,734,0.0%,7.5%,389000,260000 ( 201.6% ),55,38 ( 223.5% ),709594000,92705,63
2016-09-14,6,0.1%,8,0%,838,0.0%,10.4%,729000,340000 ( 87.4% ),87,32 ( 58.2% ),710323000,92792,52
2016-09-15,6,0.1%,8,0%,946,0.0%,11.7%,990000,261000 ( 35.8% ),111,24 ( 27.6% ),711313000,92903,45
2016-09-16,5,0.1%,6,0%,596,0.0%,16.6%,903000,-87000 ( -8.8% ),99,-12 ( -10.8% ),712216000,93002,56
2016-09-17,6,0.1%,7,0%,808,0.0%,23.5%,1405000,502000 ( 55.6% ),190,91 ( 91.9% ),713621000,93192,42
2016-09-18,6,0.1%,6,0%,682,0.0%,18.5%,1144000,-261000 ( -18.6% ),126,-64 ( -33.7% ),714765000,93318,43
2016-09-19,5,0.1%,6,0%,664,0.0%,9.8%,423000,-721000 ( -63.0% ),65,-61 ( -48.4% ),715188000,93383,45
2016-09-20,4,0.1%,4,0%,392,0.0%,7.7%,251000,-172000 ( -40.7% ),30,-35 ( -53.8% ),715439000,93413,59
2016-09-21,3,0.1%,3,0%,342,0.0%,9.1%,240000,-11000 ( -4.4% ),31,1 ( 3.3% ),715679000,93444,67
2016-09-22,2,0.0%,2,0%,196,0.0%,4.6%,77000,-163000 ( -67.9% ),9,-22 ( -71.0% ),715756000,93453,95
2016-09-23,2,0.0%,2,0%,290,0.0%,8.3%,201000,124000 ( 161.0% ),24,15 ( 166.7% ),715957000,93477,76
2016-09-24,2,0.0%,2,0%,196,0.0%,7.7%,135000,-66000 ( -32.8% ),15,-9 ( -37.5% ),716092000,93492,117
2016-09-25,2,0.0%,2,0%,210,0.0%,20.0%,365000,230000 ( 170.4% ),42,27 ( 180.0% ),716457000,93534,76
2016-09-26,4,0.1%,4,0%,400,0.0%,28.3%,643000,278000 ( 76.2% ),113,71 ( 169.0% ),717100000,93647,46
2016-09-27,4,0.1%,4,0%,406,0.0%,9.4%,314000,-329000 ( -51.2% ),38,-75 ( -66.4% ),717414000,93685,68
2016-09-28,1,0.0%,1,0%,52,0.0%,7.7%,36000,-278000 ( -88.5% ),4,-34 ( -89.5% ),717450000,93689,111
2016-09-29,2,0.0%,2,0%,196,0.0%,2.0%,34000,-2000 ( -5.6% ),4,0 ( 0.0% ),717484000,93693,99
2016-09-30,2,0.0%,2,0%,110,0.0%,35.5%,223032,189032 ( 556.0% ),39,35 ( 875.0% ),717707032,93732,60
2016-10-01,2,0.0%,2,0%,204,0.0%,4.9%,88000,-135032 ( -60.5% ),10,-29 ( -74.4% ),717795032,93742,87
2016-10-02,1,0.0%,1,0%,152,0.0%,3.9%,36000,-52000 ( -59.1% ),6,-4 ( -40.0% ),717831032,93748,84
2016-10-03,1,0.0%,1,0%,90,0.0%,14.4%,78000,42000 ( 116.7% ),13,7 ( 116.7% ),717909032,93761,77
2016-10-04,1,0.0%,1,0%,52,0.0%,3.8%,18000,-60000 ( -76.9% ),2,-11 ( -84.6% ),717927032,93763,87
2016-10-06,1,0.0%,1,0%,52,0.0%,7.7%,36000,36000 ( 100.0% ),4,4 ( 100.0% ),717963032,93767,73
2016-10-07,2,0.0%,2,0%,142,0.0%,6.3%,75000,39000 ( 108.3% ),9,5 ( 125.0% ),718038032,93776,65
2016-10-08,2,0.0%,2,0%,204,0.0%,4.4%,69000,-6000 ( -8.0% ),9,0 ( 0.0% ),718107032,93785,76
2016-10-09,2,0.0%,2,0%,204,0.0%,7.4%,135000,66000 ( 95.7% ),15,6 ( 66.7% ),718242032,93800,62
2016-10-11,1,0.0%,1,0%,52,0.0%,5.8%,24000,24000 ( 100.0% ),3,3 ( 100.0% ),718266032,93803,86
2016-10-12,1,0.0%,1,0%,52,0.0%,15.4%,72000,48000 ( 200.0% ),8,5 ( 166.7% ),718338032,93811,78
2016-10-14,2,0.0%,2,0%,204,0.0%,3.4%,57000,57000 ( 100.0% ),7,7 ( 100.0% ),718395032,93818,89
2016-10-15,2,0.0%,2,0%,204,0.0%,10.3%,181000,124000 ( 217.5% ),21,14 ( 200.0% ),718576032,93839,80
2016-10-16,1,0.0%,1,0%,52,0.0%,9.6%,45000,-136000 ( -75.1% ),5,-16 ( -76.2% ),718621032,93844,98
2016-10-17,1,0.0%,1,0%,52,0.0%,1.9%,9000,-36000 ( -80.0% ),1,-4 ( -80.0% ),718630032,93845,77
2016-10-18,1,0.0%,2,0%,104,0.0%,3.8%,30000,21000 ( 233.3% ),4,3 ( 300.0% ),718660032,93849,89
2016-10-19,1,0.0%,1,0%,52,0.0%,3.8%,18000,-12000 ( -40.0% ),2,-2 ( -50.0% ),718678032,93851,96
2016-10-20,1,0.0%,1,0%,52,0.0%,15.4%,72000,54000 ( 300.0% ),8,6 ( 300.0% ),718750032,93859,89
2016-10-22,1,0.0%,1,0%,52,0.0%,30.8%,144000,144000 ( 100.0% ),16,16 ( 100.0% ),718894032,93875,97
2016-10-24,1,0.0%,1,0%,52,0.0%,5.8%,24000,24000 ( 100.0% ),3,3 ( 100.0% ),718918032,93878,104
2016-10-26,1,0.0%,1,0%,52,0.0%,1.9%,9000,9000 ( 100.0% ),1,1 ( 100.0% ),718927032,93879,114
2016-10-29,1,0.0%,1,0%,250,0.0%,27.2%,544000,544000 ( 100.0% ),68,68 ( 100.0% ),719471032,93947,57
2016-11-07,1,0.0%,1,0%,110,0.0%,15.5%,96000,96000 ( 100.0% ),17,17 ( 100.0% ),719567032,93964,68
2016-11-08,1,0.0%,1,0%,110,0.0%,27.3%,181000,85000 ( 88.5% ),30,13 ( 76.5% ),719748032,93994,55
2016-11-09,1,0.0%,1,0%,110,0.0%,24.5%,161000,-20000 ( -11.0% ),27,-3 ( -10.0% ),719909032,94021,66
2016-11-10,2,0.0%,2,0%,214,0.0%,14.0%,187000,26000 ( 16.1% ),30,3 ( 11.1% ),720096032,94051,76
2016-11-11,1,0.0%,1,0%,110,0.0%,11.8%,78000,-109000 ( -58.3% ),13,-17 ( -56.7% ),720174032,94064,99
2016-11-12,2,0.0%,2,0%,214,0.0%,26.2%,329000,251000 ( 321.8% ),56,43 ( 330.8% ),720503032,94120,66
2016-11-13,1,0.0%,1,0%,110,0.0%,62.7%,436200,107200 ( 32.6% ),69,13 ( 23.2% ),720939232,94189,55
2016-11-16,1,0.0%,1,0%,70,0.0%,0.0%,0,0 ( 0.0% ),0,0 ( 0.0% ),720939232,94189,137
2016-11-17,1,0.0%,1,0%,166,0.0%,1.8%,19000,19000 ( 100.0% ),3,3 ( 100.0% ),720958232,94192,128
2016-11-18,1,0.0%,1,0%,166,0.0%,4.8%,46000,27000 ( 142.1% ),8,5 ( 166.7% ),721004232,94200,109
2016-11-21,1,0.0%,1,0%,166,0.0%,16.9%,158500,158500 ( 100.0% ),28,28 ( 100.0% ),721162732,94228,70
2016-11-22,1,0.0%,1,0%,166,0.0%,9.0%,81500,-77000 ( -48.6% ),15,-13 ( -46.4% ),721244232,94243,98
2017-10-07,1,0.0%,1,0%,144,0.0%,0.0%,0,0 ( 0.0% ),0,0 ( 0.0% ),721244232,94243,87
2018-05-24,1,0.0%,1,0%,72,0.0%,37.5%,243000,243000 ( 100.0% ),27,27 ( 100.0% ),721487232,94270,63
2018-05-28,1,0.0%,1,0%,72,0.0%,55.6%,332000,332000 ( 100.0% ),40,40 ( 100.0% ),721819232,94310,47
2018-07-05,2,0.0%,2,0%,233,0.0%,6.0%,83000,83000 ( 100.0% ),14,14 ( 100.0% ),721902232,94324,71
2018-07-07,1,0.0%,1,0%,103,0.0%,7.8%,51000,51000 ( 100.0% ),8,8 ( 100.0% ),721953232,94332,86
2018-07-08,1,0.0%,1,0%,30,0.0%,60.0%,175000,124000 ( 243.1% ),18,10 ( 125.0% ),722128232,94350,74
2018-07-10,1,0.0%,2,0%,60,0.0%,28.3%,133000,133000 ( 100.0% ),17,17 ( 100.0% ),722261232,94367,75
2018-07-11,1,0.0%,1,0%,103,0.0%,8.7%,54000,-79000 ( -59.4% ),9,-8 ( -47.1% ),722315232,94376,96
2018-07-14,1,0.0%,1,0%,30,0.0%,60.0%,160000,160000 ( 100.0% ),18,18 ( 100.0% ),722475232,94394,82
2018-07-16,4,0.1%,4,0%,366,0.0%,15.6%,400000,400000 ( 100.0% ),57,57 ( 100.0% ),722875232,94451,53
2018-07-20,1,0.0%,1,0%,30,0.0%,36.7%,88000,88000 ( 100.0% ),11,11 ( 100.0% ),722963232,94462,103
2018-07-22,1,0.0%,1,0%,30,0.0%,86.7%,248000,248000 ( 100.0% ),26,26 ( 100.0% ),723211232,94488,77
2018-07-24,1,0.0%,1,0%,30,0.0%,40.0%,103000,103000 ( 100.0% ),12,12 ( 100.0% ),723314232,94500,85
2018-07-25,1,0.0%,1,0%,30,0.0%,56.7%,124000,21000 ( 20.4% ),17,5 ( 41.7% ),723438232,94517,87
2018-07-28,1,0.0%,1,0%,30,0.0%,33.3%,95000,95000 ( 100.0% ),10,10 ( 100.0% ),723533232,94527,81
2018-08-02,1,0.0%,1,0%,30,0.0%,86.7%,198000,198000 ( 100.0% ),26,26 ( 100.0% ),723731232,94553,56
2018-08-07,1,0.0%,1,0%,30,0.0%,60.0%,130000,130000 ( 100.0% ),18,18 ( 100.0% ),723861232,94571,59
2018-08-11,1,0.0%,1,0%,30,0.0%,60.0%,164000,164000 ( 100.0% ),18,18 ( 100.0% ),724025232,94589,63
2018-08-14,1,0.0%,1,0%,30,0.0%,70.0%,171000,171000 ( 100.0% ),21,21 ( 100.0% ),724196232,94610,60
2018-08-19,1,0.0%,1,0%,30,0.0%,33.3%,91000,91000 ( 100.0% ),10,10 ( 100.0% ),724287232,94620,77
2018-08-23,1,0.0%,1,0%,30,0.0%,23.3%,56000,56000 ( 100.0% ),7,7 ( 100.0% ),724343232,94627,90
2019-05-14,1,0.0%,1,0%,58,0.0%,81.0%,370000,370000 ( 100.0% ),47,47 ( 100.0% ),724713232,94674,53
2019-06-23,1,0.0%,1,0%,138,0.0%,15.9%,201000,201000 ( 100.0% ),22,22 ( 100.0% ),724914232,94696,69
2019-06-25,1,0.0%,1,0%,138,0.0%,5.8%,55000,55000 ( 100.0% ),8,8 ( 100.0% ),724969232,94704,89
2019-07-28,1,0.0%,1,0%,152,0.0%,3.9%,45000,45000 ( 100.0% ),6,6 ( 100.0% ),725014232,94710,83
2019-11-13,1,0.0%,1,0%,103,0.0%,11.7%,82000,82000 ( 100.0% ),12,12 ( 100.0% ),725096232,94722,92
