날짜,스크린수,스크린점유율,상영횟수,상영점유율,좌석수,좌석점유율,좌석판매율,매출액,매출액증감(전일대비),관객수,관객수증감(전일대비),누적매출액,누적관객수,순위
2017-09-18,1,0.0%,1,0%,247,0.0%,100.0%,1482000,1482000 ( 100.0% ),247,247 ( 100.0% ),1482000,247,35
2017-09-25,12,0.2%,19,0.1%,4004,0.2%,91.9%,30010000,30010000 ( 100.0% ),3680,3680 ( 100.0% ),31492000,3927,7
2017-09-26,23,0.4%,23,0.1%,5443,0.2%,53.1%,28977800,-1032200 ( -3.4% ),2888,-792 ( -21.5% ),60469800,6815,10
2017-09-27,15,0.3%,15,0.1%,2954,0.1%,97.8%,21644000,-7333800 ( -25.3% ),2889,1 ( 0.0% ),82113800,9704,8
2017-09-28,12,0.2%,13,0.1%,2821,0.1%,94.2%,21272000,-372000 ( -1.7% ),2658,-231 ( -8.0% ),103385800,12362,8
2017-09-29,23,0.4%,23,0.1%,4323,0.2%,99.7%,36902000,15630000 ( 73.5% ),4310,1652 ( 62.2% ),140287800,16672,7
2017-09-30,20,0.3%,20,0.1%,2599,0.1%,97.1%,17474000,-19428000 ( -52.6% ),2524,-1786 ( -41.4% ),157761800,19196,11
2017-10-02,40,0.7%,41,0.2%,9764,0.3%,99.6%,77640000,77640000 ( 100.0% ),9722,9722 ( 100.0% ),235401800,28918,8
2017-10-03,1125,19.1%,5284,28.7%,1006315,34.1%,44.2%,3669119900,3591479900 ( 4625.8% ),444585,434863 ( 4473.0% ),3904521700,473503,1
2017-10-04,1165,19.8%,5390,29.5%,1030277,35.2%,53.6%,4655991000,986871100 ( 26.9% ),552722,108137 ( 24.3% ),8560512700,1026225,1
2017-10-05,1205,19.8%,5528,29.6%,1060520,35.6%,56.6%,4940801300,284810300 ( 6.1% ),599797,47075 ( 8.5% ),13501314000,1626022,1
2017-10-06,1221,19.2%,5466,29.2%,1054964,35.3%,55.2%,4731723954,-209077346 ( -4.2% ),582294,-17503 ( -2.9% ),18233037954,2208316,1
2017-10-07,1229,19.1%,5439,29%,1047525,34.9%,40.5%,3471456338,-1260267616 ( -26.6% ),424767,-157527 ( -27.1% ),21704494292,2633083,1
2017-10-08,1203,18.5%,5212,27.9%,1004809,33.5%,36.4%,3004716900,-466739438 ( -13.4% ),365976,-58791 ( -13.8% ),24709211192,2999059,2
2017-10-09,1152,18.9%,4835,26.8%,930666,32.2%,27.6%,2050060400,-954656500 ( -31.8% ),256815,-109161 ( -29.8% ),26759271592,3255874,2
2017-10-10,1011,21.7%,4332,27.4%,786784,30.5%,7.2%,400933000,-1649127400 ( -80.4% ),56673,-200142 ( -77.9% ),27160204592,3312547,2
2017-10-11,1005,21.7%,4235,26.8%,760343,29.5%,7.6%,407708900,6775900 ( 1.7% ),57962,1289 ( 2.3% ),27567913492,3370509,2
2017-10-12,702,13.7%,2370,14.1%,372655,13.6%,11.2%,293178900,-114530000 ( -28.1% ),41895,-16067 ( -27.7% ),27861092392,3412404,3
2017-10-13,692,13.2%,2343,13.8%,364114,13.2%,13.1%,369514200,76335300 ( 26.0% ),47562,5667 ( 13.5% ),28230606592,3459966,3
2017-10-14,668,11.5%,2311,12.8%,360954,12.4%,22.3%,660539400,291025200 ( 78.8% ),80501,32939 ( 69.3% ),28891145992,3540467,2
2017-10-15,646,11.3%,2259,12.8%,353050,12.4%,21.9%,632397900,-28141500 ( -4.3% ),77188,-3313 ( -4.1% ),29523543892,3617655,2
2017-10-16,643,13.1%,2191,13.8%,333231,12.9%,8.0%,189482700,-442915200 ( -70.0% ),26676,-50512 ( -65.4% ),29713026592,3644331,2
2017-10-17,674,13.2%,2180,13.7%,326754,12.6%,8.1%,183531000,-5951700 ( -3.1% ),26446,-230 ( -0.9% ),29896557592,3670777,2
2017-10-18,653,12.8%,2137,13.4%,323232,12.5%,8.1%,185601200,2070200 ( 1.1% ),26315,-131 ( -0.5% ),30082158792,3697092,2
2017-10-19,436,7.5%,1020,6.1%,129815,4.7%,10.1%,90976400,-94624800 ( -51.0% ),13110,-13205 ( -50.2% ),30173135192,3710202,4
2017-10-20,451,7.4%,1033,6%,131861,4.7%,11.9%,120194000,29217600 ( 32.1% ),15706,2596 ( 19.8% ),30293329192,3725908,4
2017-10-21,476,7.4%,1076,5.8%,137614,4.6%,17.8%,199143600,78949600 ( 65.7% ),24432,8726 ( 55.6% ),30492472792,3750340,4
2017-10-22,450,7.1%,1019,5.6%,132902,4.5%,18.3%,200085700,942100 ( 0.5% ),24339,-93 ( -0.4% ),30692558492,3774679,4
2017-10-23,429,7.7%,1003,6.1%,129664,4.8%,7.1%,65910200,-134175500 ( -67.1% ),9246,-15093 ( -62.0% ),30758468692,3783925,4
2017-10-24,446,7.8%,1018,6.2%,131588,4.8%,8.0%,73959500,8049300 ( 12.2% ),10521,1275 ( 13.8% ),30832428192,3794446,4
2017-10-25,221,4.1%,311,1.9%,36518,1.4%,14.2%,32010500,-41949000 ( -56.7% ),5196,-5325 ( -50.6% ),30864438692,3799642,8
2017-10-26,230,4.3%,339,2%,40849,1.5%,13.1%,35902000,3891500 ( 12.2% ),5335,139 ( 2.7% ),30900340692,3804977,7
2017-10-27,229,4.2%,328,1.9%,39751,1.4%,16.7%,50160700,14258700 ( 39.7% ),6635,1300 ( 24.4% ),30950501392,3811612,6
2017-10-28,182,3.2%,257,1.4%,29985,1.0%,22.5%,54646500,4485800 ( 8.9% ),6754,119 ( 1.8% ),31005147892,3818366,8
2017-10-29,182,3.3%,262,1.5%,30026,1.1%,26.2%,63582500,8936000 ( 16.4% ),7857,1103 ( 16.3% ),31068730392,3826223,6
2017-10-30,225,4.5%,356,2.2%,42695,1.6%,9.1%,26964700,-36617800 ( -57.6% ),3883,-3974 ( -50.6% ),31095695092,3830106,6
2017-10-31,232,4.5%,354,2.2%,41941,1.6%,11.4%,31493400,4528700 ( 16.8% ),4765,882 ( 22.7% ),31127188492,3834871,6
2017-11-01,215,4.2%,342,2.1%,40754,1.5%,8.1%,23035400,-8458000 ( -26.9% ),3296,-1469 ( -30.8% ),31150223892,3838167,7
2017-11-02,41,0.8%,51,0.3%,5601,0.2%,11.7%,4403500,-18631900 ( -80.9% ),656,-2640 ( -80.1% ),31154627392,3838823,18
2017-11-03,42,0.8%,52,0.3%,5915,0.2%,13.9%,6169500,1766000 ( 40.1% ),823,167 ( 25.5% ),31160796892,3839646,17
2017-11-04,25,0.4%,31,0.2%,3155,0.1%,18.1%,4661500,-1508000 ( -24.4% ),571,-252 ( -30.6% ),31165458392,3840217,24
2017-11-05,22,0.4%,27,0.1%,2416,0.1%,22.6%,4607300,-54200 ( -1.2% ),545,-26 ( -4.6% ),31170065692,3840762,23
2017-11-06,35,0.7%,46,0.3%,5169,0.2%,6.5%,2314500,-2292800 ( -49.8% ),336,-209 ( -38.3% ),31172380192,3841098,24
2017-11-07,38,0.7%,50,0.3%,5577,0.2%,6.2%,2417500,103000 ( 4.5% ),344,8 ( 2.4% ),31174797692,3841442,21
2017-11-08,42,0.8%,48,0.3%,5922,0.2%,8.3%,3224000,806500 ( 33.4% ),493,149 ( 43.3% ),31178021692,3841935,20
2017-11-09,36,0.6%,38,0.2%,5666,0.2%,15.8%,7114000,3890000 ( 120.7% ),896,403 ( 81.7% ),31185135692,3842831,14
2017-11-10,35,0.6%,36,0.2%,4952,0.2%,10.5%,3061500,-4052500 ( -57.0% ),518,-378 ( -42.2% ),31188197192,3843349,24
2017-11-11,26,0.4%,26,0.1%,4106,0.1%,15.8%,4317000,1255500 ( 41.0% ),648,130 ( 25.1% ),31192514192,3843997,24
2017-11-12,24,0.4%,24,0.1%,3624,0.1%,10.3%,2753200,-1563800 ( -36.2% ),375,-273 ( -42.1% ),31195267392,3844372,32
2017-11-13,32,0.6%,35,0.2%,5020,0.2%,12.4%,4098500,1345300 ( 48.9% ),621,246 ( 65.6% ),31199365892,3844993,16
2017-11-14,35,0.6%,37,0.2%,5202,0.2%,11.6%,4270000,171500 ( 4.2% ),603,-18 ( -2.9% ),31203635892,3845596,20
2017-11-15,22,0.3%,22,0.1%,3064,0.1%,10.9%,2101000,-2169000 ( -50.8% ),333,-270 ( -44.8% ),31205736892,3845929,21
2017-11-16,14,0.2%,14,0.1%,1944,0.1%,8.3%,885000,-1216000 ( -57.9% ),162,-171 ( -51.4% ),31206621892,3846091,48
2017-11-17,20,0.3%,20,0.1%,3098,0.1%,7.5%,1457000,572000 ( 64.6% ),233,71 ( 43.8% ),31208078892,3846324,33
2017-11-18,18,0.3%,18,0.1%,2903,0.1%,6.7%,1269500,-187500 ( -12.9% ),195,-38 ( -16.3% ),31209348392,3846519,43
2017-11-19,18,0.3%,18,0.1%,2823,0.1%,8.9%,1730900,461400 ( 36.3% ),250,55 ( 28.2% ),31211079292,3846769,37
2017-11-20,22,0.4%,22,0.1%,3298,0.1%,5.7%,1116500,-614400 ( -35.5% ),189,-61 ( -24.4% ),31212195792,3846958,33
2017-11-21,20,0.4%,20,0.1%,2836,0.1%,17.2%,3367000,2250500 ( 201.6% ),487,298 ( 157.7% ),31215562792,3847445,23
2017-11-22,15,0.3%,16,0.1%,1942,0.1%,3.3%,417000,-2950000 ( -87.6% ),64,-423 ( -86.9% ),31215979792,3847509,69
2017-11-23,8,0.1%,8,0%,872,0.0%,3.9%,226000,-191000 ( -45.8% ),34,-30 ( -46.9% ),31216205792,3847543,96
2017-11-24,9,0.2%,10,0.1%,1185,0.0%,30.0%,3164500,2938500 ( 1300.2% ),356,322 ( 947.1% ),31219370292,3847899,24
2017-11-25,7,0.1%,7,0%,1012,0.0%,3.5%,298500,-2866000 ( -90.6% ),35,-321 ( -90.2% ),31219668792,3847934,101
2017-11-26,7,0.1%,7,0%,1042,0.0%,2.3%,181000,-117500 ( -39.4% ),24,-11 ( -31.4% ),31219849792,3847958,106
2017-11-27,8,0.1%,8,0%,1138,0.0%,1.8%,124000,-57000 ( -31.5% ),20,-4 ( -16.7% ),31219973792,3847978,82
2017-11-28,11,0.2%,11,0.1%,1591,0.1%,2.1%,227000,103000 ( 83.1% ),33,13 ( 65.0% ),31220200792,3848011,94
2017-11-29,1,0.0%,1,0%,100,0.0%,2.0%,13000,-214000 ( -94.3% ),2,-31 ( -93.9% ),31220213792,3848013,130
2017-12-01,1,0.0%,1,0%,165,0.0%,57.6%,570000,570000 ( 100.0% ),95,95 ( 100.0% ),31220783792,3848108,56
2017-12-04,1,0.0%,1,0%,62,0.0%,96.8%,240000,240000 ( 100.0% ),60,60 ( 100.0% ),31221023792,3848168,65
2017-12-05,1,0.0%,1,0%,35,0.0%,85.7%,120000,-120000 ( -50.0% ),30,-30 ( -50.0% ),31221143792,3848198,92
2017-12-07,1,0.0%,1,0%,164,0.0%,56.1%,368000,368000 ( 100.0% ),92,92 ( 100.0% ),31221511792,3848290,63
2017-12-08,1,0.0%,2,0%,328,0.0%,47.6%,624000,256000 ( 69.6% ),156,64 ( 69.6% ),31222135792,3848446,46
2017-12-12,1,0.0%,1,0%,32,0.0%,100.0%,256000,256000 ( 100.0% ),32,32 ( 100.0% ),31222391792,3848478,86
2017-12-14,2,0.0%,2,0%,345,0.0%,87.0%,1200000,1200000 ( 100.0% ),300,300 ( 100.0% ),31223591792,3848778,32
2017-12-19,2,0.0%,2,0%,64,0.0%,100.0%,512000,512000 ( 100.0% ),64,64 ( 100.0% ),31224103792,3848842,60
2017-12-26,1,0.0%,1,0%,181,0.0%,91.2%,660000,660000 ( 100.0% ),165,165 ( 100.0% ),31224763792,3849007,34
2017-12-27,1,0.0%,1,0%,181,0.0%,44.2%,320000,-340000 ( -51.5% ),80,-85 ( -51.5% ),31225083792,3849087,42
2018-04-22,1,0.0%,1,0%,82,0.0%,51.2%,336000,336000 ( 100.0% ),42,42 ( 100.0% ),31225419792,3849129,74
