날짜,스크린수,스크린점유율,상영횟수,상영점유율,좌석수,좌석점유율,좌석판매율,매출액,매출액증감(전일대비),관객수,관객수증감(전일대비),누적매출액,누적관객수,순위
2017-09-28,1,0.0%,1,0%,401,0.0%,68.3%,2466000,2466000 ( 100.0% ),274,274 ( 100.0% ),2466000,274,32
2017-10-11,1,0.0%,1,0%,178,0.0%,100.0%,1582000,1582000 ( 100.0% ),178,178 ( 100.0% ),4048000,452,30
2017-10-23,3,0.1%,3,0%,424,0.0%,86.6%,3038000,3038000 ( 100.0% ),367,367 ( 100.0% ),7086000,819,23
2017-10-24,4,0.1%,4,0%,481,0.0%,86.5%,3204000,166000 ( 5.5% ),416,49 ( 13.4% ),10290000,1235,24
2017-10-25,2,0.0%,2,0%,390,0.0%,92.8%,2998000,-206000 ( -6.4% ),362,-54 ( -13.0% ),13288000,1597,24
2017-10-26,7,0.1%,7,0%,1014,0.0%,93.4%,7238000,4240000 ( 141.4% ),947,585 ( 161.6% ),20526000,2544,14
2017-10-27,3,0.1%,4,0%,731,0.0%,85.4%,5282000,-1956000 ( -27.0% ),624,-323 ( -34.1% ),25808000,3168,23
2017-10-28,1,0.0%,1,0%,55,0.0%,100.0%,275000,-5007000 ( -94.8% ),55,-569 ( -91.2% ),26083000,3223,78
2017-10-29,1,0.0%,1,0%,218,0.0%,91.7%,1600000,1325000 ( 481.8% ),200,145 ( 263.6% ),27683000,3423,38
2017-10-30,3,0.1%,3,0%,415,0.0%,99.3%,2384000,784000 ( 49.0% ),412,212 ( 106.0% ),30067000,3835,25
2017-10-31,9,0.2%,9,0.1%,2320,0.1%,96.2%,17156000,14772000 ( 619.6% ),2232,1820 ( 441.7% ),47223000,6067,10
2017-11-01,1,0.0%,1,0%,147,0.0%,100.0%,882000,-16274000 ( -94.9% ),147,-2085 ( -93.4% ),48105000,6214,39
2017-11-02,143,2.7%,209,1.2%,26465,1.0%,8.2%,14573500,13691500 ( 1552.3% ),2181,2034 ( 1383.7% ),62678500,8395,10
2017-11-03,144,2.7%,206,1.2%,25961,0.9%,4.7%,8641500,-5932000 ( -40.7% ),1209,-972 ( -44.6% ),71320000,9604,14
2017-11-04,156,2.7%,205,1.1%,24486,0.8%,6.1%,11785000,3143500 ( 36.4% ),1484,275 ( 22.7% ),83105000,11088,17
2017-11-05,149,2.6%,198,1.1%,23989,0.8%,10.4%,19291100,7506100 ( 63.7% ),2487,1003 ( 67.6% ),102396100,13575,12
2017-11-06,128,2.6%,175,1.1%,21709,0.8%,3.7%,5245500,-14045600 ( -72.8% ),806,-1681 ( -67.6% ),107641600,14381,13
2017-11-07,136,2.6%,173,1%,20702,0.8%,5.5%,6905800,1660300 ( 31.7% ),1138,332 ( 41.2% ),114547400,15519,13
2017-11-08,108,2.1%,138,0.8%,16619,0.6%,4.4%,4784500,-2121300 ( -30.7% ),724,-414 ( -36.4% ),119331900,16243,12
2017-11-09,21,0.4%,23,0.1%,2606,0.1%,9.8%,1466500,-3318000 ( -69.3% ),255,-469 ( -64.8% ),120798400,16498,31
2017-11-10,24,0.4%,28,0.2%,2990,0.1%,19.6%,3619500,2153000 ( 146.8% ),586,331 ( 129.8% ),124417900,17084,20
2017-11-11,23,0.3%,30,0.2%,3274,0.1%,9.3%,2009600,-1609900 ( -44.5% ),304,-282 ( -48.1% ),126427500,17388,38
2017-11-12,21,0.3%,26,0.1%,3043,0.1%,21.1%,4156600,2147000 ( 106.8% ),642,338 ( 111.2% ),130584100,18030,22
2017-11-13,21,0.4%,26,0.2%,3199,0.1%,15.2%,2986000,-1170600 ( -28.2% ),485,-157 ( -24.5% ),133570100,18515,21
2017-11-14,21,0.4%,25,0.1%,2979,0.1%,23.2%,4043000,1057000 ( 35.4% ),692,207 ( 42.7% ),137613100,19207,17
2017-11-15,14,0.2%,19,0.1%,2286,0.1%,28.3%,3796000,-247000 ( -6.1% ),647,-45 ( -6.5% ),141409100,19854,16
2017-11-16,6,0.1%,9,0.1%,1073,0.0%,23.0%,1287000,-2509000 ( -66.1% ),247,-400 ( -61.8% ),142696100,20101,34
2017-11-17,9,0.2%,13,0.1%,1255,0.0%,27.0%,1866500,579500 ( 45.0% ),339,92 ( 37.2% ),144562600,20440,28
2017-11-18,10,0.2%,15,0.1%,1513,0.0%,17.4%,1598000,-268500 ( -14.4% ),263,-76 ( -22.4% ),146160600,20703,37
2017-11-19,14,0.2%,18,0.1%,1945,0.1%,35.3%,4610000,3012000 ( 188.5% ),687,424 ( 161.2% ),150770600,21390,22
2017-11-20,11,0.2%,13,0.1%,1728,0.1%,35.0%,3238000,-1372000 ( -29.8% ),605,-82 ( -11.9% ),154008600,21995,19
2017-11-21,9,0.2%,12,0.1%,1676,0.1%,41.0%,3138000,-100000 ( -3.1% ),687,82 ( 13.6% ),157146600,22682,20
2017-11-22,6,0.1%,7,0%,894,0.0%,24.2%,1296000,-1842000 ( -58.7% ),216,-471 ( -68.6% ),158442600,22898,32
2017-11-23,2,0.0%,2,0%,144,0.0%,5.6%,56000,-1240000 ( -95.7% ),8,-208 ( -96.3% ),158498600,22906,121
2017-11-24,3,0.1%,3,0%,368,0.0%,50.8%,1477000,1421000 ( 2537.5% ),187,179 ( 2237.5% ),159975600,23093,33
2017-11-25,3,0.0%,3,0%,323,0.0%,30.0%,602000,-875000 ( -59.2% ),97,-90 ( -48.1% ),160577600,23190,66
2017-11-26,6,0.1%,6,0%,682,0.0%,80.4%,3181000,2579000 ( 428.4% ),548,451 ( 464.9% ),163758600,23738,22
2017-11-27,2,0.0%,2,0%,324,0.0%,92.6%,1500000,-1681000 ( -52.8% ),300,-248 ( -45.3% ),165258600,24038,25
2017-11-28,4,0.1%,4,0%,514,0.0%,57.6%,1774000,274000 ( 18.3% ),296,-4 ( -1.3% ),167032600,24334,30
2017-11-29,5,0.1%,5,0%,501,0.0%,58.5%,1675000,-99000 ( -5.6% ),293,-3 ( -1.0% ),168707600,24627,28
2017-11-30,1,0.0%,1,0%,143,0.0%,0.7%,5000,-1670000 ( -99.7% ),1,-292 ( -99.7% ),168712600,24628,126
2017-12-01,3,0.1%,3,0%,458,0.0%,5.0%,69000,64000 ( 1280.0% ),23,22 ( 2200.0% ),168781600,24651,104
2017-12-04,2,0.0%,2,0%,217,0.0%,82.9%,900000,900000 ( 100.0% ),180,180 ( 100.0% ),169681600,24831,31
2017-12-06,1,0.0%,1,0%,180,0.0%,73.3%,1056000,1056000 ( 100.0% ),132,132 ( 100.0% ),170737600,24963,45
2017-12-07,2,0.0%,2,0%,90,0.0%,46.7%,210000,-846000 ( -80.1% ),42,-90 ( -68.2% ),170947600,25005,89
2017-12-08,3,0.0%,3,0%,744,0.0%,93.1%,3249000,3039000 ( 1447.1% ),693,651 ( 1550.0% ),174196600,25698,20
2017-12-09,1,0.0%,1,0%,51,0.0%,56.9%,203000,-3046000 ( -93.8% ),29,-664 ( -95.8% ),174399600,25727,97
2017-12-10,1,0.0%,1,0%,161,0.0%,62.1%,600000,397000 ( 195.6% ),100,71 ( 244.8% ),174999600,25827,54
2017-12-13,2,0.0%,2,0%,398,0.0%,59.0%,679000,679000 ( 100.0% ),235,235 ( 100.0% ),175678600,26062,37
2017-12-15,1,0.0%,1,0%,162,0.0%,56.8%,230000,230000 ( 100.0% ),92,92 ( 100.0% ),175908600,26154,59
2017-12-16,1,0.0%,1,0%,138,0.0%,36.2%,200000,-30000 ( -13.0% ),50,-42 ( -45.7% ),176108600,26204,56
2017-12-17,1,0.0%,1,0%,161,0.0%,62.1%,600000,400000 ( 200.0% ),100,50 ( 100.0% ),176708600,26304,39
2017-12-20,3,0.1%,3,0%,538,0.0%,90.0%,2420000,2420000 ( 100.0% ),484,484 ( 100.0% ),179128600,26788,17
2017-12-21,4,0.1%,4,0%,739,0.0%,84.7%,1565000,-855000 ( -35.3% ),626,142 ( 29.3% ),180693600,27414,18
2018-01-06,1,0.0%,1,0%,92,0.0%,97.8%,540000,540000 ( 100.0% ),90,90 ( 100.0% ),181233600,27504,36
2018-01-21,1,0.0%,1,0%,189,0.0%,85.7%,1600000,1600000 ( 100.0% ),162,162 ( 100.0% ),182833600,27666,34
2018-03-03,1,0.0%,1,0%,90,0.0%,22.2%,160000,160000 ( 100.0% ),20,20 ( 100.0% ),182993600,27686,77
2018-04-29,1,0.0%,1,0%,170,0.0%,100.0%,1530000,1530000 ( 100.0% ),170,170 ( 100.0% ),184523600,27856,35
2018-05-17,1,0.0%,1,0%,159,0.0%,81.8%,778000,778000 ( 100.0% ),130,130 ( 100.0% ),185301600,27986,40
2019-05-28,1,0.0%,4,0%,556,0.0%,17.1%,190000,190000 ( 100.0% ),95,95 ( 100.0% ),185491600,28081,45
2019-05-29,1,0.0%,4,0%,556,0.0%,19.4%,216000,26000 ( 13.7% ),108,13 ( 13.7% ),185707600,28189,47
2019-06-15,1,0.0%,4,0%,680,0.0%,2.8%,38000,38000 ( 100.0% ),19,19 ( 100.0% ),185745600,28208,68
2019-06-16,1,0.0%,4,0%,680,0.0%,4.6%,62000,24000 ( 63.2% ),31,12 ( 63.2% ),185807600,28239,63
2019-06-17,1,0.0%,4,0%,680,0.0%,3.7%,50000,-12000 ( -19.4% ),25,-6 ( -19.4% ),185857600,28264,56
2019-07-02,1,0.0%,1,0%,170,0.0%,12.9%,44000,44000 ( 100.0% ),22,22 ( 100.0% ),185901600,28286,67
2019-07-09,1,0.0%,1,0%,170,0.0%,7.6%,26000,26000 ( 100.0% ),13,13 ( 100.0% ),185927600,28299,68
2019-07-13,1,0.0%,3,0%,510,0.0%,3.1%,32000,32000 ( 100.0% ),16,16 ( 100.0% ),185959600,28315,80
2019-07-14,1,0.0%,3,0%,510,0.0%,3.5%,36000,4000 ( 12.5% ),18,2 ( 12.5% ),185995600,28333,66
2019-07-15,1,0.0%,3,0%,510,0.0%,4.3%,44000,8000 ( 22.2% ),22,4 ( 22.2% ),186039600,28355,67
