날짜,스크린수,스크린점유율,상영횟수,상영점유율,좌석수,좌석점유율,좌석판매율,매출액,매출액증감(전일대비),관객수,관객수증감(전일대비),누적매출액,누적관객수,순위
2017-05-16,4,0.1%,4,0%,838,0.0%,90.8%,5146000,5146000 ( 100.0% ),761,761 ( 100.0% ),5146000,761,14
2017-05-17,2,0.0%,2,0%,295,0.0%,86.1%,1530000,-3616000 ( -70.3% ),254,-507 ( -66.6% ),6676000,1015,26
2017-05-18,1,0.0%,1,0%,150,0.0%,90.7%,816000,-714000 ( -46.7% ),136,-118 ( -46.5% ),7492000,1151,44
2017-05-19,2,0.0%,2,0%,314,0.0%,88.2%,1662000,846000 ( 103.7% ),277,141 ( 103.7% ),9154000,1428,30
2017-05-20,3,0.0%,3,0%,572,0.0%,82.9%,2854000,1192000 ( 71.7% ),474,197 ( 71.1% ),12008000,1902,26
2017-05-22,5,0.1%,5,0%,732,0.0%,89.5%,4904000,4904000 ( 100.0% ),655,655 ( 100.0% ),16912000,2557,13
2017-05-23,25,0.5%,25,0.2%,4922,0.2%,83.0%,45161900,40257900 ( 820.9% ),4086,3431 ( 523.8% ),62073900,6643,8
2017-05-24,5,0.1%,8,0%,1256,0.0%,54.5%,5094000,-40067900 ( -88.7% ),685,-3401 ( -83.2% ),67167900,7328,15
2017-05-25,580,11.5%,2743,16.3%,393083,14.4%,20.1%,586213900,581119900 ( 11407.9% ),78816,78131 ( 11406.0% ),653381800,86144,2
2017-05-26,659,12.8%,3017,17.6%,441388,15.8%,21.5%,792506705,206292805 ( 35.2% ),94985,16169 ( 20.5% ),1445888505,181129,2
2017-05-27,775,14.1%,3578,19.8%,560609,19.1%,36.7%,1721566407,929059702 ( 117.2% ),205704,110719 ( 116.6% ),3167454912,386833,2
2017-05-28,763,14.0%,3503,19.8%,551572,19.2%,38.0%,1736580900,15014493 ( 0.9% ),209858,4154 ( 2.0% ),4904035812,596691,2
2017-05-29,685,14.1%,3356,20.4%,512602,19.1%,15.2%,572126700,-1164454200 ( -67.1% ),77835,-132023 ( -62.9% ),5476162512,674526,2
2017-05-30,710,14.4%,3380,20.6%,513230,19.1%,13.8%,511103600,-61023100 ( -10.7% ),70693,-7142 ( -9.2% ),5987266112,745219,2
2017-05-31,578,12.1%,2198,13.5%,301294,11.4%,26.1%,464977600,-46126000 ( -9.0% ),78580,7887 ( 11.2% ),6452243712,823799,4
2017-06-01,593,11.9%,2205,13.5%,293464,11.1%,17.1%,365275400,-99702200 ( -21.4% ),50155,-28425 ( -36.2% ),6817519112,873954,4
2017-06-02,598,12.0%,2293,13.8%,309374,11.5%,19.3%,486686800,121411400 ( 33.2% ),59584,9429 ( 18.8% ),7304205912,933538,4
2017-06-03,627,11.4%,2439,13.8%,336924,11.9%,35.5%,992209200,505522400 ( 103.9% ),119639,60055 ( 100.8% ),8296415112,1053177,4
2017-06-04,614,11.2%,2372,13.7%,327587,11.8%,37.7%,1020713800,28504600 ( 2.9% ),123572,3933 ( 3.3% ),9317128912,1176749,4
2017-06-05,593,11.7%,2385,14.1%,326273,12.0%,24.0%,571865100,-448848700 ( -44.0% ),78344,-45228 ( -36.6% ),9888994012,1255093,3
2017-06-06,557,10.5%,1751,9.7%,225922,7.7%,51.9%,947075900,375210800 ( 65.6% ),117280,38936 ( 49.7% ),10836069912,1372373,4
2017-06-07,533,11.7%,1910,11.4%,244790,8.9%,13.6%,237138900,-709937000 ( -75.0% ),33176,-84104 ( -71.7% ),11073208812,1405549,3
2017-06-08,494,10.1%,1431,8.5%,182832,6.6%,13.7%,180708600,-56430300 ( -23.8% ),24994,-8182 ( -24.7% ),11253917412,1430543,4
2017-06-09,513,10.2%,1489,8.6%,189341,6.6%,14.9%,227095600,46387000 ( 25.7% ),28285,3291 ( 13.2% ),11481013012,1458828,4
2017-06-10,509,9.0%,1440,7.8%,185995,6.1%,29.7%,455729800,228634200 ( 100.7% ),55330,27045 ( 95.6% ),11936742812,1514158,5
2017-06-11,530,9.5%,1427,7.9%,186476,6.3%,28.8%,438584200,-17145600 ( -3.8% ),53664,-1666 ( -3.0% ),12375327012,1567822,5
2017-06-12,513,10.6%,1510,9.2%,192459,7.1%,9.2%,127987100,-310597100 ( -70.8% ),17701,-35963 ( -67.0% ),12503314112,1585523,4
2017-06-13,518,10.4%,1504,9.2%,190256,7.0%,8.8%,119798900,-8188200 ( -6.4% ),16682,-1019 ( -5.8% ),12623113012,1602205,4
2017-06-14,518,10.7%,1524,9.4%,192742,7.2%,10.9%,149895200,30096300 ( 25.1% ),20977,4295 ( 25.7% ),12773008212,1623182,4
2017-06-15,455,8.6%,1129,6.6%,141594,5.0%,11.0%,112364300,-37530900 ( -25.0% ),15626,-5351 ( -25.5% ),12885372512,1638808,5
2017-06-16,445,8.1%,1164,6.6%,142512,4.9%,12.8%,147649000,35284700 ( 31.4% ),18206,2580 ( 16.5% ),13033021512,1657014,5
2017-06-17,492,8.1%,1214,6.3%,153248,4.9%,22.4%,283217000,135568000 ( 91.8% ),34301,16095 ( 88.4% ),13316238512,1691315,5
2017-06-18,488,8.0%,1163,6.2%,148147,4.8%,21.4%,259698800,-23518200 ( -8.3% ),31675,-2626 ( -7.7% ),13575937312,1722990,5
2017-06-19,435,8.6%,1161,6.9%,147848,5.3%,7.9%,85313700,-174385100 ( -67.1% ),11656,-20019 ( -63.2% ),13661251012,1734646,5
2017-06-20,463,8.8%,1178,7.1%,150895,5.5%,8.4%,89729200,4415500 ( 5.2% ),12627,971 ( 8.3% ),13750980212,1747273,5
2017-06-21,330,6.6%,628,4%,74895,2.9%,10.7%,56862500,-32866700 ( -36.6% ),8000,-4627 ( -36.6% ),13807842712,1755273,6
2017-06-22,287,5.6%,481,3%,57769,2.2%,11.1%,45418500,-11444000 ( -20.1% ),6427,-1573 ( -19.7% ),13853261212,1761700,7
2017-06-23,300,5.8%,529,3.2%,64146,2.4%,11.1%,56668500,11250000 ( 24.8% ),7145,718 ( 11.2% ),13909929712,1768845,6
2017-06-24,299,5.3%,545,3.2%,65489,2.4%,21.6%,115885600,59217100 ( 104.5% ),14121,6976 ( 97.6% ),14025815312,1782966,6
2017-06-25,294,5.3%,535,3.2%,63299,2.3%,23.8%,123610500,7724900 ( 6.7% ),15089,968 ( 6.9% ),14149425812,1798055,5
2017-06-26,305,6.2%,605,3.9%,73508,2.9%,8.6%,44418600,-79191900 ( -64.1% ),6350,-8739 ( -57.9% ),14193844412,1804405,5
2017-06-27,315,6.3%,609,3.9%,74129,3.0%,9.8%,47161400,2742800 ( 6.2% ),7238,888 ( 14.0% ),14241005812,1811643,5
2017-06-28,151,3.1%,229,1.5%,26002,1.0%,13.0%,20861500,-26299900 ( -55.8% ),3376,-3862 ( -53.4% ),14261867312,1815019,8
2017-06-29,143,2.9%,213,1.4%,23651,0.9%,11.5%,18673400,-2188100 ( -10.5% ),2713,-663 ( -19.6% ),14280540712,1817732,9
2017-06-30,152,3.0%,241,1.5%,27239,1.0%,12.0%,24654300,5980900 ( 32.0% ),3268,555 ( 20.5% ),14305195012,1821000,9
2017-07-01,146,2.7%,239,1.4%,28202,1.0%,17.4%,39740700,15086400 ( 61.2% ),4895,1627 ( 49.8% ),14344935712,1825895,11
2017-07-02,150,2.7%,246,1.5%,28679,1.1%,18.5%,43256100,3515400 ( 8.8% ),5298,403 ( 8.2% ),14388191812,1831193,12
2017-07-03,163,3.5%,275,1.8%,32705,1.3%,6.2%,14496500,-28759600 ( -66.5% ),2034,-3264 ( -61.6% ),14402688312,1833227,10
2017-07-04,163,3.4%,279,1.8%,32552,1.3%,7.4%,16299300,1802800 ( 12.4% ),2409,375 ( 18.4% ),14418987612,1835636,10
2017-07-05,69,1.6%,106,0.7%,12455,0.5%,8.8%,7422400,-8876900 ( -54.5% ),1098,-1311 ( -54.4% ),14426410012,1836734,9
2017-07-06,61,1.4%,89,0.6%,9491,0.4%,10.3%,6923400,-499000 ( -6.7% ),974,-124 ( -11.3% ),14433333412,1837708,11
2017-07-07,54,1.2%,91,0.6%,10018,0.4%,10.6%,8085600,1162200 ( 16.8% ),1063,89 ( 9.1% ),14441419012,1838771,11
2017-07-08,55,1.1%,80,0.5%,8936,0.3%,20.9%,15354300,7268700 ( 89.9% ),1864,801 ( 75.4% ),14456773312,1840635,15
2017-07-09,47,1.0%,69,0.4%,7432,0.3%,22.7%,13593400,-1760900 ( -11.5% ),1688,-176 ( -9.4% ),14470366712,1842323,13
2017-07-10,60,1.4%,94,0.6%,10776,0.4%,7.9%,5739700,-7853700 ( -57.8% ),856,-832 ( -49.3% ),14476106412,1843179,10
2017-07-11,67,1.5%,96,0.6%,11159,0.4%,7.6%,6026500,286800 ( 5.0% ),845,-11 ( -1.3% ),14482132912,1844024,12
2017-07-12,51,1.2%,77,0.5%,8852,0.3%,7.6%,4830000,-1196500 ( -19.9% ),672,-173 ( -20.5% ),14486962912,1844696,18
2017-07-13,29,0.6%,39,0.2%,3731,0.1%,11.0%,2627500,-2202500 ( -45.6% ),411,-261 ( -38.8% ),14489590412,1845107,25
2017-07-14,30,0.6%,41,0.3%,4655,0.2%,18.6%,5961600,3334100 ( 126.9% ),866,455 ( 110.7% ),14495552012,1845973,17
2017-07-15,32,0.6%,44,0.3%,4677,0.2%,27.2%,9775500,3813900 ( 64.0% ),1273,407 ( 47.0% ),14505327512,1847246,16
2017-07-16,24,0.5%,37,0.2%,3515,0.1%,19.6%,5319500,-4456000 ( -45.6% ),690,-583 ( -45.8% ),14510647012,1847936,20
2017-07-17,24,0.5%,35,0.2%,3608,0.1%,7.6%,1872000,-3447500 ( -64.8% ),275,-415 ( -60.1% ),14512519012,1848211,31
2017-07-18,30,0.6%,44,0.3%,4688,0.2%,8.1%,2587000,715000 ( 38.2% ),382,107 ( 38.9% ),14515106012,1848593,25
2017-07-19,20,0.4%,28,0.2%,3021,0.1%,6.4%,1396000,-1191000 ( -46.0% ),193,-189 ( -49.5% ),14516502012,1848786,36
2017-07-20,11,0.2%,13,0.1%,1167,0.0%,15.9%,1202000,-194000 ( -13.9% ),185,-8 ( -4.1% ),14517704012,1848971,34
2017-07-21,12,0.2%,14,0.1%,1376,0.0%,33.4%,3515000,2313000 ( 192.4% ),460,275 ( 148.6% ),14521219012,1849431,22
2017-07-22,14,0.2%,17,0.1%,1628,0.1%,37.8%,4513300,998300 ( 28.4% ),616,156 ( 33.9% ),14525732312,1850047,21
2017-07-23,13,0.2%,15,0.1%,1590,0.1%,35.3%,4289800,-223500 ( -5.0% ),561,-55 ( -8.9% ),14530022112,1850608,18
2017-07-24,12,0.2%,14,0.1%,1394,0.0%,31.7%,3070000,-1219800 ( -28.4% ),442,-119 ( -21.2% ),14533092112,1851050,21
2017-07-25,12,0.2%,14,0.1%,1329,0.0%,45.0%,3929500,859500 ( 28.0% ),598,156 ( 35.3% ),14537021612,1851648,23
2017-07-26,7,0.1%,9,0%,1077,0.0%,43.5%,2821000,-1108500 ( -28.2% ),468,-130 ( -21.7% ),14539842612,1852116,19
2017-07-27,5,0.1%,5,0%,538,0.0%,24.0%,728000,-2093000 ( -74.2% ),129,-339 ( -72.4% ),14540570612,1852245,40
2017-07-28,5,0.1%,5,0%,493,0.0%,28.2%,792000,64000 ( 8.8% ),139,10 ( 7.8% ),14541362612,1852384,32
2017-07-29,5,0.1%,5,0%,529,0.0%,27.8%,896000,104000 ( 13.1% ),147,8 ( 5.8% ),14542258612,1852531,37
2017-07-30,4,0.1%,4,0%,432,0.0%,26.4%,637000,-259000 ( -28.9% ),114,-33 ( -22.4% ),14542895612,1852645,35
2017-07-31,4,0.1%,4,0%,433,0.0%,25.9%,667000,30000 ( 4.7% ),112,-2 ( -1.8% ),14543562612,1852757,35
2017-08-01,5,0.1%,5,0%,484,0.0%,23.8%,650000,-17000 ( -2.5% ),115,3 ( 2.7% ),14544212612,1852872,39
2017-08-02,5,0.1%,5,0%,596,0.0%,31.7%,995000,345000 ( 53.1% ),189,74 ( 64.3% ),14545207612,1853061,28
2017-08-03,5,0.1%,5,0%,781,0.0%,25.2%,1066000,71000 ( 7.1% ),197,8 ( 4.2% ),14546273612,1853258,32
2017-08-04,5,0.1%,5,0%,724,0.0%,16.3%,667000,-399000 ( -37.4% ),118,-79 ( -40.1% ),14546940612,1853376,31
2017-08-05,5,0.1%,5,0%,835,0.0%,24.9%,1396000,729000 ( 109.3% ),208,90 ( 76.3% ),14548336612,1853584,31
2017-08-06,4,0.1%,4,0%,551,0.0%,31.8%,1212000,-184000 ( -13.2% ),175,-33 ( -15.9% ),14549548612,1853759,30
2017-08-07,4,0.1%,4,0%,552,0.0%,32.2%,1174000,-38000 ( -3.1% ),178,3 ( 1.7% ),14550722612,1853937,30
2017-08-08,6,0.1%,9,0.1%,1879,0.1%,23.8%,1682000,508000 ( 43.3% ),447,269 ( 151.1% ),14552404612,1854384,20
2017-08-09,7,0.1%,9,0%,1550,0.1%,23.5%,1754000,72000 ( 4.3% ),365,-82 ( -18.3% ),14554158612,1854749,22
2017-08-10,1,0.0%,1,0%,200,0.0%,1.0%,12000,-1742000 ( -99.3% ),2,-363 ( -99.5% ),14554170612,1854751,90
2017-08-11,3,0.1%,3,0%,303,0.0%,3.0%,56000,44000 ( 366.7% ),9,7 ( 350.0% ),14554226612,1854760,73
2017-08-13,1,0.0%,1,0%,200,0.0%,4.0%,48000,48000 ( 100.0% ),8,8 ( 100.0% ),14554274612,1854768,76
2017-08-14,1,0.0%,1,0%,52,0.0%,26.9%,123000,75000 ( 156.3% ),14,6 ( 75.0% ),14554397612,1854782,67
2017-08-15,1,0.0%,1,0%,200,0.0%,2.5%,30000,-93000 ( -75.6% ),5,-9 ( -64.3% ),14554427612,1854787,81
2017-08-16,1,0.0%,1,0%,98,0.0%,19.4%,90000,60000 ( 200.0% ),19,14 ( 280.0% ),14554517612,1854806,72
2017-08-20,1,0.0%,1,0%,200,0.0%,2.0%,24000,24000 ( 100.0% ),4,4 ( 100.0% ),14554541612,1854810,74
2017-08-22,2,0.0%,2,0%,251,0.0%,3.6%,61000,61000 ( 100.0% ),9,9 ( 100.0% ),14554602612,1854819,91
2017-08-23,1,0.0%,1,0%,200,0.0%,1.5%,18000,-43000 ( -70.5% ),3,-6 ( -66.7% ),14554620612,1854822,108
2017-08-26,1,0.0%,1,0%,90,0.0%,50.0%,315000,315000 ( 100.0% ),45,45 ( 100.0% ),14554935612,1854867,75
2017-09-28,1,0.0%,1,0%,98,0.0%,1.0%,4000,4000 ( 100.0% ),1,1 ( 100.0% ),14554939612,1854868,145
2017-10-20,1,0.0%,1,0%,87,0.0%,59.8%,208000,208000 ( 100.0% ),52,52 ( 100.0% ),14555147612,1854920,55
2017-11-11,1,0.0%,1,0%,103,0.0%,3.9%,20000,20000 ( 100.0% ),4,4 ( 100.0% ),14555167612,1854924,111
2017-12-13,1,0.0%,1,0%,150,0.0%,50.0%,450000,450000 ( 100.0% ),75,75 ( 100.0% ),14555617612,1854999,66
2017-12-14,1,0.0%,1,0%,150,0.0%,50.0%,450000,0 ( 0.0% ),75,0 ( 0.0% ),14556067612,1855074,61
2017-12-15,1,0.0%,1,0%,150,0.0%,50.0%,450000,0 ( 0.0% ),75,0 ( 0.0% ),14556517612,1855149,64
2018-03-17,1,0.0%,1,0%,162,0.0%,61.7%,800000,800000 ( 100.0% ),100,100 ( 100.0% ),14557317612,1855249,46
2018-03-30,1,0.0%,1,0%,180,0.0%,55.6%,1000000,1000000 ( 100.0% ),100,100 ( 100.0% ),14558317612,1855349,37
2018-05-20,1,0.0%,1,0%,140,0.0%,100.0%,700000,700000 ( 100.0% ),140,140 ( 100.0% ),14559017612,1855489,33
2019-05-15,1,0.0%,1,0%,98,0.0%,17.3%,77000,77000 ( 100.0% ),17,17 ( 100.0% ),14559094612,1855506,69
2019-05-17,1,0.0%,1,0%,98,0.0%,9.2%,41000,41000 ( 100.0% ),9,9 ( 100.0% ),14559135612,1855515,93
