날짜,스크린수,스크린점유율,상영횟수,상영점유율,좌석수,좌석점유율,좌석판매율,매출액,매출액증감(전일대비),관객수,관객수증감(전일대비),누적매출액,누적관객수,순위
2016-09-22,1,0.0%,1,0%,119,0.0%,25.2%,120000,120000 ( 100.0% ),30,30 ( 100.0% ),120000,30,74
2016-09-25,1,0.0%,1,0%,119,0.0%,19.3%,92000,92000 ( 100.0% ),23,23 ( 100.0% ),212000,53,94
2017-01-25,1,0.0%,1,0%,230,0.0%,100.0%,1840000,1840000 ( 100.0% ),230,230 ( 100.0% ),2052000,283,31
2017-01-26,1,0.0%,1,0%,224,0.0%,51.3%,920000,-920000 ( -50.0% ),115,-115 ( -50.0% ),2972000,398,36
2017-02-02,4,0.1%,4,0%,828,0.0%,100.0%,5796000,5796000 ( 100.0% ),828,828 ( 100.0% ),8768000,1226,23
2017-02-06,2,0.0%,3,0%,242,0.0%,100.0%,1844000,1844000 ( 100.0% ),242,242 ( 100.0% ),10612000,1468,31
2017-02-13,2,0.0%,2,0%,540,0.0%,88.1%,3182000,3182000 ( 100.0% ),476,476 ( 100.0% ),13794000,1944,19
2017-02-14,2,0.0%,2,0%,125,0.0%,100.0%,867000,-2315000 ( -72.8% ),125,-351 ( -73.7% ),14661000,2069,46
2017-02-15,2,0.0%,2,0%,260,0.0%,100.0%,2020000,1153000 ( 133.0% ),260,135 ( 108.0% ),16681000,2329,31
2017-02-16,2,0.0%,2,0%,296,0.0%,100.0%,2072000,52000 ( 2.6% ),296,36 ( 13.8% ),18753000,2625,32
2017-02-22,3,0.0%,3,0%,400,0.0%,98.0%,3528000,3528000 ( 100.0% ),392,392 ( 100.0% ),22281000,3017,31
2017-02-23,1,0.0%,1,0%,36,0.0%,0.0%,0,-3528000 ( -100.0% ),0,-392 ( -100.0% ),22281000,3017,109
2017-02-27,1,0.0%,1,0%,87,0.0%,100.0%,522000,522000 ( 100.0% ),87,87 ( 100.0% ),22803000,3104,52
2017-02-28,5,0.1%,5,0%,781,0.0%,80.0%,4375000,3853000 ( 738.1% ),625,538 ( 618.4% ),27178000,3729,31
2017-03-01,495,8.1%,1278,7.4%,169221,6.0%,22.0%,291392500,287017500 ( 6560.4% ),37284,36659 ( 5865.4% ),318570500,41013,6
2017-03-02,438,7.7%,1086,6.8%,142310,5.4%,6.4%,63344700,-228047800 ( -78.3% ),9072,-28212 ( -75.7% ),381915200,50085,5
2017-03-03,416,7.2%,1034,6.3%,133539,5.0%,6.1%,63072100,-272600 ( -0.4% ),8157,-915 ( -10.1% ),444987300,58242,5
2017-03-04,450,7.1%,920,5.3%,113546,4.0%,14.2%,125814300,62742200 ( 99.5% ),16090,7933 ( 97.3% ),570801600,74332,6
2017-03-05,436,7.0%,885,5.2%,109688,4.0%,14.0%,123051900,-2762400 ( -2.2% ),15389,-701 ( -4.4% ),693853500,89721,6
2017-03-06,419,7.8%,873,5.8%,109887,4.4%,4.7%,35772700,-87279200 ( -70.9% ),5189,-10200 ( -66.3% ),729626200,94910,6
2017-03-07,422,7.6%,876,5.8%,110328,4.4%,5.8%,43960300,8187600 ( 22.9% ),6355,1166 ( 22.5% ),773586500,101265,5
2017-03-08,257,4.9%,406,2.6%,48389,1.9%,6.9%,22582500,-21377800 ( -48.6% ),3361,-2994 ( -47.1% ),796169000,104626,9
2017-03-09,203,3.7%,302,2%,35585,1.4%,6.8%,15690700,-6891800 ( -30.5% ),2414,-947 ( -28.2% ),811859700,107040,11
2017-03-10,206,3.7%,306,1.9%,35926,1.4%,6.2%,16466300,775600 ( 4.9% ),2226,-188 ( -7.8% ),828326000,109266,11
2017-03-11,205,3.2%,282,1.6%,32444,1.1%,14.9%,35879600,19413300 ( 117.9% ),4849,2623 ( 117.8% ),864205600,114115,11
2017-03-12,194,3.1%,268,1.6%,30830,1.1%,15.3%,35531600,-348000 ( -1.0% ),4705,-144 ( -3.0% ),899737200,118820,10
2017-03-13,201,3.8%,287,1.9%,33771,1.4%,5.0%,11248500,-24283100 ( -68.3% ),1689,-3016 ( -64.1% ),910985700,120509,12
2017-03-14,194,3.5%,268,1.8%,31400,1.3%,5.5%,11309000,60500 ( 0.5% ),1726,37 ( 2.2% ),922294700,122235,11
2017-03-15,196,3.6%,279,1.9%,32947,1.3%,6.3%,13373500,2064500 ( 18.3% ),2091,365 ( 21.1% ),935668200,124326,10
2017-03-16,40,0.8%,46,0.3%,4583,0.2%,6.3%,1788500,-11585000 ( -86.6% ),290,-1801 ( -86.1% ),937456700,124616,28
2017-03-17,38,0.8%,43,0.3%,4124,0.2%,6.4%,1860000,71500 ( 4.0% ),265,-25 ( -8.6% ),939316700,124881,23
2017-03-18,41,0.7%,45,0.3%,4136,0.1%,13.8%,4063400,2203400 ( 118.5% ),571,306 ( 115.5% ),943380100,125452,20
2017-03-19,40,0.7%,43,0.3%,4197,0.2%,12.0%,3911500,-151900 ( -3.7% ),505,-66 ( -11.6% ),947291600,125957,20
2017-03-20,39,0.8%,47,0.3%,4651,0.2%,7.0%,2188000,-1723500 ( -44.1% ),324,-181 ( -35.8% ),949479600,126281,24
2017-03-21,39,0.8%,46,0.3%,4776,0.2%,3.2%,981000,-1207000 ( -55.2% ),151,-173 ( -53.4% ),950460600,126432,38
2017-03-22,41,0.7%,47,0.3%,5153,0.2%,12.4%,4107000,3126000 ( 318.7% ),637,486 ( 321.9% ),954567600,127069,15
2017-03-23,18,0.4%,19,0.1%,2285,0.1%,13.9%,1874000,-2233000 ( -54.4% ),317,-320 ( -50.2% ),956441600,127386,26
2017-03-24,22,0.4%,22,0.1%,2666,0.1%,7.5%,1302500,-571500 ( -30.5% ),199,-118 ( -37.2% ),957744100,127585,29
2017-03-25,17,0.3%,17,0.1%,2141,0.1%,10.4%,1437000,134500 ( 10.3% ),222,23 ( 11.6% ),959181100,127807,33
2017-03-26,17,0.3%,17,0.1%,1977,0.1%,8.1%,1225500,-211500 ( -14.7% ),161,-61 ( -27.5% ),960406600,127968,34
2017-03-27,18,0.4%,20,0.1%,2536,0.1%,5.7%,782000,-443500 ( -36.2% ),144,-17 ( -10.6% ),961188600,128112,37
2017-03-28,22,0.4%,22,0.1%,2681,0.1%,12.2%,1473000,691000 ( 88.4% ),328,184 ( 127.8% ),962661600,128440,27
2017-03-29,21,0.4%,22,0.1%,2607,0.1%,10.9%,1518500,45500 ( 3.1% ),283,-45 ( -13.7% ),964180100,128723,33
2017-03-30,9,0.2%,9,0.1%,1255,0.0%,13.8%,982000,-536500 ( -35.3% ),173,-110 ( -38.9% ),965162100,128896,40
2017-03-31,4,0.1%,4,0%,312,0.0%,3.5%,93000,-889000 ( -90.5% ),11,-162 ( -93.6% ),965255100,128907,79
2017-04-01,7,0.1%,7,0%,880,0.0%,6.3%,294000,201000 ( 216.1% ),55,44 ( 400.0% ),965549100,128962,63
2017-04-02,3,0.1%,3,0%,258,0.0%,3.1%,61000,-233000 ( -79.3% ),8,-47 ( -85.5% ),965610100,128970,75
2017-04-03,5,0.1%,5,0%,543,0.0%,1.3%,46000,-15000 ( -24.6% ),7,-1 ( -12.5% ),965656100,128977,65
2017-04-04,1,0.0%,2,0%,116,0.0%,4.3%,45000,-1000 ( -2.2% ),5,-2 ( -28.6% ),965701100,128982,82
2017-04-05,7,0.1%,8,0%,1117,0.0%,11.1%,655500,610500 ( 1356.7% ),124,119 ( 2380.0% ),966356600,129106,38
2017-04-06,4,0.1%,4,0%,393,0.0%,16.3%,365000,-290500 ( -44.3% ),64,-60 ( -48.4% ),966721600,129170,54
2017-04-07,2,0.0%,2,0%,273,0.0%,24.5%,405000,40000 ( 11.0% ),67,3 ( 4.7% ),967126600,129237,47
2017-04-08,2,0.0%,2,0%,216,0.0%,2.3%,41000,-364000 ( -89.9% ),5,-62 ( -92.5% ),967167600,129242,101
2017-04-09,1,0.0%,1,0%,121,0.0%,1.7%,12000,-29000 ( -70.7% ),2,-3 ( -60.0% ),967179600,129244,104
2017-04-10,3,0.1%,3,0%,409,0.0%,2.9%,76000,64000 ( 533.3% ),12,10 ( 500.0% ),967255600,129256,67
2017-04-11,2,0.0%,2,0%,173,0.0%,2.9%,37000,-39000 ( -51.3% ),5,-7 ( -58.3% ),967292600,129261,90
2017-04-12,2,0.0%,2,0%,305,0.0%,1.0%,24000,-13000 ( -35.1% ),3,-2 ( -40.0% ),967316600,129264,97
2017-04-13,3,0.1%,3,0%,421,0.0%,70.5%,2375000,2351000 ( 9795.8% ),297,294 ( 9800.0% ),969691600,129561,29
2017-04-28,2,0.0%,2,0%,337,0.0%,43.9%,789500,789500 ( 100.0% ),148,148 ( 100.0% ),970481100,129709,35
2017-05-14,1,0.0%,1,0%,306,0.0%,100.0%,2814000,2814000 ( 100.0% ),306,306 ( 100.0% ),973295100,130015,30
2017-06-08,1,0.0%,1,0%,55,0.0%,80.0%,264000,264000 ( 100.0% ),44,44 ( 100.0% ),973559100,130059,62
2017-06-27,1,0.0%,1,0%,55,0.0%,98.2%,324000,324000 ( 100.0% ),54,54 ( 100.0% ),973883100,130113,59
2017-07-10,1,0.0%,1,0%,59,0.0%,100.0%,354000,354000 ( 100.0% ),59,59 ( 100.0% ),974237100,130172,42
2017-08-26,1,0.0%,1,0%,97,0.0%,82.5%,520000,520000 ( 100.0% ),80,80 ( 100.0% ),974757100,130252,56
2017-10-27,1,0.0%,1,0%,118,0.0%,100.0%,590000,590000 ( 100.0% ),118,118 ( 100.0% ),975347100,130370,44
2017-10-28,1,0.0%,1,0%,123,0.0%,100.0%,615000,25000 ( 4.2% ),123,5 ( 4.2% ),975962100,130493,50
2018-08-17,1,0.0%,1,0%,55,0.0%,5.5%,19000,19000 ( 100.0% ),3,3 ( 100.0% ),975981100,130496,92
2018-08-19,1,0.0%,1,0%,55,0.0%,5.5%,21000,21000 ( 100.0% ),3,3 ( 100.0% ),976002100,130499,94
2018-08-21,1,0.0%,1,0%,55,0.0%,1.8%,6000,6000 ( 100.0% ),1,1 ( 100.0% ),976008100,130500,114
