날짜,스크린수,스크린점유율,상영횟수,상영점유율,좌석수,좌석점유율,좌석판매율,매출액,매출액증감(전일대비),관객수,관객수증감(전일대비),누적매출액,누적관객수,순위
2016-11-11,1,0.0%,1,0%,202,0.0%,68.3%,1054000,1054000 ( 100.0% ),138,138 ( 100.0% ),1054000,138,46
2016-12-04,1,0.0%,1,0%,293,0.0%,71.7%,1676000,1676000 ( 100.0% ),210,210 ( 100.0% ),2730000,348,38
2016-12-06,1,0.0%,1,0%,293,0.0%,68.9%,1712000,1712000 ( 100.0% ),202,202 ( 100.0% ),4442000,550,34
2016-12-20,1,0.0%,1,0%,212,0.0%,72.6%,921000,921000 ( 100.0% ),154,154 ( 100.0% ),5363000,704,42
2017-01-04,1,0.0%,1,0%,92,0.0%,100.0%,736000,736000 ( 100.0% ),92,92 ( 100.0% ),6099000,796,40
2017-01-09,1,0.0%,1,0%,203,0.0%,100.0%,1421000,1421000 ( 100.0% ),203,203 ( 100.0% ),7520000,999,24
2017-01-16,1,0.0%,1,0%,306,0.0%,100.0%,2448000,2448000 ( 100.0% ),306,306 ( 100.0% ),9968000,1305,30
2017-01-17,1,0.0%,1,0%,255,0.0%,100.0%,2295000,-153000 ( -6.3% ),255,-51 ( -16.7% ),12263000,1560,36
2017-01-18,92,1.7%,158,0.9%,18182,0.7%,10.1%,13685000,11390000 ( 496.3% ),1830,1575 ( 617.6% ),25948000,3390,11
2017-01-19,124,2.2%,204,1.2%,24902,0.9%,10.3%,19463400,5778400 ( 42.2% ),2569,739 ( 40.4% ),45411400,5959,10
2017-01-20,116,2.1%,193,1.1%,23524,0.8%,8.6%,16682100,-2781300 ( -14.3% ),2019,-550 ( -21.4% ),62093500,7978,10
2017-01-21,114,1.9%,163,0.9%,19524,0.7%,13.5%,21956100,5274000 ( 31.6% ),2628,609 ( 30.2% ),84049600,10606,10
2017-01-22,118,2.0%,173,1%,21055,0.7%,12.9%,22828200,872100 ( 4.0% ),2713,85 ( 3.2% ),106877800,13319,10
2017-01-23,110,2.1%,174,1%,21528,0.8%,7.1%,11430200,-11398000 ( -49.9% ),1539,-1174 ( -43.3% ),118308000,14858,10
2017-01-24,114,2.1%,175,1%,21494,0.8%,7.8%,12343400,913200 ( 8.0% ),1675,136 ( 8.8% ),130651400,16533,10
2017-01-25,53,0.9%,80,0.5%,9580,0.3%,15.4%,9387900,-2955500 ( -23.9% ),1478,-197 ( -11.8% ),140039300,18011,15
2017-01-26,45,0.7%,70,0.4%,7602,0.3%,13.5%,7832500,-1555400 ( -16.6% ),1030,-448 ( -30.3% ),147871800,19041,16
2017-01-27,46,0.7%,64,0.3%,7146,0.2%,14.6%,8790000,957500 ( 12.2% ),1041,11 ( 1.1% ),156661800,20082,17
2017-01-28,43,0.7%,61,0.3%,5998,0.2%,15.9%,8053573,-736427 ( -8.4% ),955,-86 ( -8.3% ),164715373,21037,17
2017-01-29,41,0.6%,55,0.3%,6422,0.2%,18.1%,10147500,2093927 ( 26.0% ),1164,209 ( 21.9% ),174862873,22201,17
2017-01-30,42,0.6%,58,0.3%,6282,0.2%,23.0%,12406700,2259200 ( 22.3% ),1448,284 ( 24.4% ),187269573,23649,16
2017-01-31,42,0.7%,57,0.3%,6555,0.2%,11.7%,5491700,-6915000 ( -55.7% ),769,-679 ( -46.9% ),192761273,24418,20
2017-02-01,34,0.6%,49,0.3%,5777,0.2%,9.3%,3931100,-1560600 ( -28.4% ),536,-233 ( -30.3% ),196692373,24954,19
2017-02-02,28,0.5%,36,0.2%,3796,0.1%,10.0%,2877100,-1054000 ( -26.8% ),378,-158 ( -29.5% ),199569473,25332,27
2017-02-03,22,0.4%,34,0.2%,2826,0.1%,14.0%,3105100,228000 ( 7.9% ),395,17 ( 4.5% ),202674573,25727,25
2017-02-04,25,0.4%,35,0.2%,3021,0.1%,16.5%,4308800,1203700 ( 38.8% ),497,102 ( 25.8% ),206983373,26224,23
2017-02-05,21,0.4%,29,0.2%,2620,0.1%,17.8%,3705100,-603700 ( -14.0% ),466,-31 ( -6.2% ),210688473,26690,23
2017-02-06,22,0.4%,30,0.2%,2635,0.1%,9.9%,1951500,-1753600 ( -47.3% ),260,-206 ( -44.2% ),212639973,26950,29
2017-02-07,59,1.1%,66,0.4%,7001,0.3%,21.5%,10324400,8372900 ( 429.0% ),1506,1246 ( 479.2% ),222964373,28456,12
2017-02-08,22,0.4%,29,0.2%,2589,0.1%,9.3%,1766000,-8558400 ( -82.9% ),241,-1265 ( -84.0% ),224730373,28697,32
2017-02-09,12,0.2%,17,0.1%,1389,0.1%,15.2%,1795000,29000 ( 1.6% ),211,-30 ( -12.4% ),226525373,28908,38
2017-02-10,14,0.2%,18,0.1%,1350,0.0%,11.1%,1237000,-558000 ( -31.1% ),150,-61 ( -28.9% ),227762373,29058,36
2017-02-11,11,0.2%,16,0.1%,1261,0.0%,23.3%,2573000,1336000 ( 108.0% ),294,144 ( 96.0% ),230335373,29352,28
2017-02-12,13,0.2%,17,0.1%,1481,0.1%,15.1%,1932000,-641000 ( -24.9% ),224,-70 ( -23.8% ),232267373,29576,35
2017-02-13,12,0.2%,14,0.1%,1126,0.0%,9.5%,803000,-1129000 ( -58.4% ),107,-117 ( -52.2% ),233070373,29683,46
2017-02-14,9,0.1%,12,0.1%,952,0.0%,10.9%,784200,-18800 ( -2.3% ),104,-3 ( -2.8% ),233854573,29787,53
2017-02-15,8,0.1%,11,0.1%,1073,0.0%,10.2%,835000,50800 ( 6.5% ),109,5 ( 4.8% ),234689573,29896,47
2017-02-16,7,0.1%,11,0.1%,820,0.0%,7.8%,485000,-350000 ( -41.9% ),64,-45 ( -41.3% ),235174573,29960,57
2017-02-17,11,0.2%,15,0.1%,1052,0.0%,16.8%,1548600,1063600 ( 219.3% ),177,113 ( 176.6% ),236723173,30137,36
2017-02-18,7,0.1%,12,0.1%,768,0.0%,26.8%,1468600,-80000 ( -5.2% ),206,29 ( 16.4% ),238191773,30343,37
2017-02-19,10,0.2%,14,0.1%,1065,0.0%,24.2%,2316000,847400 ( 57.7% ),258,52 ( 25.2% ),240507773,30601,32
2017-02-20,5,0.1%,9,0.1%,429,0.0%,15.6%,526400,-1789600 ( -77.3% ),67,-191 ( -74.0% ),241034173,30668,52
2017-02-21,7,0.1%,11,0.1%,894,0.0%,9.5%,634000,107600 ( 20.4% ),85,18 ( 26.9% ),241668173,30753,49
2017-02-22,8,0.1%,10,0.1%,919,0.0%,8.9%,435500,-198500 ( -31.3% ),82,-3 ( -3.5% ),242103673,30835,55
2017-02-23,5,0.1%,8,0%,808,0.0%,5.9%,377000,-58500 ( -13.4% ),48,-34 ( -41.5% ),242480673,30883,60
2017-02-24,4,0.1%,6,0%,280,0.0%,12.9%,309000,-68000 ( -18.0% ),36,-12 ( -25.0% ),242789673,30919,59
2017-02-25,7,0.1%,8,0%,483,0.0%,13.9%,546000,237000 ( 76.7% ),67,31 ( 86.1% ),243335673,30986,53
2017-02-26,5,0.1%,7,0%,532,0.0%,8.3%,383000,-163000 ( -29.9% ),44,-23 ( -34.3% ),243718673,31030,61
2017-02-27,3,0.0%,4,0%,215,0.0%,11.2%,179000,-204000 ( -53.3% ),24,-20 ( -45.5% ),243897673,31054,68
2017-02-28,6,0.1%,8,0%,744,0.0%,9.0%,494000,315000 ( 176.0% ),67,43 ( 179.2% ),244391673,31121,62
2017-03-01,5,0.1%,6,0%,490,0.0%,16.7%,660000,166000 ( 33.6% ),82,15 ( 22.4% ),245051673,31203,49
2017-03-02,2,0.0%,2,0%,82,0.0%,22.0%,144000,-516000 ( -78.2% ),18,-64 ( -78.0% ),245195673,31221,63
2017-03-03,3,0.1%,3,0%,138,0.0%,15.9%,190000,46000 ( 31.9% ),22,4 ( 22.2% ),245385673,31243,75
2017-03-04,2,0.0%,2,0%,88,0.0%,50.0%,407000,217000 ( 114.2% ),44,22 ( 100.0% ),245792673,31287,68
2017-03-05,2,0.0%,2,0%,81,0.0%,22.2%,157500,-249500 ( -61.3% ),18,-26 ( -59.1% ),245950173,31305,84
2017-03-06,2,0.0%,2,0%,80,0.0%,12.5%,75000,-82500 ( -52.4% ),10,-8 ( -44.4% ),246025173,31315,65
2017-03-07,1,0.0%,1,0%,52,0.0%,5.8%,27000,-48000 ( -64.0% ),3,-7 ( -70.0% ),246052173,31318,95
2017-03-08,4,0.1%,4,0%,224,0.0%,13.4%,247000,220000 ( 814.8% ),30,27 ( 900.0% ),246299173,31348,64
2017-03-10,1,0.0%,1,0%,58,0.0%,22.4%,121000,121000 ( 100.0% ),13,13 ( 100.0% ),246420173,31361,71
2017-03-12,1,0.0%,1,0%,58,0.0%,44.8%,251000,251000 ( 100.0% ),26,26 ( 100.0% ),246671173,31387,67
2017-03-14,1,0.0%,1,0%,58,0.0%,24.1%,126000,126000 ( 100.0% ),14,14 ( 100.0% ),246797173,31401,79
2017-03-19,1,0.0%,1,0%,58,0.0%,25.9%,144000,144000 ( 100.0% ),15,15 ( 100.0% ),246941173,31416,81
2017-03-23,1,0.0%,1,0%,200,0.0%,0.5%,6000,6000 ( 100.0% ),1,1 ( 100.0% ),246947173,31417,117
2017-03-25,1,0.0%,1,0%,58,0.0%,27.6%,159000,159000 ( 100.0% ),16,16 ( 100.0% ),247106173,31433,106
2017-03-30,1,0.0%,1,0%,58,0.0%,13.8%,71000,71000 ( 100.0% ),8,8 ( 100.0% ),247177173,31441,82
2017-04-01,1,0.0%,1,0%,58,0.0%,31.0%,177000,177000 ( 100.0% ),18,18 ( 100.0% ),247354173,31459,76
2017-04-04,2,0.0%,2,0%,412,0.0%,4.4%,88000,88000 ( 100.0% ),18,18 ( 100.0% ),247442173,31477,66
2017-04-07,1,0.0%,1,0%,212,0.0%,9.4%,98000,98000 ( 100.0% ),20,20 ( 100.0% ),247540173,31497,69
2017-10-05,1,0.0%,1,0%,92,0.0%,29.3%,263000,263000 ( 100.0% ),27,27 ( 100.0% ),247803173,31524,59
2018-03-24,1,0.0%,1,0%,98,0.0%,21.4%,154800,154800 ( 100.0% ),21,21 ( 100.0% ),247957973,31545,84
2018-03-25,1,0.0%,1,0%,98,0.0%,8.2%,56200,-98600 ( -63.7% ),8,-13 ( -61.9% ),248014173,31553,91
2018-07-27,1,0.0%,1,0%,40,0.0%,5.0%,20000,20000 ( 100.0% ),2,2 ( 100.0% ),248034173,31555,86
2018-07-31,1,0.0%,1,0%,40,0.0%,25.0%,87000,87000 ( 100.0% ),10,10 ( 100.0% ),248121173,31565,84
2018-08-03,1,0.0%,1,0%,40,0.0%,25.0%,92000,92000 ( 100.0% ),10,10 ( 100.0% ),248213173,31575,74
2018-08-05,1,0.0%,1,0%,40,0.0%,27.5%,110000,110000 ( 100.0% ),11,11 ( 100.0% ),248323173,31586,56
2018-11-24,1,0.0%,1,0%,160,0.0%,4.4%,66000,66000 ( 100.0% ),7,7 ( 100.0% ),248389173,31593,125
2018-11-25,1,0.0%,1,0%,160,0.0%,6.9%,106000,40000 ( 60.6% ),11,4 ( 57.1% ),248495173,31604,109
