날짜,스크린수,스크린점유율,상영횟수,상영점유율,좌석수,좌석점유율,좌석판매율,매출액,매출액증감(전일대비),관객수,관객수증감(전일대비),누적매출액,누적관객수,순위
2016-08-23,1,0.0%,1,0%,224,0.0%,100.0%,1344000,1344000 ( 100.0% ),224,224 ( 100.0% ),1344000,224,33
2016-08-24,4,0.1%,5,0%,1059,0.0%,100.0%,8248000,6904000 ( 513.7% ),1059,835 ( 372.8% ),9592000,1283,18
2016-08-31,2,0.0%,2,0%,454,0.0%,100.0%,3632000,3632000 ( 100.0% ),454,454 ( 100.0% ),13224000,1737,32
2016-09-03,3,0.0%,3,0%,749,0.0%,100.0%,7490000,7490000 ( 100.0% ),749,749 ( 100.0% ),20714000,2486,31
2016-09-04,3,0.0%,3,0%,581,0.0%,100.0%,5810000,-1680000 ( -22.4% ),581,-168 ( -22.4% ),26524000,3067,35
2016-09-07,238,4.8%,299,2.1%,40157,1.7%,8.0%,23896700,23896700 ( 100.0% ),3199,3199 ( 100.0% ),50420700,6266,8
2016-09-08,236,4.7%,301,2%,39827,1.6%,5.2%,14757300,-9139400 ( -38.2% ),2083,-1116 ( -34.9% ),65178000,8349,9
2016-09-09,259,4.9%,332,2.1%,42655,1.7%,6.4%,21487400,6730100 ( 45.6% ),2718,635 ( 30.5% ),86665400,11067,8
2016-09-10,411,7.2%,669,4%,85638,3.1%,27.9%,180115600,158628200 ( 738.2% ),23863,21145 ( 778.0% ),266781000,34930,4
2016-09-11,425,7.4%,691,4.2%,89787,3.4%,31.7%,223977200,43861600 ( 24.4% ),28423,4560 ( 19.1% ),490758200,63353,4
2016-09-12,309,6.0%,405,2.8%,50061,2.1%,9.0%,29999900,-193977300 ( -86.6% ),4515,-23908 ( -84.1% ),520758100,67868,8
2016-09-13,281,4.8%,380,2.4%,46998,1.8%,8.4%,25989600,-4010300 ( -13.4% ),3945,-570 ( -12.6% ),546747700,71813,10
2016-09-14,272,4.6%,362,2.1%,45205,1.6%,20.8%,71710800,45721200 ( 175.9% ),9417,5472 ( 138.7% ),618458500,81230,10
2016-09-15,256,4.3%,342,2%,42437,1.5%,20.5%,67282500,-4428300 ( -6.2% ),8720,-697 ( -7.4% ),685741000,89950,9
2016-09-16,270,4.4%,370,2.1%,45729,1.6%,36.7%,126670200,59387700 ( 88.3% ),16770,8050 ( 92.3% ),812411200,106720,7
2016-09-17,275,4.5%,363,2.1%,45992,1.6%,36.7%,126701700,31500 ( 0.0% ),16898,128 ( 0.8% ),939112900,123618,7
2016-09-18,268,4.5%,346,2.1%,43742,1.6%,33.1%,108304100,-18397600 ( -14.5% ),14463,-2435 ( -14.4% ),1047417000,138081,7
2016-09-19,116,2.5%,133,0.9%,15842,0.7%,5.4%,5732000,-102572100 ( -94.7% ),853,-13610 ( -94.1% ),1053149000,138934,10
2016-09-20,95,2.0%,107,0.8%,13291,0.6%,4.9%,4364000,-1368000 ( -23.9% ),650,-203 ( -23.8% ),1057513000,139584,13
2016-09-21,91,2.0%,99,0.7%,12362,0.5%,3.8%,3025800,-1338200 ( -30.7% ),474,-176 ( -27.1% ),1060538800,140058,20
2016-09-22,37,0.8%,40,0.3%,4607,0.2%,7.1%,1842000,-1183800 ( -39.1% ),325,-149 ( -31.4% ),1062380800,140383,27
2016-09-23,50,1.0%,59,0.4%,6677,0.3%,10.0%,4605500,2763500 ( 150.0% ),671,346 ( 106.5% ),1066986300,141054,20
2016-09-24,109,1.7%,131,0.8%,16079,0.6%,20.7%,23565800,18960300 ( 411.7% ),3322,2651 ( 395.1% ),1090552100,144376,14
2016-09-25,109,1.7%,129,0.8%,15605,0.6%,20.5%,23641100,75300 ( 0.3% ),3204,-118 ( -3.6% ),1114193200,147580,15
2016-09-26,29,0.6%,31,0.2%,3812,0.2%,4.9%,1169500,-22471600 ( -95.1% ),188,-3016 ( -94.1% ),1115362700,147768,33
2016-09-27,34,0.7%,36,0.3%,4259,0.2%,5.2%,1517000,347500 ( 29.7% ),223,35 ( 18.6% ),1116879700,147991,37
2016-09-28,11,0.2%,15,0.1%,1385,0.1%,24.1%,1698000,181000 ( 11.9% ),334,111 ( 49.8% ),1118577700,148325,24
2016-09-29,11,0.2%,14,0.1%,1434,0.1%,14.0%,1147500,-550500 ( -32.4% ),201,-133 ( -39.8% ),1119725200,148526,34
2016-09-30,8,0.2%,16,0.1%,1392,0.1%,9.6%,831800,-315700 ( -27.5% ),133,-68 ( -33.8% ),1120557000,148659,40
2016-10-01,11,0.2%,23,0.1%,2466,0.1%,15.2%,2350000,1518200 ( 182.5% ),376,243 ( 182.7% ),1122907000,149035,27
2016-10-02,12,0.2%,23,0.1%,2664,0.1%,19.2%,3259300,909300 ( 38.7% ),512,136 ( 36.2% ),1126166300,149547,26
2016-10-03,14,0.2%,21,0.1%,2009,0.1%,33.5%,4937700,1678400 ( 51.5% ),673,161 ( 31.4% ),1131104000,150220,21
2016-10-04,9,0.2%,18,0.1%,1835,0.1%,8.6%,898500,-4039200 ( -81.8% ),158,-515 ( -76.5% ),1132002500,150378,31
2016-10-05,8,0.2%,13,0.1%,1284,0.1%,6.5%,424000,-474500 ( -52.8% ),83,-75 ( -47.5% ),1132426500,150461,46
2016-10-06,7,0.1%,9,0.1%,1426,0.1%,12.2%,865000,441000 ( 104.0% ),174,91 ( 109.6% ),1133291500,150635,34
2016-10-07,8,0.2%,17,0.1%,1492,0.1%,5.0%,374000,-491000 ( -56.8% ),74,-100 ( -57.5% ),1133665500,150709,50
2016-10-08,14,0.2%,24,0.1%,2726,0.1%,19.3%,2662000,2288000 ( 611.8% ),525,451 ( 609.5% ),1136327500,151234,27
2016-10-09,12,0.2%,19,0.1%,1826,0.1%,12.2%,1443500,-1218500 ( -45.8% ),223,-302 ( -57.5% ),1137771000,151457,33
2016-10-10,7,0.1%,8,0.1%,775,0.0%,5.0%,218500,-1225000 ( -84.9% ),39,-184 ( -82.5% ),1137989500,151496,46
2016-10-11,8,0.2%,13,0.1%,1166,0.0%,4.3%,292000,73500 ( 33.6% ),50,11 ( 28.2% ),1138281500,151546,48
2016-10-12,9,0.2%,11,0.1%,1202,0.0%,4.9%,326000,34000 ( 11.6% ),59,9 ( 18.0% ),1138607500,151605,61
2016-10-13,5,0.1%,5,0%,705,0.0%,4.5%,164000,-162000 ( -49.7% ),32,-27 ( -45.8% ),1138771500,151637,62
2016-10-14,6,0.1%,10,0.1%,809,0.0%,5.9%,260000,96000 ( 58.5% ),48,16 ( 50.0% ),1139031500,151685,63
2016-10-15,7,0.1%,9,0.1%,931,0.0%,10.1%,643000,383000 ( 147.3% ),94,46 ( 95.8% ),1139674500,151779,53
2016-10-16,7,0.1%,9,0.1%,871,0.0%,12.3%,671500,28500 ( 4.4% ),107,13 ( 13.8% ),1140346000,151886,50
2016-10-17,6,0.1%,8,0.1%,745,0.0%,4.8%,188000,-483500 ( -72.0% ),36,-71 ( -66.4% ),1140534000,151922,50
2016-10-18,5,0.1%,6,0%,681,0.0%,5.0%,183000,-5000 ( -2.7% ),34,-2 ( -5.6% ),1140717000,151956,62
2016-10-19,3,0.1%,5,0%,231,0.0%,4.3%,78000,-105000 ( -57.4% ),10,-24 ( -70.6% ),1140795000,151966,86
2016-10-20,3,0.1%,3,0%,161,0.0%,5.6%,63000,-15000 ( -19.2% ),9,-1 ( -10.0% ),1140858000,151975,88
2016-10-21,3,0.1%,6,0%,263,0.0%,16.7%,310000,247000 ( 392.1% ),44,35 ( 388.9% ),1141168000,152019,67
2016-10-22,4,0.1%,10,0.1%,495,0.0%,15.8%,525000,215000 ( 69.4% ),78,34 ( 77.3% ),1141693000,152097,60
2016-10-23,4,0.1%,10,0.1%,435,0.0%,19.8%,616000,91000 ( 17.3% ),86,8 ( 10.3% ),1142309000,152183,50
2016-10-24,2,0.0%,5,0%,234,0.0%,6.8%,100000,-516000 ( -83.8% ),16,-70 ( -81.4% ),1142409000,152199,76
2016-10-25,2,0.0%,5,0%,234,0.0%,12.4%,182000,82000 ( 82.0% ),29,13 ( 81.3% ),1142591000,152228,83
2016-10-26,2,0.0%,6,0%,328,0.0%,16.5%,361000,179000 ( 98.4% ),54,25 ( 86.2% ),1142952000,152282,59
2016-10-27,2,0.0%,2,0%,129,0.0%,2.3%,19000,-342000 ( -94.7% ),3,-51 ( -94.4% ),1142971000,152285,101
2016-10-28,3,0.1%,7,0%,418,0.0%,29.7%,669000,650000 ( 3421.1% ),124,121 ( 4033.3% ),1143640000,152409,42
2016-10-29,4,0.1%,10,0.1%,573,0.0%,21.8%,795600,126600 ( 18.9% ),125,1 ( 0.8% ),1144435600,152534,41
2016-10-30,3,0.1%,9,0.1%,443,0.0%,22.6%,646500,-149100 ( -18.7% ),100,-25 ( -20.0% ),1145082100,152634,45
2016-10-31,3,0.1%,6,0%,279,0.0%,7.9%,133000,-513500 ( -79.4% ),22,-78 ( -78.0% ),1145215100,152656,62
2016-11-01,3,0.1%,6,0%,338,0.0%,7.1%,153000,20000 ( 15.0% ),24,2 ( 9.1% ),1145368100,152680,67
2016-11-02,2,0.0%,2,0%,129,0.0%,3.9%,36000,-117000 ( -76.5% ),5,-19 ( -79.2% ),1145404100,152685,91
2016-11-03,3,0.1%,3,0%,234,0.0%,45.7%,641000,605000 ( 1680.6% ),107,102 ( 2040.0% ),1146045100,152792,49
2016-11-04,2,0.0%,3,0%,353,0.0%,3.1%,65500,-575500 ( -89.8% ),11,-96 ( -89.7% ),1146110600,152803,76
2016-11-05,1,0.0%,2,0%,188,0.0%,10.1%,122500,57000 ( 87.0% ),19,8 ( 72.7% ),1146233100,152822,83
2016-11-06,2,0.0%,3,0%,318,0.0%,8.5%,164000,41500 ( 33.9% ),27,8 ( 42.1% ),1146397100,152849,69
2016-11-07,1,0.0%,1,0%,94,0.0%,5.3%,30000,-134000 ( -81.7% ),5,-22 ( -81.5% ),1146427100,152854,83
2016-11-09,1,0.0%,1,0%,94,0.0%,2.1%,12000,12000 ( 100.0% ),2,2 ( 100.0% ),1146439100,152856,102
2016-11-10,2,0.0%,2,0%,129,0.0%,3.9%,30000,18000 ( 150.0% ),5,3 ( 150.0% ),1146469100,152861,108
2016-11-11,1,0.0%,1,0%,35,0.0%,11.4%,30000,0 ( 0.0% ),4,-1 ( -20.0% ),1146499100,152865,115
2016-11-12,2,0.0%,2,0%,259,0.0%,13.5%,205000,175000 ( 583.3% ),35,31 ( 775.0% ),1146704100,152900,78
2016-11-13,2,0.0%,2,0%,224,0.0%,8.5%,108000,-97000 ( -47.3% ),19,-16 ( -45.7% ),1146812100,152919,84
2016-11-16,1,0.0%,1,0%,94,0.0%,1.1%,6000,6000 ( 100.0% ),1,1 ( 100.0% ),1146818100,152920,130
2016-11-19,1,0.0%,1,0%,94,0.0%,9.6%,53500,53500 ( 100.0% ),9,9 ( 100.0% ),1146871600,152929,121
2016-11-20,2,0.0%,2,0%,232,0.0%,11.2%,156000,102500 ( 191.6% ),26,17 ( 188.9% ),1147027600,152955,78
2016-11-21,1,0.0%,1,0%,94,0.0%,4.3%,24000,-132000 ( -84.6% ),4,-22 ( -84.6% ),1147051600,152959,112
2016-11-22,1,0.0%,1,0%,94,0.0%,11.7%,66000,42000 ( 175.0% ),11,7 ( 175.0% ),1147117600,152970,106
2016-11-26,2,0.0%,4,0%,252,0.0%,12.3%,176000,176000 ( 100.0% ),31,31 ( 100.0% ),1147293600,153001,88
2016-11-27,2,0.0%,4,0%,252,0.0%,9.9%,138000,-38000 ( -21.6% ),25,-6 ( -19.4% ),1147431600,153026,78
2016-11-28,1,0.0%,1,0%,94,0.0%,2.1%,18000,-120000 ( -87.0% ),2,-23 ( -92.0% ),1147449600,153028,99
2016-11-29,1,0.0%,1,0%,94,0.0%,5.3%,39000,21000 ( 116.7% ),5,3 ( 150.0% ),1147488600,153033,107
2016-11-30,1,0.0%,1,0%,94,0.0%,6.4%,28000,-11000 ( -28.2% ),6,1 ( 20.0% ),1147516600,153039,111
2016-12-02,1,0.0%,1,0%,94,0.0%,7.4%,42000,42000 ( 100.0% ),7,7 ( 100.0% ),1147558600,153046,118
2016-12-03,1,0.0%,2,0%,188,0.0%,14.9%,165100,123100 ( 293.1% ),28,21 ( 300.0% ),1147723700,153074,105
2016-12-04,1,0.0%,2,0%,188,0.0%,10.1%,116000,-49100 ( -29.7% ),19,-9 ( -32.1% ),1147839700,153093,110
2016-12-06,2,0.0%,2,0%,210,0.0%,1.9%,24000,24000 ( 100.0% ),4,4 ( 100.0% ),1147863700,153097,122
2016-12-08,1,0.0%,1,0%,90,0.0%,0.0%,0,0 ( 0.0% ),0,0 ( 0.0% ),1147863700,153097,124
2017-04-04,1,0.0%,1,0%,94,0.0%,1.1%,6000,6000 ( 100.0% ),1,1 ( 100.0% ),1147869700,153098,102
2017-04-05,1,0.0%,1,0%,94,0.0%,2.1%,12000,6000 ( 100.0% ),2,1 ( 100.0% ),1147881700,153100,93
2017-04-07,1,0.0%,1,0%,94,0.0%,1.1%,4000,4000 ( 100.0% ),1,1 ( 100.0% ),1147885700,153101,111
2017-04-08,1,0.0%,1,0%,94,0.0%,5.3%,30000,26000 ( 650.0% ),5,4 ( 400.0% ),1147915700,153106,101
2017-04-09,1,0.0%,1,0%,94,0.0%,6.4%,36000,6000 ( 20.0% ),6,1 ( 20.0% ),1147951700,153112,89
2017-04-13,1,0.0%,1,0%,86,0.0%,2.3%,12000,12000 ( 100.0% ),2,2 ( 100.0% ),1147963700,153114,98
2017-04-14,1,0.0%,1,0%,94,0.0%,3.2%,18000,6000 ( 50.0% ),3,1 ( 50.0% ),1147981700,153117,101
2017-04-15,1,0.0%,1,0%,94,0.0%,2.1%,12000,-6000 ( -33.3% ),2,-1 ( -33.3% ),1147993700,153119,109
2017-04-19,1,0.0%,1,0%,94,0.0%,6.4%,36000,36000 ( 100.0% ),6,6 ( 100.0% ),1148029700,153125,87
2017-04-20,1,0.0%,1,0%,86,0.0%,2.3%,12000,-24000 ( -66.7% ),2,-4 ( -66.7% ),1148041700,153127,101
2017-04-21,1,0.0%,1,0%,94,0.0%,4.3%,24000,12000 ( 100.0% ),4,2 ( 100.0% ),1148065700,153131,103
2017-04-22,1,0.0%,1,0%,94,0.0%,8.5%,45000,21000 ( 87.5% ),8,4 ( 100.0% ),1148110700,153139,109
2017-04-23,1,0.0%,1,0%,94,0.0%,6.4%,36000,-9000 ( -20.0% ),6,-2 ( -25.0% ),1148146700,153145,105
2018-11-23,1,0.0%,1,0%,94,0.0%,23.4%,110000,110000 ( 100.0% ),22,22 ( 100.0% ),1148256700,153167,80
2018-11-29,1,0.0%,1,0%,94,0.0%,9.6%,51000,51000 ( 100.0% ),9,9 ( 100.0% ),1148307700,153176,115
2018-12-04,1,0.0%,1,0%,94,0.0%,3.2%,18000,18000 ( 100.0% ),3,3 ( 100.0% ),1148325700,153179,117
2018-12-05,1,0.0%,1,0%,94,0.0%,2.1%,7000,-11000 ( -61.1% ),2,-1 ( -33.3% ),1148332700,153181,128
2018-12-08,1,0.0%,1,0%,94,0.0%,9.6%,54000,54000 ( 100.0% ),9,9 ( 100.0% ),1148386700,153190,94
2018-12-19,1,0.0%,1,0%,94,0.0%,88.3%,498000,498000 ( 100.0% ),83,83 ( 100.0% ),1148884700,153273,50
