날짜,스크린수,스크린점유율,상영횟수,상영점유율,좌석수,좌석점유율,좌석판매율,매출액,매출액증감(전일대비),관객수,관객수증감(전일대비),누적매출액,누적관객수,순위
2018-04-18,8,0.1%,8,0%,1763,0.1%,100.0%,14748000,14748000 ( 100.0% ),1763,1763 ( 100.0% ),14748000,1763,11
2018-04-19,7,0.1%,7,0%,2171,0.1%,100.0%,18159000,3411000 ( 23.1% ),2171,408 ( 23.1% ),32907000,3934,12
2018-04-20,3,0.0%,3,0%,789,0.0%,98.4%,5922000,-12237000 ( -67.4% ),776,-1395 ( -64.3% ),38829000,4710,20
2018-04-23,6,0.1%,6,0%,1456,0.1%,100.6%,11840000,11840000 ( 100.0% ),1465,1465 ( 100.0% ),50669000,6175,12
2018-04-24,54,0.9%,54,0.3%,11909,0.4%,99.7%,100807000,88967000 ( 751.4% ),11868,10403 ( 710.1% ),151476000,18043,4
2018-04-25,260,4.9%,395,2.5%,50589,2.0%,15.8%,65090500,-35716500 ( -35.4% ),7976,-3892 ( -32.8% ),216566500,26019,3
2018-04-26,250,5.0%,443,2.8%,53170,2.1%,4.2%,17026100,-48064400 ( -73.8% ),2235,-5741 ( -72.0% ),233592600,28254,6
2018-04-27,252,5.1%,417,2.6%,50422,2.0%,6.0%,25816700,8790600 ( 51.6% ),3006,771 ( 34.5% ),259409300,31260,6
2018-04-28,231,4.5%,337,2%,39175,1.5%,11.6%,39274800,13458100 ( 52.1% ),4551,1545 ( 51.4% ),298684100,35811,7
2018-04-29,229,4.5%,335,2%,39018,1.5%,12.9%,42295800,3021000 ( 7.7% ),5035,484 ( 10.6% ),340979900,40846,6
2018-04-30,242,4.9%,384,2.4%,45913,1.8%,8.9%,31219100,-11076700 ( -26.2% ),4078,-957 ( -19.0% ),372199000,44924,5
2018-05-01,185,3.9%,225,1.3%,26322,1.0%,14.9%,28724800,-2494300 ( -8.0% ),3922,-156 ( -3.8% ),400923800,48846,6
2018-05-02,135,3.1%,180,1.1%,21301,0.8%,9.0%,14664100,-14060700 ( -48.9% ),1924,-1998 ( -50.9% ),415587900,50770,6
2018-05-03,58,1.3%,75,0.5%,9476,0.4%,15.2%,10959900,-3704200 ( -25.3% ),1438,-486 ( -25.3% ),426547800,52208,10
2018-05-04,62,1.3%,83,0.5%,10162,0.4%,14.6%,12827700,1867800 ( 17.0% ),1485,47 ( 3.3% ),439375500,53693,11
2018-05-05,43,0.8%,69,0.4%,8482,0.3%,32.0%,24492200,11664500 ( 90.9% ),2718,1233 ( 83.0% ),463867700,56411,9
2018-05-06,68,1.2%,102,0.6%,12845,0.5%,29.4%,33725900,9233700 ( 37.7% ),3781,1063 ( 39.1% ),497593600,60192,9
2018-05-07,77,1.4%,122,0.7%,16606,0.6%,24.0%,34791700,1065800 ( 3.2% ),3989,208 ( 5.5% ),532385300,64181,9
2018-05-08,106,2.3%,190,1.2%,26166,1.1%,7.6%,15481500,-19310200 ( -55.5% ),1978,-2011 ( -50.4% ),547866800,66159,4
2018-05-09,98,2.3%,174,1.1%,22729,0.9%,8.8%,16005000,523500 ( 3.4% ),1992,14 ( 0.7% ),563871800,68151,4
2018-05-10,97,2.2%,162,1%,21761,0.9%,7.9%,14013900,-1991100 ( -12.4% ),1719,-273 ( -13.7% ),577885700,69870,6
2018-05-11,99,2.2%,174,1.1%,23702,0.9%,10.3%,21798400,7784500 ( 55.5% ),2444,725 ( 42.2% ),599684100,72314,5
2018-05-12,108,2.1%,183,1%,23753,0.8%,26.9%,57704800,35906400 ( 164.7% ),6387,3943 ( 161.3% ),657388900,78701,7
2018-05-13,114,2.2%,204,1.2%,27958,1.0%,21.7%,54596100,-3108700 ( -5.4% ),6065,-322 ( -5.0% ),711985000,84766,6
2018-05-14,114,2.7%,218,1.4%,29699,1.2%,6.9%,16555900,-38040200 ( -69.7% ),2061,-4004 ( -66.0% ),728540900,86827,5
2018-05-15,118,2.7%,228,1.5%,31014,1.3%,7.6%,18685400,2129500 ( 12.9% ),2365,304 ( 14.8% ),747226300,89192,5
2018-05-16,72,1.4%,116,0.7%,15864,0.6%,10.1%,11826000,-6859400 ( -36.7% ),1609,-756 ( -32.0% ),759052300,90801,8
2018-05-17,55,1.1%,67,0.4%,9577,0.4%,11.2%,7695600,-4130400 ( -34.9% ),1075,-534 ( -33.2% ),766747900,91876,12
2018-05-18,52,1.0%,70,0.4%,10192,0.4%,13.1%,10641300,2945700 ( 38.3% ),1331,256 ( 23.8% ),777389200,93207,12
2018-05-19,49,0.8%,66,0.4%,9094,0.3%,22.6%,18126900,7485600 ( 70.3% ),2058,727 ( 54.6% ),795516100,95265,11
2018-05-20,53,0.9%,71,0.4%,9529,0.3%,24.8%,20602200,2475300 ( 13.7% ),2367,309 ( 15.0% ),816118300,97632,10
2018-05-21,53,0.9%,76,0.4%,9553,0.3%,17.4%,13246300,-7355900 ( -35.7% ),1662,-705 ( -29.8% ),829364600,99294,12
2018-05-22,19,0.3%,24,0.1%,3029,0.1%,32.9%,8402800,-4843500 ( -36.6% ),997,-665 ( -40.0% ),837767400,100291,14
2018-05-23,31,0.6%,37,0.2%,4950,0.2%,13.9%,4728900,-3673900 ( -43.7% ),686,-311 ( -31.2% ),842496300,100977,11
2018-05-24,18,0.3%,20,0.1%,2752,0.1%,11.2%,2311000,-2417900 ( -51.1% ),307,-379 ( -55.2% ),844807300,101284,21
2018-05-25,23,0.4%,28,0.2%,3525,0.1%,15.7%,4583600,2272600 ( 98.3% ),554,247 ( 80.5% ),849390900,101838,13
2018-05-26,20,0.3%,23,0.1%,2874,0.1%,31.1%,7535600,2952000 ( 64.4% ),894,340 ( 61.4% ),856926500,102732,15
2018-05-27,18,0.3%,24,0.1%,2510,0.1%,24.6%,5514300,-2021300 ( -26.8% ),617,-277 ( -31.0% ),862440800,103349,15
2018-05-28,18,0.4%,26,0.2%,3577,0.1%,8.5%,2409000,-3105300 ( -56.3% ),304,-313 ( -50.7% ),864849800,103653,17
2018-05-29,16,0.3%,22,0.1%,2619,0.1%,10.6%,2126700,-282300 ( -11.7% ),278,-26 ( -8.6% ),866976500,103931,21
2018-05-30,14,0.2%,18,0.1%,2373,0.1%,31.6%,4058800,1932100 ( 90.8% ),751,473 ( 170.1% ),871035300,104682,18
2018-05-31,15,0.3%,16,0.1%,2286,0.1%,20.3%,2905600,-1153200 ( -28.4% ),463,-288 ( -38.3% ),873940900,105145,26
2018-06-01,19,0.3%,20,0.1%,2424,0.1%,10.9%,2250600,-655000 ( -22.5% ),265,-198 ( -42.8% ),876191500,105410,21
2018-06-02,14,0.2%,16,0.1%,1578,0.1%,20.9%,2954000,703400 ( 31.3% ),330,65 ( 24.5% ),879145500,105740,25
2018-06-03,16,0.3%,18,0.1%,2815,0.1%,20.2%,4718400,1764400 ( 59.7% ),570,240 ( 72.7% ),883863900,106310,20
2018-06-04,11,0.2%,17,0.1%,2226,0.1%,6.6%,1082800,-3635600 ( -77.1% ),146,-424 ( -74.4% ),884946700,106456,29
2018-06-05,15,0.3%,20,0.1%,2388,0.1%,9.7%,1801800,719000 ( 66.4% ),232,86 ( 58.9% ),886748500,106688,28
2018-06-06,7,0.1%,8,0%,1452,0.1%,22.1%,2867000,1065200 ( 59.1% ),321,89 ( 38.4% ),889615500,107009,27
2018-06-07,6,0.1%,7,0%,650,0.0%,9.2%,447000,-2420000 ( -84.4% ),60,-261 ( -81.3% ),890062500,107069,50
2018-06-08,6,0.1%,6,0%,577,0.0%,9.5%,430000,-17000 ( -3.8% ),55,-5 ( -8.3% ),890492500,107124,49
2018-06-09,6,0.1%,8,0%,1046,0.0%,41.4%,2515500,2085500 ( 485.0% ),433,378 ( 687.3% ),893008000,107557,20
2018-06-10,9,0.2%,9,0%,848,0.0%,23.5%,1750500,-765000 ( -30.4% ),199,-234 ( -54.0% ),894758500,107756,29
2018-06-11,4,0.1%,4,0%,485,0.0%,7.2%,255000,-1495500 ( -85.4% ),35,-164 ( -82.4% ),895013500,107791,50
2018-06-12,6,0.1%,7,0%,895,0.0%,38.9%,1835000,1580000 ( 619.6% ),348,313 ( 894.3% ),896848500,108139,25
2018-06-13,4,0.1%,4,0%,996,0.0%,12.7%,1008000,-827000 ( -45.1% ),126,-222 ( -63.8% ),897856500,108265,34
2018-06-14,3,0.1%,3,0%,311,0.0%,3.5%,80000,-928000 ( -92.1% ),11,-115 ( -91.3% ),897936500,108276,81
2018-06-15,5,0.1%,5,0%,396,0.0%,13.9%,443000,363000 ( 453.8% ),55,44 ( 400.0% ),898379500,108331,53
2018-06-16,4,0.1%,5,0%,290,0.0%,15.9%,420000,-23000 ( -5.2% ),46,-9 ( -16.4% ),898799500,108377,54
2018-06-17,5,0.1%,5,0%,1055,0.0%,7.5%,638000,218000 ( 51.9% ),79,33 ( 71.7% ),899437500,108456,36
2018-06-18,2,0.0%,2,0%,295,0.0%,5.1%,129000,-509000 ( -79.8% ),15,-64 ( -81.0% ),899566500,108471,61
2018-06-19,2,0.0%,2,0%,132,0.0%,16.7%,168000,39000 ( 30.2% ),22,7 ( 46.7% ),899734500,108493,65
2018-06-20,2,0.0%,2,0%,246,0.0%,7.7%,161000,-7000 ( -4.2% ),19,-3 ( -13.6% ),899895500,108512,62
2018-06-21,1,0.0%,1,0%,98,0.0%,8.2%,61000,-100000 ( -62.1% ),8,-11 ( -57.9% ),899956500,108520,75
2018-06-22,4,0.1%,4,0%,237,0.0%,11.4%,245000,184000 ( 301.6% ),27,19 ( 237.5% ),900201500,108547,59
2018-06-23,3,0.0%,3,0%,197,0.0%,31.0%,593000,348000 ( 142.0% ),61,34 ( 125.9% ),900794500,108608,51
2018-06-24,4,0.1%,5,0%,296,0.0%,25.0%,696000,103000 ( 17.4% ),74,13 ( 21.3% ),901490500,108682,40
2018-06-25,1,0.0%,1,0%,98,0.0%,7.1%,50000,-646000 ( -92.8% ),7,-67 ( -90.5% ),901540500,108689,76
2018-06-26,1,0.0%,1,0%,98,0.0%,9.2%,55000,5000 ( 10.0% ),9,2 ( 28.6% ),901595500,108698,74
2018-06-27,1,0.0%,1,0%,98,0.0%,11.2%,98000,43000 ( 78.2% ),11,2 ( 22.2% ),901693500,108709,77
2018-06-28,4,0.1%,5,0%,467,0.0%,41.3%,1041000,943000 ( 962.2% ),193,182 ( 1654.5% ),902734500,108902,32
2018-06-29,2,0.0%,2,0%,132,0.0%,7.6%,96000,-945000 ( -90.8% ),10,-183 ( -94.8% ),902830500,108912,93
2018-06-30,4,0.1%,4,0%,231,0.0%,20.3%,427000,331000 ( 344.8% ),47,37 ( 370.0% ),903257500,108959,70
2018-07-03,1,0.0%,1,0%,90,0.0%,63.3%,399000,399000 ( 100.0% ),57,57 ( 100.0% ),903656500,109016,60
2018-07-04,1,0.0%,1,0%,59,0.0%,50.8%,300000,-99000 ( -24.8% ),30,-27 ( -47.4% ),903956500,109046,60
2018-07-10,2,0.0%,4,0%,198,0.0%,100.0%,1104000,1104000 ( 100.0% ),198,198 ( 100.0% ),905060500,109244,31
2018-07-23,1,0.0%,1,0%,110,0.0%,100.0%,660000,660000 ( 100.0% ),110,110 ( 100.0% ),905720500,109354,39
2018-08-11,1,0.0%,1,0%,87,0.0%,100.0%,696000,696000 ( 100.0% ),87,87 ( 100.0% ),906416500,109441,32
2018-12-19,1,0.0%,1,0%,77,0.0%,3.9%,27000,27000 ( 100.0% ),3,3 ( 100.0% ),906443500,109444,105
2018-12-21,1,0.0%,1,0%,77,0.0%,10.4%,72000,72000 ( 100.0% ),8,8 ( 100.0% ),906515500,109452,91
2018-12-27,5,0.1%,5,0%,684,0.0%,0.7%,30000,30000 ( 100.0% ),5,5 ( 100.0% ),906545500,109457,82
2018-12-28,2,0.0%,2,0%,272,0.0%,0.7%,13000,-17000 ( -56.7% ),2,-3 ( -60.0% ),906558500,109459,96
2018-12-29,2,0.0%,2,0%,272,0.0%,0.7%,13000,0 ( 0.0% ),2,0 ( 0.0% ),906571500,109461,90
2018-12-30,2,0.0%,2,0%,272,0.0%,0.7%,13000,0 ( 0.0% ),2,0 ( 0.0% ),906584500,109463,86
2018-12-31,2,0.0%,2,0%,272,0.0%,0.7%,13000,0 ( 0.0% ),2,0 ( 0.0% ),906597500,109465,86
2019-01-01,2,0.0%,2,0%,272,0.0%,0.7%,13000,0 ( 0.0% ),2,0 ( 0.0% ),906610500,109467,75
2019-01-02,2,0.0%,2,0%,272,0.0%,0.7%,13000,0 ( 0.0% ),2,0 ( 0.0% ),906623500,109469,79
2019-01-03,2,0.0%,2,0%,312,0.0%,0.6%,13000,0 ( 0.0% ),2,0 ( 0.0% ),906636500,109471,85
2019-01-04,2,0.0%,2,0%,312,0.0%,0.6%,13000,0 ( 0.0% ),2,0 ( 0.0% ),906649500,109473,79
2019-01-05,2,0.0%,2,0%,312,0.0%,0.6%,13000,0 ( 0.0% ),2,0 ( 0.0% ),906662500,109475,79
2019-01-06,2,0.0%,2,0%,312,0.0%,0.6%,13000,0 ( 0.0% ),2,0 ( 0.0% ),906675500,109477,72
2019-01-07,2,0.0%,2,0%,312,0.0%,0.6%,13000,0 ( 0.0% ),2,0 ( 0.0% ),906688500,109479,75
2019-01-08,2,0.0%,2,0%,312,0.0%,0.6%,13000,0 ( 0.0% ),2,0 ( 0.0% ),906701500,109481,84
2019-01-09,2,0.0%,2,0%,309,0.0%,0.6%,13000,0 ( 0.0% ),2,0 ( 0.0% ),906714500,109483,79
2019-01-10,2,0.0%,2,0%,309,0.0%,0.6%,13000,0 ( 0.0% ),2,0 ( 0.0% ),906727500,109485,84
2019-01-11,2,0.0%,2,0%,309,0.0%,0.6%,13000,0 ( 0.0% ),2,0 ( 0.0% ),906740500,109487,82
2019-01-12,2,0.0%,2,0%,309,0.0%,0.6%,13000,0 ( 0.0% ),2,0 ( 0.0% ),906753500,109489,87
2019-01-13,2,0.0%,2,0%,309,0.0%,0.6%,13000,0 ( 0.0% ),2,0 ( 0.0% ),906766500,109491,78
2019-01-14,2,0.0%,2,0%,312,0.0%,0.6%,13000,0 ( 0.0% ),2,0 ( 0.0% ),906779500,109493,81
2019-01-15,2,0.0%,2,0%,312,0.0%,0.6%,13000,0 ( 0.0% ),2,0 ( 0.0% ),906792500,109495,93
2019-01-16,2,0.0%,2,0%,309,0.0%,0.6%,13000,0 ( 0.0% ),2,0 ( 0.0% ),906805500,109497,93
2019-01-17,3,0.0%,3,0%,386,0.0%,0.8%,18000,5000 ( 38.5% ),3,1 ( 50.0% ),906823500,109500,84
2019-05-21,1,0.0%,1,0%,99,0.0%,84.8%,500000,500000 ( 100.0% ),84,84 ( 100.0% ),907323500,109584,43
2019-05-22,2,0.0%,2,0%,386,0.0%,47.2%,1092000,592000 ( 118.4% ),182,98 ( 116.7% ),908415500,109766,28
2019-08-10,1,0.0%,3,0%,510,0.0%,8.2%,89000,89000 ( 100.0% ),42,42 ( 100.0% ),908504500,109808,57
2019-08-11,1,0.0%,3,0%,510,0.0%,4.9%,55000,-34000 ( -38.2% ),25,-17 ( -40.5% ),908559500,109833,63
2019-08-12,1,0.0%,3,0%,510,0.0%,3.3%,34000,-21000 ( -38.2% ),17,-8 ( -32.0% ),908593500,109850,61
2019-10-05,1,0.0%,1,0%,144,0.0%,90.3%,1040000,1040000 ( 100.0% ),130,130 ( 100.0% ),909633500,109980,43
