날짜,스크린수,스크린점유율,상영횟수,상영점유율,좌석수,좌석점유율,좌석판매율,매출액,매출액증감(전일대비),관객수,관객수증감(전일대비),누적매출액,누적관객수,순위
2016-12-01,1,0.0%,1,0%,274,0.0%,100.0%,2192000,2192000 ( 100.0% ),274,274 ( 100.0% ),2192000,274,31
2016-12-05,43,0.9%,48,0.3%,7711,0.3%,62.6%,38600000,38600000 ( 100.0% ),4829,4829 ( 100.0% ),40792000,5103,6
2016-12-06,19,0.4%,19,0.1%,4369,0.2%,82.2%,28720000,-9880000 ( -25.6% ),3590,-1239 ( -25.7% ),69512000,8693,7
2016-12-07,4,0.1%,4,0%,1054,0.0%,100.0%,8432000,-20288000 ( -70.6% ),1054,-2536 ( -70.6% ),77944000,9747,9
2016-12-08,3,0.1%,3,0%,924,0.0%,100.0%,7392000,-1040000 ( -12.3% ),924,-130 ( -12.3% ),85336000,10671,13
2016-12-10,3,0.1%,3,0%,795,0.0%,100.0%,7950000,7950000 ( 100.0% ),795,795 ( 100.0% ),93286000,11466,13
2016-12-11,1,0.0%,1,0%,160,0.0%,100.0%,1280000,-6670000 ( -83.9% ),160,-635 ( -79.9% ),94566000,11626,36
2016-12-12,14,0.3%,14,0.1%,4510,0.2%,99.5%,35735000,34455000 ( 2691.8% ),4486,4326 ( 2703.8% ),130301000,16112,9
2016-12-13,7,0.1%,7,0%,1933,0.1%,100.0%,15464000,-20271000 ( -56.7% ),1933,-2553 ( -56.9% ),145765000,18045,11
2016-12-14,756,15.0%,3559,22.4%,609944,23.4%,15.1%,677051000,661587000 ( 4278.2% ),92278,90345 ( 4673.8% ),822816000,110323,2
2016-12-15,764,14.4%,3613,22.8%,613860,23.6%,15.2%,681016300,3965300 ( 0.6% ),93085,807 ( 0.9% ),1503832300,203408,2
2016-12-16,767,14.2%,3707,22.7%,627799,23.4%,16.6%,853190115,172173815 ( 25.3% ),104379,11294 ( 12.1% ),2357022415,307787,2
2016-12-17,729,12.4%,3466,20.1%,579433,20.6%,26.8%,1315627233,462437118 ( 54.2% ),155475,51096 ( 49.0% ),3672649648,463262,3
2016-12-18,725,12.4%,3356,19.9%,559706,20.3%,26.5%,1265304300,-50322933 ( -3.8% ),148496,-6979 ( -4.5% ),4937953948,611758,3
2016-12-19,710,14.0%,3361,21.5%,556128,21.6%,12.2%,512199500,-753104800 ( -59.5% ),67914,-80582 ( -54.3% ),5450153448,679672,3
2016-12-20,750,14.1%,3346,21.3%,553113,21.5%,13.0%,528342200,16142700 ( 3.2% ),71928,4014 ( 5.9% ),5978495648,751600,3
2016-12-21,640,12.9%,1787,11.6%,243754,9.7%,13.7%,242740000,-285602200 ( -54.1% ),33333,-38595 ( -53.7% ),6221235648,784933,4
2016-12-22,614,11.9%,1757,11.3%,239109,9.4%,12.1%,217245200,-25494800 ( -10.5% ),29017,-4316 ( -12.9% ),6438480848,813950,5
2016-12-23,647,12.4%,1923,11.8%,255965,9.6%,13.1%,278263100,61017900 ( 28.1% ),33454,4437 ( 15.3% ),6716743948,847404,5
2016-12-24,588,10.1%,1811,10.1%,237868,8.2%,30.3%,636678200,358415100 ( 128.8% ),72152,38698 ( 115.7% ),7353422148,919556,5
2016-12-25,574,9.8%,1687,9.7%,221851,7.8%,34.1%,665678900,29000700 ( 4.6% ),75596,3444 ( 4.8% ),8019101048,995152,5
2016-12-26,550,10.7%,1597,10.1%,210855,8.2%,11.5%,182997400,-482681500 ( -72.5% ),24341,-51255 ( -67.8% ),8202098448,1019493,5
2016-12-27,560,10.5%,1557,9.8%,205457,7.9%,13.1%,197659400,14662000 ( 8.0% ),26997,2656 ( 10.9% ),8399757848,1046490,5
2016-12-28,335,6.2%,670,4.2%,82994,3.2%,25.2%,124829600,-72829800 ( -36.8% ),20951,-6046 ( -22.4% ),8524587448,1067441,6
2016-12-29,298,5.6%,638,4%,78468,3.0%,19.0%,111874500,-12955100 ( -10.4% ),14900,-6051 ( -28.9% ),8636461948,1082341,7
2016-12-30,314,5.8%,640,3.9%,79121,2.9%,24.9%,166017600,54143100 ( 48.4% ),19718,4818 ( 32.3% ),8802479548,1102059,7
2016-12-31,272,4.6%,606,3.5%,73078,2.6%,31.1%,196605700,30588100 ( 18.4% ),22756,3038 ( 15.4% ),8999085248,1124815,9
2017-01-01,261,4.5%,572,3.4%,69437,2.6%,26.8%,166222000,-30383700 ( -15.5% ),18630,-4126 ( -18.1% ),9165307248,1143445,9
2017-01-02,305,5.8%,616,3.9%,76492,2.9%,13.2%,77880200,-88341800 ( -53.1% ),10133,-8497 ( -45.6% ),9243187448,1153578,7
2017-01-03,306,5.6%,614,3.9%,77387,3.0%,11.6%,67144600,-10735600 ( -13.8% ),8951,-1182 ( -11.7% ),9310332048,1162529,8
2017-01-04,43,0.7%,73,0.4%,9413,0.3%,10.6%,7859500,-59285100 ( -88.3% ),1002,-7949 ( -88.8% ),9318191548,1163531,17
2017-01-05,39,0.6%,60,0.3%,7636,0.3%,11.4%,6969600,-889900 ( -11.3% ),874,-128 ( -12.8% ),9325161148,1164405,19
2017-01-06,36,0.6%,56,0.3%,6905,0.2%,12.5%,7697500,727900 ( 10.4% ),863,-11 ( -1.3% ),9332858648,1165268,18
2017-01-07,32,0.5%,46,0.3%,4924,0.2%,20.2%,8862500,1165000 ( 15.1% ),996,133 ( 15.4% ),9341721148,1166264,18
2017-01-08,35,0.5%,47,0.3%,5439,0.2%,18.3%,8786000,-76500 ( -0.9% ),995,-1 ( -0.1% ),9350507148,1167259,17
2017-01-09,35,0.6%,53,0.3%,6173,0.2%,9.4%,4462000,-4324000 ( -49.2% ),578,-417 ( -41.9% ),9354969148,1167837,17
2017-01-10,34,0.6%,51,0.3%,6320,0.2%,9.8%,4816000,354000 ( 7.9% ),619,41 ( 7.1% ),9359785148,1168456,21
2017-01-11,3,0.1%,6,0%,690,0.0%,14.2%,785500,-4030500 ( -83.7% ),98,-521 ( -84.2% ),9360570648,1168554,45
2017-01-12,2,0.0%,2,0%,179,0.0%,3.4%,46000,-739500 ( -94.1% ),6,-92 ( -93.9% ),9360616648,1168560,67
2017-01-13,4,0.1%,4,0%,553,0.0%,3.1%,149000,103000 ( 223.9% ),17,11 ( 183.3% ),9360765648,1168577,53
2017-01-14,5,0.1%,5,0%,963,0.0%,1.2%,98000,-51000 ( -34.2% ),12,-5 ( -29.4% ),9360863648,1168589,62
2017-01-15,5,0.1%,5,0%,827,0.0%,1.0%,63000,-35000 ( -35.7% ),8,-4 ( -33.3% ),9360926648,1168597,61
2017-01-16,4,0.1%,5,0%,521,0.0%,3.6%,140000,77000 ( 122.2% ),19,11 ( 137.5% ),9361066648,1168616,49
2017-01-17,3,0.1%,3,0%,798,0.0%,1.0%,60000,-80000 ( -57.1% ),8,-11 ( -57.9% ),9361126648,1168624,81
2017-01-18,1,0.0%,1,0%,170,0.0%,0.6%,7000,-53000 ( -88.3% ),1,-7 ( -87.5% ),9361133648,1168625,81
2017-02-22,1,0.0%,1,0%,525,0.0%,21.9%,575000,575000 ( 100.0% ),115,115 ( 100.0% ),9361708648,1168740,51
2017-03-16,1,0.0%,1,0%,109,0.0%,0.0%,0,0 ( 0.0% ),0,0 ( 0.0% ),9361708648,1168740,113
2017-06-29,1,0.0%,1,0%,119,0.0%,0.0%,0,0 ( 0.0% ),0,0 ( 0.0% ),9361708648,1168740,97
2017-09-01,1,0.0%,1,0%,87,0.0%,0.0%,0,0 ( 0.0% ),0,0 ( 0.0% ),9361708648,1168740,103
2018-03-03,1,0.0%,1,0%,42,0.0%,100.0%,378000,378000 ( 100.0% ),42,42 ( 100.0% ),9362086648,1168782,65
