날짜,스크린수,스크린점유율,상영횟수,상영점유율,좌석수,좌석점유율,좌석판매율,매출액,매출액증감(전일대비),관객수,관객수증감(전일대비),누적매출액,누적관객수,순위
2018-02-07,2,0.0%,2,0%,260,0.0%,100.0%,2340000,2340000 ( 100.0% ),260,260 ( 100.0% ),2340000,260,27
2018-02-08,2,0.0%,2,0%,220,0.0%,100.0%,1999000,-341000 ( -14.6% ),220,-40 ( -15.4% ),4339000,480,35
2018-02-13,1,0.0%,1,0%,192,0.0%,100.0%,1728000,1728000 ( 100.0% ),192,192 ( 100.0% ),6067000,672,37
2018-02-17,18,0.3%,18,0.1%,2055,0.1%,70.8%,12868900,12868900 ( 100.0% ),1455,1455 ( 100.0% ),18935900,2127,12
2018-02-18,2,0.0%,2,0%,401,0.0%,83.3%,3131100,-9737800 ( -75.7% ),334,-1121 ( -77.0% ),22067000,2461,28
2018-02-19,5,0.1%,5,0%,707,0.0%,35.2%,1990000,-1141100 ( -36.4% ),249,-85 ( -25.4% ),24057000,2710,31
2018-02-20,5,0.1%,5,0%,670,0.0%,62.8%,3699500,1709500 ( 85.9% ),421,172 ( 69.1% ),27756500,3131,26
2018-02-21,4,0.1%,4,0%,694,0.0%,52.3%,3283500,-416000 ( -11.2% ),363,-58 ( -13.8% ),31040000,3494,27
2018-02-22,4,0.1%,4,0%,674,0.0%,78.8%,4617500,1334000 ( 40.6% ),531,168 ( 46.3% ),35657500,4025,23
2018-02-24,6,0.1%,6,0%,847,0.0%,74.0%,5046200,5046200 ( 100.0% ),627,627 ( 100.0% ),40703700,4652,22
2018-02-25,1,0.0%,1,0%,98,0.0%,92.9%,406000,-4640200 ( -92.0% ),91,-536 ( -85.5% ),41109700,4743,43
2018-02-27,9,0.2%,9,0.1%,1367,0.1%,79.0%,7848000,7848000 ( 100.0% ),1080,1080 ( 100.0% ),48957700,5823,19
2018-02-28,281,4.6%,614,3.3%,79382,2.6%,18.6%,93416100,85568100 ( 1090.3% ),14731,13651 ( 1264.0% ),142373800,20554,8
2018-03-01,263,4.2%,572,3%,72200,2.4%,24.7%,146777400,53361300 ( 57.1% ),17818,3087 ( 21.0% ),289151200,38372,9
2018-03-02,267,4.5%,573,3.1%,72713,2.4%,12.6%,75638200,-71139200 ( -48.5% ),9159,-8659 ( -48.6% ),364789400,47531,8
2018-03-03,262,4.2%,543,2.8%,68858,2.2%,22.8%,132455800,56817600 ( 75.1% ),15703,6544 ( 71.4% ),497245200,63234,9
2018-03-04,254,4.1%,539,2.9%,68304,2.3%,20.7%,118610500,-13845300 ( -10.5% ),14167,-1536 ( -9.8% ),615855700,77401,8
2018-03-05,273,5.3%,573,3.4%,74857,2.7%,8.5%,47622500,-70988000 ( -59.8% ),6399,-7768 ( -54.8% ),663478200,83800,8
2018-03-06,269,5.1%,562,3.4%,73996,2.7%,8.2%,44284100,-3338400 ( -7.0% ),6086,-313 ( -4.9% ),707762300,89886,8
2018-03-07,186,3.7%,425,2.5%,55570,2.0%,8.1%,33318300,-10965800 ( -24.8% ),4485,-1601 ( -26.3% ),741080600,94371,9
2018-03-08,122,2.3%,198,1.1%,25412,0.9%,10.0%,18752000,-14566300 ( -43.7% ),2541,-1944 ( -43.3% ),759832600,96912,12
2018-03-09,125,2.3%,200,1.1%,25382,0.9%,11.7%,25094400,6342400 ( 33.8% ),2965,424 ( 16.7% ),784927000,99877,10
2018-03-10,128,2.1%,200,1%,25493,0.8%,23.7%,51645700,26551300 ( 105.8% ),6048,3083 ( 104.0% ),836572700,105925,10
2018-03-11,123,2.1%,200,1.1%,25380,0.8%,23.0%,49190300,-2455400 ( -4.8% ),5835,-213 ( -3.5% ),885763000,111760,10
2018-03-12,125,2.4%,195,1.2%,26236,1.0%,7.5%,14710100,-34480200 ( -70.1% ),1964,-3871 ( -66.3% ),900473100,113724,11
2018-03-13,128,2.4%,191,1.2%,26234,1.0%,8.4%,15612600,902500 ( 6.1% ),2207,243 ( 12.4% ),916085700,115931,12
2018-03-14,60,1.2%,103,0.6%,12822,0.5%,11.6%,11131200,-4481400 ( -28.7% ),1491,-716 ( -32.4% ),927216900,117422,14
2018-03-15,68,1.2%,90,0.5%,11166,0.4%,12.5%,10442100,-689100 ( -6.2% ),1392,-99 ( -6.6% ),937659000,118814,14
2018-03-16,63,1.1%,85,0.5%,10622,0.4%,13.0%,11505100,1063000 ( 10.2% ),1376,-16 ( -1.1% ),949164100,120190,15
2018-03-17,61,1.0%,83,0.4%,9734,0.3%,28.0%,23326500,11821400 ( 102.7% ),2730,1354 ( 98.4% ),972490600,122920,16
2018-03-18,61,1.0%,81,0.4%,9327,0.3%,26.3%,20586100,-2740400 ( -11.7% ),2451,-279 ( -10.2% ),993076700,125371,16
2018-03-19,58,1.1%,76,0.5%,8987,0.3%,10.3%,6781400,-13804700 ( -67.1% ),924,-1527 ( -62.3% ),999858100,126295,15
2018-03-20,63,1.2%,77,0.5%,8988,0.3%,11.5%,7601600,820200 ( 12.1% ),1032,108 ( 11.7% ),1007459700,127327,17
2018-03-21,41,0.8%,51,0.3%,5955,0.2%,11.9%,5191600,-2410000 ( -31.7% ),707,-325 ( -31.5% ),1012651300,128034,19
2018-03-22,28,0.5%,35,0.2%,4564,0.2%,11.3%,3694300,-1497300 ( -28.8% ),515,-192 ( -27.2% ),1016345600,128549,22
2018-03-23,30,0.5%,38,0.2%,4443,0.2%,16.0%,5819300,2125000 ( 57.5% ),710,195 ( 37.9% ),1022164900,129259,19
2018-03-24,30,0.5%,38,0.2%,4581,0.2%,37.2%,14442200,8622900 ( 148.2% ),1702,992 ( 139.7% ),1036607100,130961,16
2018-03-25,27,0.4%,33,0.2%,4158,0.1%,30.7%,10768000,-3674200 ( -25.4% ),1278,-424 ( -24.9% ),1047375100,132239,18
2018-03-26,29,0.6%,37,0.2%,4790,0.2%,11.1%,4083800,-6684200 ( -62.1% ),533,-745 ( -58.3% ),1051458900,132772,19
2018-03-27,28,0.5%,34,0.2%,4549,0.2%,11.8%,3917300,-166500 ( -4.1% ),539,6 ( 1.1% ),1055376200,133311,21
2018-03-28,16,0.3%,19,0.1%,2305,0.1%,11.8%,1647000,-2270300 ( -58.0% ),273,-266 ( -49.4% ),1057023200,133584,24
2018-03-29,11,0.2%,15,0.1%,1775,0.1%,12.4%,1569400,-77600 ( -4.7% ),220,-53 ( -19.4% ),1058592600,133804,28
2018-03-30,14,0.3%,17,0.1%,2233,0.1%,16.1%,2883448,1314048 ( 83.7% ),359,139 ( 63.2% ),1061476048,134163,22
2018-03-31,13,0.2%,14,0.1%,1693,0.1%,25.0%,3600900,717452 ( 24.9% ),423,64 ( 17.8% ),1065076948,134586,22
2018-04-01,15,0.3%,17,0.1%,2003,0.1%,26.6%,4577900,977000 ( 27.1% ),532,109 ( 25.8% ),1069654848,135118,19
2018-04-02,11,0.2%,15,0.1%,1925,0.1%,8.6%,1136400,-3441500 ( -75.2% ),166,-366 ( -68.8% ),1070791248,135284,26
2018-04-03,13,0.3%,14,0.1%,1761,0.1%,10.0%,1194800,58400 ( 5.1% ),176,10 ( 6.0% ),1071986048,135460,30
2018-04-04,12,0.2%,17,0.1%,1807,0.1%,10.8%,1426600,231800 ( 19.4% ),196,20 ( 11.4% ),1073412648,135656,23
2018-04-05,7,0.1%,10,0.1%,1219,0.0%,7.6%,640600,-786000 ( -55.1% ),93,-103 ( -52.6% ),1074053248,135749,45
2018-04-06,6,0.1%,9,0%,1146,0.0%,9.3%,885200,244600 ( 38.2% ),107,14 ( 15.1% ),1074938448,135856,35
2018-04-07,7,0.1%,9,0%,1282,0.0%,16.8%,1726900,841700 ( 95.1% ),215,108 ( 100.9% ),1076665348,136071,32
2018-04-08,8,0.1%,9,0%,914,0.0%,26.1%,2022300,295400 ( 17.1% ),239,24 ( 11.2% ),1078687648,136310,25
2018-04-09,9,0.2%,10,0.1%,1023,0.0%,8.0%,620600,-1401700 ( -69.3% ),82,-157 ( -65.7% ),1079308248,136392,39
2018-04-10,6,0.1%,8,0%,925,0.0%,9.6%,585100,-35500 ( -5.7% ),89,7 ( 8.5% ),1079893348,136481,41
2018-04-11,10,0.2%,11,0.1%,1436,0.1%,8.8%,909300,324200 ( 55.4% ),126,37 ( 41.6% ),1080802648,136607,39
2018-04-12,2,0.0%,3,0%,272,0.0%,14.7%,315000,-594300 ( -65.4% ),40,-86 ( -68.3% ),1081117648,136647,55
2018-04-13,2,0.0%,4,0%,418,0.0%,55.5%,1689000,1374000 ( 436.2% ),232,192 ( 480.0% ),1082806648,136879,27
2018-04-14,2,0.0%,2,0%,495,0.0%,16.8%,489000,-1200000 ( -71.0% ),83,-149 ( -64.2% ),1083295648,136962,47
2018-04-15,2,0.0%,3,0%,204,0.0%,35.8%,576000,87000 ( 17.8% ),73,-10 ( -12.0% ),1083871648,137035,50
2018-04-16,4,0.1%,5,0%,768,0.0%,11.8%,730000,154000 ( 26.7% ),91,18 ( 24.7% ),1084601648,137126,37
2018-04-17,2,0.0%,3,0%,324,0.0%,13.0%,325000,-405000 ( -55.5% ),42,-49 ( -53.8% ),1084926648,137168,59
2018-04-18,2,0.0%,3,0%,324,0.0%,11.4%,270500,-54500 ( -16.8% ),37,-5 ( -11.9% ),1085197148,137205,58
2018-04-19,1,0.0%,1,0%,413,0.0%,5.6%,153000,-117500 ( -43.4% ),23,-14 ( -37.8% ),1085350148,137228,82
2018-04-20,1,0.0%,1,0%,138,0.0%,29.7%,358000,205000 ( 134.0% ),41,18 ( 78.3% ),1085708148,137269,74
2018-04-27,1,0.0%,1,0%,841,0.0%,2.1%,112000,112000 ( 100.0% ),18,18 ( 100.0% ),1085820148,137287,71
2018-04-29,1,0.0%,1,0%,841,0.0%,6.1%,329000,329000 ( 100.0% ),51,51 ( 100.0% ),1086149148,137338,55
2018-05-01,1,0.0%,1,0%,40,0.0%,100.0%,400000,400000 ( 100.0% ),40,40 ( 100.0% ),1086549148,137378,66
2018-05-02,1,0.0%,1,0%,50,0.0%,56.0%,252000,-148000 ( -37.0% ),28,-12 ( -30.0% ),1086801148,137406,69
2018-05-18,1,0.0%,1,0%,118,0.0%,18.6%,198000,198000 ( 100.0% ),22,22 ( 100.0% ),1086999148,137428,65
2018-05-24,6,0.1%,6,0%,685,0.0%,13.1%,713500,713500 ( 100.0% ),90,90 ( 100.0% ),1087712648,137518,47
2018-05-28,1,0.0%,1,0%,118,0.0%,29.7%,273000,273000 ( 100.0% ),35,35 ( 100.0% ),1087985648,137553,50
2018-06-04,6,0.1%,6,0%,685,0.0%,10.7%,540500,540500 ( 100.0% ),73,73 ( 100.0% ),1088526148,137626,43
2018-06-07,1,0.0%,1,0%,200,0.0%,57.5%,920000,920000 ( 100.0% ),115,115 ( 100.0% ),1089446148,137741,39
2018-06-15,1,0.0%,1,0%,200,0.0%,50.0%,800000,800000 ( 100.0% ),100,100 ( 100.0% ),1090246148,137841,38
2018-11-30,1,0.0%,2,0%,124,0.0%,49.2%,305000,305000 ( 100.0% ),61,61 ( 100.0% ),1090551148,137902,65
2018-12-05,1,0.0%,1,0%,315,0.0%,100.0%,1575000,1575000 ( 100.0% ),315,315 ( 100.0% ),1092126148,138217,27
2018-12-20,4,0.1%,4,0%,416,0.0%,25.0%,856500,856500 ( 100.0% ),104,104 ( 100.0% ),1092982648,138321,49
2018-12-21,4,0.1%,4,0%,312,0.0%,29.2%,902000,45500 ( 5.3% ),91,-13 ( -12.5% ),1093884648,138412,44
2018-12-22,6,0.1%,6,0%,661,0.0%,14.1%,859500,-42500 ( -4.7% ),93,2 ( 2.2% ),1094744148,138505,41
2018-12-23,9,0.1%,9,0%,1042,0.0%,22.4%,2256500,1397000 ( 162.5% ),233,140 ( 150.5% ),1097000648,138738,31
2018-12-26,9,0.1%,9,0%,988,0.0%,21.2%,1499500,1499500 ( 100.0% ),209,209 ( 100.0% ),1098500148,138947,31
2018-12-27,6,0.1%,6,0%,638,0.0%,15.7%,869000,-630500 ( -42.0% ),100,-109 ( -52.2% ),1099369148,139047,49
2018-12-28,1,0.0%,1,0%,134,0.0%,28.4%,342000,-527000 ( -60.6% ),38,-62 ( -62.0% ),1099711148,139085,62
2018-12-29,1,0.0%,1,0%,73,0.0%,35.6%,241000,-101000 ( -29.5% ),26,-12 ( -31.6% ),1099952148,139111,67
2018-12-30,9,0.1%,9,0%,945,0.0%,28.0%,2394500,2153500 ( 893.6% ),265,239 ( 919.2% ),1102346648,139376,32
2018-12-31,1,0.0%,1,0%,48,0.0%,27.1%,117500,-2277000 ( -95.1% ),13,-252 ( -95.1% ),1102464148,139389,60
2019-01-01,6,0.1%,6,0%,766,0.0%,19.3%,1354500,1237000 ( 1052.8% ),148,135 ( 1038.5% ),1103818648,139537,36
2019-01-02,8,0.1%,8,0%,845,0.0%,18.7%,1356000,1500 ( 0.1% ),158,10 ( 6.8% ),1105174648,139695,34
2019-01-09,2,0.0%,2,0%,226,0.0%,4.9%,81000,81000 ( 100.0% ),11,11 ( 100.0% ),1105255648,139706,66
2019-07-15,1,0.0%,1,0%,107,0.0%,100.0%,963000,963000 ( 100.0% ),107,107 ( 100.0% ),1106218648,139813,40
2019-09-27,1,0.0%,1,0%,141,0.0%,68.1%,576000,576000 ( 100.0% ),96,96 ( 100.0% ),1106794648,139909,54
2019-10-18,1,0.0%,1,0%,159,0.0%,68.6%,654000,654000 ( 100.0% ),109,109 ( 100.0% ),1107448648,140018,51
2019-11-06,2,0.0%,2,0%,266,0.0%,100.0%,1596000,1596000 ( 100.0% ),266,266 ( 100.0% ),1109044648,140284,22
2019-12-17,2,0.0%,2,0%,268,0.0%,70.5%,1134000,1134000 ( 100.0% ),189,189 ( 100.0% ),1110178648,140473,43
