날짜,스크린수,스크린점유율,상영횟수,상영점유율,좌석수,좌석점유율,좌석판매율,매출액,매출액증감(전일대비),관객수,관객수증감(전일대비),누적매출액,누적관객수,순위
2017-07-18,19,0.4%,19,0.1%,5091,0.2%,59.7%,37269400,37269400 ( 100.0% ),3040,3040 ( 100.0% ),37269400,3040,11
2017-07-19,20,0.4%,20,0.1%,4218,0.2%,70.7%,26957800,-10311600 ( -27.7% ),2981,-59 ( -1.9% ),64227200,6021,13
2017-07-20,1252,22.2%,7554,41.1%,1464501,48.4%,15.3%,1776036300,1749078500 ( 6488.2% ),224242,221261 ( 7422.4% ),1840263500,230263,1
2017-07-21,1245,21.7%,7569,40.1%,1473859,47.6%,16.8%,2173063468,397027168 ( 22.4% ),248042,23800 ( 10.6% ),4013326968,478305,1
2017-07-22,1207,19.7%,7330,36.9%,1436406,44.3%,32.0%,4031277775,1858214307 ( 85.5% ),460182,212140 ( 85.5% ),8044604743,938487,1
2017-07-23,1181,19.3%,7026,36.3%,1382237,43.7%,29.7%,3602600500,-428677275 ( -10.6% ),411132,-49050 ( -10.7% ),11647205243,1349619,1
2017-07-24,1135,20.5%,6783,36.8%,1334284,44.2%,11.6%,1229508100,-2373092400 ( -65.9% ),154426,-256706 ( -62.4% ),12876713343,1504045,1
2017-07-25,1153,20.2%,6680,36.2%,1316122,43.6%,10.8%,1130024850,-99483250 ( -8.1% ),141556,-12870 ( -8.3% ),14006738193,1645601,1
2017-07-26,628,11.5%,2181,11.8%,335378,11.2%,28.9%,698540000,-431484850 ( -38.2% ),97068,-44488 ( -31.4% ),14705278193,1742669,3
2017-07-27,619,11.6%,2125,11.5%,321334,10.7%,22.0%,598773500,-99766500 ( -14.3% ),70612,-26456 ( -27.3% ),15304051693,1813281,3
2017-07-28,602,11.4%,2049,10.9%,308467,10.1%,28.8%,833928326,235154826 ( 39.3% ),88910,18298 ( 25.9% ),16137980019,1902191,3
2017-07-29,634,11.5%,1824,9.4%,270575,8.6%,52.5%,1322267914,488339588 ( 58.6% ),142131,53221 ( 59.9% ),17460247933,2044322,3
2017-07-30,664,12.1%,1874,9.8%,275215,8.9%,49.1%,1254698200,-67569714 ( -5.1% ),135170,-6961 ( -4.9% ),18714946133,2179492,3
2017-07-31,669,12.6%,2067,11%,307213,10.1%,31.4%,810512700,-444185500 ( -35.4% ),96408,-38762 ( -28.7% ),19525458833,2275900,3
2017-08-01,691,12.6%,2122,11.3%,318161,10.5%,28.2%,755057300,-55455400 ( -6.8% ),89585,-6823 ( -7.1% ),20280516133,2365485,3
2017-08-02,438,8.3%,951,5.2%,150826,5.1%,26.9%,371246800,-383810500 ( -50.8% ),40643,-48942 ( -54.6% ),20651762933,2406128,5
2017-08-03,432,7.8%,909,4.9%,145292,4.9%,25.6%,344822200,-26424600 ( -7.1% ),37230,-3413 ( -8.4% ),20996585133,2443358,5
2017-08-04,430,7.8%,916,4.9%,146615,4.9%,28.6%,421078720,76256520 ( 22.1% ),41859,4629 ( 12.4% ),21417663853,2485217,5
2017-08-05,416,7.4%,865,4.6%,135663,4.4%,43.1%,580765395,159686675 ( 37.9% ),58495,16636 ( 39.7% ),21998429248,2543712,5
2017-08-06,412,7.3%,834,4.5%,133021,4.4%,37.7%,502487800,-78277595 ( -13.5% ),50096,-8399 ( -14.4% ),22500917048,2593808,5
2017-08-07,413,7.9%,891,5%,140317,4.8%,19.5%,254057200,-248430600 ( -49.4% ),27298,-22798 ( -45.5% ),22754974248,2621106,4
2017-08-08,433,8.2%,934,5.2%,146399,5.1%,19.2%,260676100,6618900 ( 2.6% ),28156,858 ( 3.1% ),23015650348,2649262,4
2017-08-09,163,2.9%,305,1.6%,52370,1.7%,23.5%,123854100,-136822000 ( -52.5% ),12309,-15847 ( -56.3% ),23139504448,2661571,8
2017-08-10,112,2.0%,206,1.1%,39880,1.3%,25.4%,107952500,-15901600 ( -12.8% ),10111,-2198 ( -17.9% ),23247456948,2671682,8
2017-08-11,113,2.0%,220,1.2%,39305,1.3%,28.9%,128042200,20089700 ( 18.6% ),11369,1258 ( 12.4% ),23375499148,2683051,8
2017-08-12,117,1.9%,211,1.1%,38734,1.2%,46.6%,203458300,75416100 ( 58.9% ),18052,6683 ( 58.8% ),23578957448,2701103,8
2017-08-13,106,1.7%,194,1%,37240,1.2%,42.2%,181369100,-22089200 ( -10.9% ),15704,-2348 ( -13.0% ),23760326548,2716807,8
2017-08-14,113,2.0%,217,1.1%,40470,1.3%,39.9%,171920900,-9448200 ( -5.2% ),16150,446 ( 2.8% ),23932247448,2732957,7
2017-08-15,62,1.1%,86,0.5%,12078,0.4%,38.0%,38509400,-133411500 ( -77.6% ),4592,-11558 ( -71.6% ),23970756848,2737549,12
2017-08-16,57,1.1%,90,0.5%,12577,0.4%,21.7%,20768700,-17740700 ( -46.1% ),2734,-1858 ( -40.5% ),23991525548,2740283,12
2017-08-17,34,0.6%,52,0.3%,7727,0.3%,25.5%,15007000,-5761700 ( -27.7% ),1971,-763 ( -27.9% ),24006532548,2742254,15
2017-08-18,37,0.6%,56,0.3%,7516,0.2%,24.3%,16089600,1082600 ( 7.2% ),1825,-146 ( -7.4% ),24022622148,2744079,14
2017-08-19,48,0.8%,68,0.4%,9547,0.3%,32.1%,26102300,10012700 ( 62.2% ),3062,1237 ( 67.8% ),24048724448,2747141,15
2017-08-20,49,0.8%,68,0.4%,9643,0.3%,33.0%,27087300,985000 ( 3.8% ),3181,119 ( 3.9% ),24075811748,2750322,14
2017-08-21,46,0.9%,67,0.4%,9860,0.3%,17.5%,13375000,-13712300 ( -50.6% ),1722,-1459 ( -45.9% ),24089186748,2752044,13
2017-08-22,46,0.8%,73,0.4%,10835,0.4%,14.1%,11444200,-1930800 ( -14.4% ),1533,-189 ( -11.0% ),24100630948,2753577,16
2017-08-23,24,0.4%,39,0.2%,10227,0.4%,22.3%,28205100,16760900 ( 146.5% ),2285,752 ( 49.1% ),24128836048,2755862,12
2017-08-24,19,0.3%,28,0.2%,8380,0.3%,26.9%,29039200,834100 ( 3.0% ),2255,-30 ( -1.3% ),24157875248,2758117,15
2017-08-25,17,0.3%,26,0.1%,7882,0.3%,29.6%,32754500,3715300 ( 12.8% ),2331,76 ( 3.4% ),24190629748,2760448,14
2017-08-26,23,0.3%,36,0.2%,9000,0.3%,42.8%,50852600,18098100 ( 55.3% ),3848,1517 ( 65.1% ),24241482348,2764296,14
2017-08-27,21,0.3%,33,0.2%,7686,0.3%,42.1%,43486600,-7366000 ( -14.5% ),3237,-611 ( -15.9% ),24284968948,2767533,15
2017-08-28,23,0.4%,37,0.2%,9347,0.3%,23.9%,28615000,-14871600 ( -34.2% ),2234,-1003 ( -31.0% ),24313583948,2769767,11
2017-08-29,23,0.4%,36,0.2%,8729,0.3%,24.1%,26273500,-2341500 ( -8.2% ),2102,-132 ( -5.9% ),24339857448,2771869,12
2017-08-30,8,0.1%,13,0.1%,4344,0.2%,27.4%,15302000,-10971500 ( -41.8% ),1189,-913 ( -43.4% ),24355159448,2773058,17
2017-08-31,10,0.2%,15,0.1%,4146,0.1%,30.0%,17490000,2188000 ( 14.3% ),1242,53 ( 4.5% ),24372649448,2774300,16
2017-09-01,13,0.2%,19,0.1%,5022,0.2%,26.3%,19698500,2208500 ( 12.6% ),1321,79 ( 6.4% ),24392347948,2775621,15
2017-09-02,13,0.2%,19,0.1%,4788,0.2%,35.8%,24618700,4920200 ( 25.0% ),1713,392 ( 29.7% ),24416966648,2777334,19
2017-09-03,14,0.2%,19,0.1%,4906,0.2%,34.0%,23713400,-905300 ( -3.7% ),1666,-47 ( -2.7% ),24440680048,2779000,17
2017-09-04,12,0.2%,17,0.1%,4334,0.2%,20.8%,12791000,-10922400 ( -46.1% ),903,-763 ( -45.8% ),24453471048,2779903,15
2017-09-05,12,0.2%,15,0.1%,3653,0.1%,22.8%,11435700,-1355300 ( -10.6% ),833,-70 ( -7.8% ),24464906748,2780736,17
2017-09-06,5,0.1%,5,0%,817,0.0%,44.9%,2022500,-9413200 ( -82.3% ),367,-466 ( -55.9% ),24466929248,2781103,24
2017-09-07,5,0.1%,5,0%,575,0.0%,11.7%,532500,-1490000 ( -73.7% ),67,-300 ( -81.7% ),24467461748,2781170,53
2017-09-08,5,0.1%,6,0%,729,0.0%,16.7%,1129300,596800 ( 112.1% ),122,55 ( 82.1% ),24468591048,2781292,43
2017-09-09,5,0.1%,8,0%,895,0.0%,33.2%,2217000,1087700 ( 96.3% ),297,175 ( 143.4% ),24470808048,2781589,33
2017-09-10,6,0.1%,9,0%,1052,0.0%,20.1%,1964500,-252500 ( -11.4% ),211,-86 ( -29.0% ),24472772548,2781800,35
2017-09-11,6,0.1%,7,0%,1417,0.1%,25.1%,4977000,3012500 ( 153.3% ),356,145 ( 68.7% ),24477749548,2782156,21
2017-09-12,6,0.1%,7,0%,910,0.0%,9.6%,696500,-4280500 ( -86.0% ),87,-269 ( -75.6% ),24478446048,2782243,50
2017-09-13,5,0.1%,6,0%,757,0.0%,8.5%,495500,-201000 ( -28.9% ),64,-23 ( -26.4% ),24478941548,2782307,70
2017-09-14,4,0.1%,4,0%,512,0.0%,9.6%,403000,-92500 ( -18.7% ),49,-15 ( -23.4% ),24479344548,2782356,68
2017-09-15,4,0.1%,5,0%,619,0.0%,9.7%,551900,148900 ( 36.9% ),60,11 ( 22.4% ),24479896448,2782416,66
2017-09-16,3,0.0%,4,0%,466,0.0%,18.9%,792900,241000 ( 43.7% ),88,28 ( 46.7% ),24480689348,2782504,66
2017-09-17,3,0.0%,4,0%,466,0.0%,18.7%,815500,22600 ( 2.9% ),87,-1 ( -1.1% ),24481504848,2782591,56
2017-09-18,3,0.1%,3,0%,792,0.0%,39.6%,4205000,3389500 ( 415.6% ),314,227 ( 260.9% ),24485709848,2782905,31
2017-09-19,3,0.1%,4,0%,1416,0.1%,31.4%,5449500,1244500 ( 29.6% ),444,130 ( 41.4% ),24491159348,2783349,25
2017-09-20,3,0.1%,4,0%,1416,0.1%,29.7%,5429000,-20500 ( -0.4% ),420,-24 ( -5.4% ),24496588348,2783769,31
2017-09-21,2,0.0%,4,0%,1948,0.1%,29.1%,6954500,1525500 ( 28.1% ),566,146 ( 34.8% ),24503542848,2784335,22
2017-09-22,2,0.0%,3,0%,1324,0.0%,41.5%,7177500,223000 ( 3.2% ),549,-17 ( -3.0% ),24510720348,2784884,22
2017-09-23,1,0.0%,2,0%,1248,0.0%,62.2%,10829000,3651500 ( 50.9% ),776,227 ( 41.3% ),24521549348,2785660,31
2017-09-24,2,0.0%,3,0%,1324,0.0%,49.2%,8797000,-2032000 ( -18.8% ),651,-125 ( -16.1% ),24530346348,2786311,28
2017-09-25,2,0.0%,2,0%,700,0.0%,54.6%,5026000,-3771000 ( -42.9% ),382,-269 ( -41.3% ),24535372348,2786693,33
2017-09-26,2,0.0%,2,0%,700,0.0%,34.9%,3337000,-1689000 ( -33.6% ),244,-138 ( -36.1% ),24538709348,2786937,37
2017-10-23,1,0.0%,2,0%,566,0.0%,28.3%,304000,304000 ( 100.0% ),160,160 ( 100.0% ),24539013348,2787097,34
2017-10-24,1,0.0%,2,0%,566,0.0%,17.5%,188000,-116000 ( -38.2% ),99,-61 ( -38.1% ),24539201348,2787196,47
2017-10-25,1,0.0%,2,0%,566,0.0%,16.3%,178000,-10000 ( -5.3% ),92,-7 ( -7.1% ),24539379348,2787288,47
2017-11-01,1,0.0%,1,0%,450,0.0%,28.9%,1009000,1009000 ( 100.0% ),130,130 ( 100.0% ),24540388348,2787418,42
2017-11-05,1,0.0%,1,0%,450,0.0%,79.8%,2741000,2741000 ( 100.0% ),359,359 ( 100.0% ),24543129348,2787777,31
2017-11-20,1,0.0%,1,0%,224,0.0%,0.0%,0,0 ( 0.0% ),0,0 ( 0.0% ),24543129348,2787777,146
2017-12-02,1,0.0%,1,0%,152,0.0%,44.1%,536000,536000 ( 100.0% ),67,67 ( 100.0% ),24543665348,2787844,74
2017-12-10,8,0.1%,8,0%,1430,0.0%,52.7%,5662000,5662000 ( 100.0% ),753,753 ( 100.0% ),24549327348,2788597,20
2017-12-15,1,0.0%,1,0%,77,0.0%,37.7%,261000,261000 ( 100.0% ),29,29 ( 100.0% ),24549588348,2788626,84
2017-12-17,1,0.0%,1,0%,77,0.0%,72.7%,503000,503000 ( 100.0% ),56,56 ( 100.0% ),24550091348,2788682,53
2017-12-20,1,0.0%,1,0%,77,0.0%,64.9%,450000,450000 ( 100.0% ),50,50 ( 100.0% ),24550541348,2788732,55
2018-01-19,7,0.1%,7,0%,1204,0.0%,37.0%,2667500,2667500 ( 100.0% ),446,446 ( 100.0% ),24553208848,2789178,23
2018-01-20,10,0.2%,11,0.1%,1771,0.1%,41.7%,4408100,1740600 ( 65.3% ),739,293 ( 65.7% ),24557616948,2789917,19
2018-01-21,7,0.1%,7,0%,965,0.0%,52.3%,2999200,-1408900 ( -32.0% ),505,-234 ( -31.7% ),24560616148,2790422,21
2018-01-26,8,0.1%,8,0%,1160,0.0%,22.3%,1543700,1543700 ( 100.0% ),259,259 ( 100.0% ),24562159848,2790681,35
2018-01-27,8,0.1%,8,0%,1297,0.0%,36.0%,2761100,1217400 ( 78.9% ),467,208 ( 80.3% ),24564920948,2791148,24
2018-01-28,7,0.1%,7,0%,1005,0.0%,34.9%,2102600,-658500 ( -23.8% ),351,-116 ( -24.8% ),24567023548,2791499,32
2018-02-08,4,0.1%,4,0%,565,0.0%,20.9%,944500,944500 ( 100.0% ),118,118 ( 100.0% ),24567968048,2791617,48
2018-02-09,3,0.0%,3,0%,368,0.0%,19.8%,646000,-298500 ( -31.6% ),73,-45 ( -38.1% ),24568614048,2791690,58
2018-02-12,3,0.0%,3,0%,405,0.0%,10.4%,334000,334000 ( 100.0% ),42,42 ( 100.0% ),24568948048,2791732,56
2018-02-13,4,0.1%,4,0%,528,0.0%,17.0%,684000,350000 ( 104.8% ),90,48 ( 114.3% ),24569632048,2791822,51
2018-02-14,2,0.0%,3,0%,376,0.0%,12.2%,397500,-286500 ( -41.9% ),46,-44 ( -48.9% ),24570029548,2791868,55
2018-02-15,4,0.1%,4,0%,441,0.0%,19.5%,778500,381000 ( 95.8% ),86,40 ( 87.0% ),24570808048,2791954,45
2018-02-17,4,0.1%,4,0%,565,0.0%,29.6%,1548800,1548800 ( 100.0% ),167,167 ( 100.0% ),24572356848,2792121,37
2018-02-18,1,0.0%,1,0%,160,0.0%,42.5%,602500,-946300 ( -61.1% ),68,-99 ( -59.3% ),24572959348,2792189,54
2018-02-21,2,0.0%,2,0%,261,0.0%,13.0%,277000,277000 ( 100.0% ),34,34 ( 100.0% ),24573236348,2792223,70
2018-02-22,1,0.0%,1,0%,112,0.0%,11.6%,101500,-175500 ( -63.4% ),13,-21 ( -61.8% ),24573337848,2792236,86
2018-02-23,3,0.1%,3,0%,278,0.0%,13.7%,341000,239500 ( 236.0% ),38,25 ( 192.3% ),24573678848,2792274,82
2018-02-25,2,0.0%,2,0%,183,0.0%,29.0%,499000,499000 ( 100.0% ),53,53 ( 100.0% ),24574177848,2792327,67
2018-02-26,2,0.0%,2,0%,211,0.0%,17.1%,292500,-206500 ( -41.4% ),36,-17 ( -32.1% ),24574470348,2792363,60
2018-02-28,2,0.0%,2,0%,183,0.0%,18.0%,250500,250500 ( 100.0% ),33,33 ( 100.0% ),24574720848,2792396,72
2018-03-01,1,0.0%,1,0%,841,0.0%,5.2%,292000,41500 ( 16.6% ),44,11 ( 33.3% ),24575012848,2792440,61
2018-03-02,1,0.0%,1,0%,112,0.0%,27.7%,280000,-12000 ( -4.1% ),31,-13 ( -29.5% ),24575292848,2792471,64
2018-03-05,1,0.0%,1,0%,413,0.0%,9.2%,241000,241000 ( 100.0% ),38,38 ( 100.0% ),24575533848,2792509,57
2018-03-07,1,0.0%,1,0%,413,0.0%,2.4%,62000,62000 ( 100.0% ),10,10 ( 100.0% ),24575595848,2792519,86
2018-03-09,1,0.0%,1,0%,413,0.0%,7.3%,187000,187000 ( 100.0% ),30,30 ( 100.0% ),24575782848,2792549,55
2018-03-12,1,0.0%,1,0%,413,0.0%,3.4%,85000,85000 ( 100.0% ),14,14 ( 100.0% ),24575867848,2792563,67
2018-03-13,1,0.0%,1,0%,413,0.0%,6.8%,179000,94000 ( 110.6% ),28,14 ( 100.0% ),24576046848,2792591,65
2018-03-15,1,0.0%,1,0%,413,0.0%,3.1%,65000,65000 ( 100.0% ),13,13 ( 100.0% ),24576111848,2792604,72
2018-03-18,1,0.0%,1,0%,413,0.0%,5.1%,105000,105000 ( 100.0% ),21,21 ( 100.0% ),24576216848,2792625,63
2018-03-21,1,0.0%,1,0%,134,0.0%,29.1%,296000,296000 ( 100.0% ),39,39 ( 100.0% ),24576512848,2792664,54
2018-03-22,1,0.0%,1,0%,413,0.0%,3.1%,81000,-215000 ( -72.6% ),13,-26 ( -66.7% ),24576593848,2792677,77
2018-03-23,1,0.0%,1,0%,841,0.0%,1.7%,88000,7000 ( 8.6% ),14,1 ( 7.7% ),24576681848,2792691,76
2018-03-27,1,0.0%,1,0%,413,0.0%,3.4%,90000,90000 ( 100.0% ),14,14 ( 100.0% ),24576771848,2792705,73
2020-02-19,1,0.0%,3,0%,849,0.0%,21.1%,353000,353000 ( 100.0% ),179,179 ( 100.0% ),24577124848,2792884,26
2020-02-20,1,0.0%,3,0%,849,0.0%,9.8%,154000,-199000 ( -56.4% ),83,-96 ( -53.6% ),24577278848,2792967,38
2020-02-21,1,0.0%,3,0%,849,0.0%,8.8%,150000,-4000 ( -2.6% ),75,-8 ( -9.6% ),24577428848,2793042,32
