날짜,스크린수,스크린점유율,상영횟수,상영점유율,좌석수,좌석점유율,좌석판매율,매출액,매출액증감(전일대비),관객수,관객수증감(전일대비),누적매출액,누적관객수,순위
2018-05-09,1,0.0%,1,0%,247,0.0%,100.0%,2223000,2223000 ( 100.0% ),247,247 ( 100.0% ),2223000,247,17
2018-05-11,1,0.0%,2,0%,1248,0.0%,82.1%,16384000,16384000 ( 100.0% ),1024,1024 ( 100.0% ),18607000,1271,9
2018-05-15,1,0.0%,1,0%,231,0.0%,100.0%,2079000,2079000 ( 100.0% ),231,231 ( 100.0% ),20686000,1502,25
2018-05-16,1525,30.4%,7567,47.3%,1408306,54.7%,25.3%,3042723300,3040644300 ( 146255.1% ),356445,356214 ( 154205.2% ),3063409300,357947,1
2018-05-17,1404,26.9%,7408,44.3%,1393941,51.7%,18.6%,2229931900,-812791400 ( -26.7% ),259782,-96663 ( -27.1% ),5293341200,617729,1
2018-05-18,1485,27.6%,7864,45.5%,1477676,53.2%,21.9%,3057263120,827331220 ( 37.1% ),323152,63370 ( 24.4% ),8350604320,940881,1
2018-05-19,1562,26.7%,8617,46.6%,1608570,54.8%,35.5%,5373560516,2316297396 ( 75.8% ),570341,247189 ( 76.5% ),13724164836,1511222,1
2018-05-20,1576,26.9%,8459,46.7%,1583524,54.9%,29.2%,4385519550,-988040966 ( -18.4% ),462113,-108228 ( -19.0% ),18109684386,1973335,1
2018-05-21,1493,26.7%,8182,46.1%,1538902,54.3%,18.3%,2402979900,-1982539650 ( -45.2% ),281698,-180415 ( -39.0% ),20512664286,2255033,1
2018-05-22,1101,19.2%,5574,30.3%,1034936,35.4%,30.7%,3007974900,604995000 ( 25.2% ),317490,35792 ( 12.7% ),23520639186,2572523,2
2018-05-23,1027,20.5%,5139,30.5%,950139,35.0%,9.7%,792140200,-2215834700 ( -73.7% ),91779,-225711 ( -71.1% ),24312779386,2664302,2
2018-05-24,938,17.9%,4329,25.9%,776042,28.9%,9.7%,636255500,-155884700 ( -19.7% ),75447,-16332 ( -17.8% ),24949034886,2739749,2
2018-05-25,928,17.2%,4384,25.5%,771346,27.9%,12.3%,888130400,251874900 ( 39.6% ),95108,19661 ( 26.1% ),25837165286,2834857,2
2018-05-26,933,15.3%,4438,23.7%,763252,25.7%,24.4%,1747585539,859455139 ( 96.8% ),186003,90895 ( 95.6% ),27584750825,3020860,2
2018-05-27,925,15.4%,4312,23.6%,739352,25.5%,19.6%,1363628400,-383957139 ( -22.0% ),144836,-41167 ( -22.1% ),28948379225,3165696,2
2018-05-28,886,17.5%,4162,25.3%,720693,27.1%,7.3%,439364300,-924264100 ( -67.8% ),52592,-92244 ( -63.7% ),29387743525,3218288,2
2018-05-29,881,17.0%,4074,24.8%,709324,26.8%,6.2%,368524200,-70840100 ( -16.1% ),44281,-8311 ( -15.8% ),29756267725,3262569,2
2018-05-30,848,14.6%,3570,21%,593570,21.8%,13.8%,496729500,128205300 ( 34.8% ),81819,37538 ( 84.8% ),30252997225,3344388,2
2018-05-31,758,13.4%,3182,19.2%,543538,20.5%,7.7%,344713950,-152015550 ( -30.6% ),41960,-39859 ( -48.7% ),30597711175,3386348,2
2018-06-01,758,13.2%,3336,19.5%,564383,20.6%,9.1%,471046160,126332210 ( 36.6% ),51377,9417 ( 22.4% ),31068757335,3437725,2
2018-06-02,770,12.0%,3384,18.2%,563340,19.2%,18.1%,940648979,469602819 ( 99.7% ),101866,50489 ( 98.3% ),32009406314,3539591,2
2018-06-03,743,11.8%,3249,18%,540253,18.9%,14.3%,717384800,-223264179 ( -23.7% ),77415,-24451 ( -24.0% ),32726791114,3617006,2
2018-06-04,726,13.7%,3074,19.4%,528222,20.5%,5.2%,228440700,-488944100 ( -68.2% ),27515,-49900 ( -64.5% ),32955231814,3644521,2
2018-06-05,742,13.1%,3160,19%,535810,20.0%,6.6%,293064700,64624000 ( 28.3% ),35156,7641 ( 27.8% ),33248296514,3679677,2
2018-06-06,374,7.1%,854,4.7%,105605,3.7%,25.1%,242773900,-50290800 ( -17.2% ),26547,-8609 ( -24.5% ),33491070414,3706224,4
2018-06-07,362,7.5%,780,4.6%,100962,3.8%,8.4%,70630400,-172143500 ( -70.9% ),8502,-18045 ( -68.0% ),33561700814,3714726,5
2018-06-08,366,7.5%,756,4.4%,95542,3.5%,10.9%,95329559,24699159 ( 35.0% ),10419,1917 ( 22.5% ),33657030373,3725145,5
2018-06-09,291,5.4%,525,2.8%,66018,2.3%,24.0%,144902666,49573107 ( 52.0% ),15829,5410 ( 51.9% ),33801933039,3740974,6
2018-06-10,294,5.5%,523,2.9%,64868,2.3%,19.2%,114854800,-30047866 ( -20.7% ),12481,-3348 ( -21.2% ),33916787839,3753455,6
2018-06-11,345,7.4%,725,4.4%,92522,3.5%,7.1%,54119800,-60735000 ( -52.9% ),6564,-5917 ( -47.4% ),33970907639,3760019,5
2018-06-12,349,7.2%,717,4.3%,92202,3.4%,8.9%,67964800,13845000 ( 25.6% ),8218,1654 ( 25.2% ),34038872439,3768237,5
2018-06-13,53,1.0%,89,0.5%,10097,0.3%,26.1%,24437700,-43527100 ( -64.0% ),2637,-5581 ( -67.9% ),34063310139,3770874,9
2018-06-14,57,1.3%,101,0.6%,11407,0.4%,10.9%,10327400,-14110300 ( -57.7% ),1246,-1391 ( -52.7% ),34073637539,3772120,10
2018-06-15,63,1.4%,107,0.6%,12450,0.4%,13.4%,15045800,4718400 ( 45.7% ),1668,422 ( 33.9% ),34088683339,3773788,7
2018-06-16,52,1.0%,83,0.4%,9165,0.3%,23.3%,20164000,5118200 ( 34.0% ),2136,468 ( 28.1% ),34108847339,3775924,9
2018-06-17,50,1.0%,81,0.4%,9486,0.3%,18.7%,16478400,-3685600 ( -18.3% ),1772,-364 ( -17.0% ),34125325739,3777696,9
2018-06-18,52,1.2%,94,0.6%,11424,0.4%,6.7%,6198300,-10280100 ( -62.4% ),760,-1012 ( -57.1% ),34131524039,3778456,10
2018-06-19,55,1.2%,96,0.6%,11629,0.4%,8.3%,7922300,1724000 ( 27.8% ),968,208 ( 27.4% ),34139446339,3779424,13
2018-06-20,38,0.9%,67,0.4%,8524,0.3%,8.8%,6245700,-1676600 ( -21.2% ),750,-218 ( -22.5% ),34145692039,3780174,14
2018-06-21,17,0.3%,23,0.1%,3324,0.1%,11.6%,3275100,-2970600 ( -47.6% ),386,-364 ( -48.5% ),34148967139,3780560,20
2018-06-22,16,0.3%,20,0.1%,2323,0.1%,17.0%,3738500,463400 ( 14.1% ),395,9 ( 2.3% ),34152705639,3780955,20
2018-06-23,16,0.3%,21,0.1%,2577,0.1%,23.2%,5852400,2113900 ( 56.5% ),599,204 ( 51.6% ),34158558039,3781554,22
2018-06-24,17,0.3%,25,0.1%,2999,0.1%,21.9%,6380300,527900 ( 9.0% ),657,58 ( 9.7% ),34164938339,3782211,22
2018-06-25,17,0.3%,23,0.1%,3125,0.1%,12.8%,3418000,-2962300 ( -46.4% ),399,-258 ( -39.3% ),34168356339,3782610,21
2018-06-26,17,0.3%,21,0.1%,2799,0.1%,11.0%,2627500,-790500 ( -23.1% ),307,-92 ( -23.1% ),34170983839,3782917,23
2018-06-27,3,0.1%,3,0%,325,0.0%,26.2%,659000,-1968500 ( -74.9% ),85,-222 ( -72.3% ),34171642839,3783002,43
2018-06-28,4,0.1%,6,0%,640,0.0%,16.7%,883500,224500 ( 34.1% ),107,22 ( 25.9% ),34172526339,3783109,43
2018-06-29,3,0.1%,5,0%,553,0.0%,16.3%,924500,41000 ( 4.6% ),90,-17 ( -15.9% ),34173450839,3783199,54
2018-06-30,4,0.1%,6,0%,645,0.0%,22.0%,1332500,408000 ( 44.1% ),142,52 ( 57.8% ),34174783339,3783341,45
2018-07-01,5,0.1%,7,0%,732,0.0%,19.9%,1305500,-27000 ( -2.0% ),146,4 ( 2.8% ),34176088839,3783487,39
2018-07-02,3,0.1%,6,0%,732,0.0%,13.8%,880000,-425500 ( -32.6% ),101,-45 ( -30.8% ),34176968839,3783588,46
2018-07-03,4,0.1%,7,0%,989,0.0%,13.9%,1114000,234000 ( 26.6% ),137,36 ( 35.6% ),34178082839,3783725,45
2018-07-04,3,0.1%,3,0%,453,0.0%,13.7%,516000,-598000 ( -53.7% ),62,-75 ( -54.7% ),34178598839,3783787,46
2018-07-05,4,0.1%,4,0%,583,0.0%,10.3%,528000,12000 ( 2.3% ),60,-2 ( -3.2% ),34179126839,3783847,47
2018-07-06,5,0.1%,5,0%,840,0.0%,10.5%,822900,294900 ( 55.9% ),88,28 ( 46.7% ),34179949739,3783935,41
2018-07-07,5,0.1%,5,0%,1011,0.0%,6.0%,490000,-332900 ( -40.5% ),61,-27 ( -30.7% ),34180439739,3783996,51
2018-07-08,4,0.1%,4,0%,648,0.0%,10.8%,596000,106000 ( 21.6% ),70,9 ( 14.8% ),34181035739,3784066,40
2018-07-09,3,0.1%,3,0%,453,0.0%,9.3%,341000,-255000 ( -42.8% ),42,-28 ( -40.0% ),34181376739,3784108,54
2018-07-10,3,0.1%,3,0%,453,0.0%,10.2%,383000,42000 ( 12.3% ),46,4 ( 9.5% ),34181759739,3784154,59
2018-07-11,3,0.1%,3,0%,453,0.0%,14.6%,548000,165000 ( 43.1% ),66,20 ( 43.5% ),34182307739,3784220,54
2018-07-12,3,0.1%,3,0%,453,0.0%,8.2%,299000,-249000 ( -45.4% ),37,-29 ( -43.9% ),34182606739,3784257,74
2018-07-13,3,0.1%,3,0%,453,0.0%,12.4%,508000,209000 ( 69.9% ),56,19 ( 51.4% ),34183114739,3784313,60
2018-07-14,3,0.1%,3,0%,453,0.0%,21.6%,872000,364000 ( 71.7% ),98,42 ( 75.0% ),34183986739,3784411,52
2018-07-15,3,0.1%,3,0%,453,0.0%,19.9%,819900,-52100 ( -6.0% ),90,-8 ( -8.2% ),34184806639,3784501,50
2018-07-16,3,0.1%,3,0%,453,0.0%,9.9%,373000,-446900 ( -54.5% ),45,-45 ( -50.0% ),34185179639,3784546,57
2018-07-17,3,0.1%,3,0%,453,0.0%,12.4%,485000,112000 ( 30.0% ),56,11 ( 24.4% ),34185664639,3784602,59
2018-07-31,1,0.0%,1,0%,363,0.0%,0.0%,0,0 ( 0.0% ),0,0 ( 0.0% ),34185664639,3784602,109
