날짜,스크린수,스크린점유율,상영횟수,상영점유율,좌석수,좌석점유율,좌석판매율,매출액,매출액증감(전일대비),관객수,관객수증감(전일대비),누적매출액,누적관객수,순위
2016-09-19,1,0.0%,1,0%,180,0.0%,94.4%,1530000,1530000 ( 100.0% ),170,170 ( 100.0% ),1530000,170,35
2016-09-27,26,0.5%,26,0.2%,5007,0.2%,100.0%,37426000,37426000 ( 100.0% ),5007,5007 ( 100.0% ),38956000,5177,7
2016-09-30,17,0.3%,17,0.1%,4449,0.2%,99.1%,44070000,44070000 ( 100.0% ),4407,4407 ( 100.0% ),83026000,9584,8
2016-10-04,17,0.4%,17,0.1%,2581,0.1%,30.3%,5474000,5474000 ( 100.0% ),782,782 ( 100.0% ),88500000,10366,13
2016-10-05,11,0.2%,11,0.1%,1281,0.0%,2.8%,288000,-5186000 ( -94.7% ),36,-746 ( -95.4% ),88788000,10402,55
2016-10-06,22,0.4%,22,0.1%,6341,0.2%,100.0%,50712000,50424000 ( 17508.3% ),6339,6303 ( 17508.3% ),139500000,16741,9
2016-10-07,20,0.4%,20,0.1%,4054,0.2%,99.9%,40403000,-10309000 ( -20.3% ),4050,-2289 ( -36.1% ),179903000,20791,9
2016-10-08,344,5.7%,631,3.7%,115233,4.1%,47.7%,476402200,435999200 ( 1079.1% ),54933,50883 ( 1256.4% ),656305200,75724,5
2016-10-09,345,5.8%,631,3.8%,115044,4.2%,58.2%,584315200,107913000 ( 22.7% ),66962,12029 ( 21.9% ),1240620400,142686,4
2016-10-10,9,0.2%,9,0.1%,2631,0.1%,100.0%,20802000,-563513200 ( -96.4% ),2631,-64331 ( -96.1% ),1261422400,145317,9
2016-10-11,3,0.1%,3,0%,755,0.0%,95.2%,4030000,-16772000 ( -80.6% ),719,-1912 ( -72.7% ),1265452400,146036,11
2016-10-13,889,18.1%,4520,28.9%,873799,33.6%,24.5%,1595475900,1595475900 ( 100.0% ),214065,214065 ( 100.0% ),2860928300,360101,1
2016-10-14,956,18.7%,4832,29.8%,931780,34.7%,33.9%,2594401888,998925988 ( 62.6% ),315620,101555 ( 47.4% ),5455330188,675721,1
2016-10-15,1080,19.0%,5784,32.9%,1155643,39.9%,54.8%,5377730260,2783328372 ( 107.3% ),632885,317265 ( 100.5% ),10833060448,1308606,1
2016-10-16,1158,20.4%,5881,34.3%,1164182,41.2%,59.6%,5895612500,517882240 ( 9.6% ),694091,61206 ( 9.7% ),16728672948,2002697,1
2016-10-17,987,20.3%,5309,34.4%,1016891,39.3%,24.8%,1913154900,-3982457600 ( -67.5% ),252102,-441989 ( -63.7% ),18641827848,2254799,1
2016-10-18,1034,20.7%,5362,34.9%,1025483,39.9%,22.0%,1696077400,-217077500 ( -11.3% ),225831,-26271 ( -10.4% ),20337905248,2480630,1
2016-10-19,965,18.9%,4949,32.4%,899505,35.2%,22.8%,1538191800,-157885600 ( -9.3% ),204977,-20854 ( -9.2% ),21876097048,2685607,1
2016-10-20,968,19.4%,4961,31.8%,914357,35.2%,21.2%,1452485900,-85705900 ( -5.6% ),193799,-11178 ( -5.5% ),23328582948,2879406,1
2016-10-21,1077,20.7%,5503,33.8%,1026389,38.1%,29.0%,2453406666,1000920766 ( 68.9% ),297299,103500 ( 53.4% ),25781989614,3176705,1
2016-10-22,1234,21.9%,6865,39.3%,1325542,46.2%,45.4%,5109474059,2656067393 ( 108.3% ),601815,304516 ( 102.4% ),30891463673,3778520,1
2016-10-23,1231,22.1%,6705,39.7%,1293283,46.5%,43.5%,4783895600,-325578459 ( -6.4% ),562801,-39014 ( -6.5% ),35675359273,4341321,1
2016-10-24,1060,22.2%,5703,37.6%,1041424,41.1%,14.6%,1147600900,-3636294700 ( -76.0% ),152423,-410378 ( -72.9% ),36822960173,4493744,1
2016-10-25,1188,19.4%,5055,32.4%,870993,33.6%,16.6%,1072401300,-75199600 ( -6.6% ),144680,-7743 ( -5.1% ),37895361473,4638424,1
2016-10-26,799,17.7%,3570,21.8%,518380,19.1%,34.7%,1065124800,-7276500 ( -0.7% ),179922,35242 ( 24.4% ),38960486273,4818346,2
2016-10-27,775,17.2%,3560,21.8%,509668,18.9%,21.0%,797946900,-267177900 ( -25.1% ),106940,-72982 ( -40.6% ),39758433173,4925286,2
2016-10-28,796,17.5%,3791,22.4%,544091,19.5%,28.5%,1283365129,485418229 ( 60.8% ),155220,48280 ( 45.1% ),41041798302,5080506,2
2016-10-29,860,18.3%,4312,24.1%,634799,21.6%,46.6%,2489526654,1206161525 ( 94.0% ),295601,140381 ( 90.4% ),43531324956,5376107,2
2016-10-30,881,18.9%,4273,24.6%,628820,22.0%,41.8%,2207544700,-281981954 ( -11.3% ),262944,-32657 ( -11.0% ),45738869656,5639051,2
2016-10-31,805,18.9%,4056,25.1%,581498,21.7%,15.3%,664066200,-1543478500 ( -69.9% ),89153,-173791 ( -66.1% ),46402935856,5728204,2
2016-11-01,813,18.7%,3967,25%,573633,21.8%,12.9%,549176300,-114889900 ( -17.3% ),73932,-15221 ( -17.1% ),46952112156,5802136,2
2016-11-02,806,19.0%,3980,25.2%,574358,22.0%,11.6%,498770700,-50405600 ( -9.2% ),66356,-7576 ( -10.2% ),47450882856,5868492,2
2016-11-03,767,16.6%,3830,24%,570176,21.5%,11.3%,483467300,-15303400 ( -3.1% ),64587,-1769 ( -2.7% ),47934350156,5933079,2
2016-11-04,785,16.4%,3999,24.1%,600097,21.8%,14.4%,723255900,239788600 ( 49.6% ),86417,21830 ( 33.8% ),48657606056,6019496,2
2016-11-05,848,16.1%,4416,24.6%,702960,23.9%,27.5%,1652314600,929058700 ( 128.5% ),193656,107239 ( 124.1% ),50309920656,6213152,2
2016-11-06,825,15.9%,4250,24.5%,677416,23.8%,25.2%,1454356900,-197957700 ( -12.0% ),170835,-22821 ( -11.8% ),51764277556,6383987,2
2016-11-07,783,17.3%,3898,25.2%,574536,22.3%,8.5%,368301400,-1086055500 ( -74.7% ),49023,-121812 ( -71.3% ),52132578956,6433010,2
2016-11-08,808,17.2%,3855,25%,566486,22.1%,8.4%,351211100,-17090300 ( -4.6% ),47524,-1499 ( -3.1% ),52483790056,6480534,2
2016-11-09,662,14.5%,3049,19.6%,445703,17.3%,9.2%,305712700,-45498400 ( -13.0% ),41140,-6384 ( -13.4% ),52789502756,6521674,2
2016-11-10,645,13.8%,2858,18.6%,418118,16.3%,9.0%,279139900,-26572800 ( -8.7% ),37603,-3537 ( -8.6% ),53068642656,6559277,3
2016-11-11,644,13.4%,3016,18.5%,447648,16.6%,11.8%,440200900,161061000 ( 57.7% ),52752,15149 ( 40.3% ),53508843556,6612029,3
2016-11-12,669,12.6%,3093,17.6%,484384,16.7%,21.1%,870744500,430543600 ( 97.8% ),102053,49301 ( 93.5% ),54379588056,6714082,3
2016-11-13,658,12.5%,2938,17.2%,460452,16.4%,19.7%,773578200,-97166300 ( -11.2% ),90514,-11539 ( -11.3% ),55153166256,6804596,3
2016-11-14,619,13.5%,2741,18.1%,397998,15.7%,7.3%,214175300,-559402900 ( -72.3% ),29003,-61511 ( -68.0% ),55367341556,6833599,3
2016-11-15,630,12.8%,2656,17.5%,384629,15.3%,6.6%,187206800,-26968500 ( -12.6% ),25430,-3573 ( -12.3% ),55554548356,6859029,3
2016-11-16,366,7.7%,807,5.3%,98079,3.9%,11.8%,84164700,-103042100 ( -55.0% ),11586,-13844 ( -54.4% ),55638713056,6870615,7
2016-11-17,371,7.3%,725,4.7%,87221,3.4%,15.4%,92989500,8824800 ( 10.5% ),13443,1857 ( 16.0% ),55731702556,6884058,7
2016-11-18,382,7.4%,730,4.6%,88378,3.4%,12.9%,90509000,-2480500 ( -2.7% ),11364,-2079 ( -15.5% ),55822211556,6895422,5
2016-11-19,363,6.7%,637,3.8%,76301,2.8%,26.4%,168267700,77758700 ( 85.9% ),20148,8784 ( 77.3% ),55990479256,6915570,5
2016-11-20,354,6.6%,629,3.9%,75875,2.9%,23.7%,150671100,-17596600 ( -10.5% ),18019,-2129 ( -10.6% ),56141150356,6933589,5
2016-11-21,367,7.9%,718,4.9%,89301,3.7%,7.9%,50676200,-99994900 ( -66.4% ),7051,-10968 ( -60.9% ),56191826556,6940640,5
2016-11-22,369,7.8%,711,4.8%,88478,3.7%,8.7%,54551500,3875300 ( 7.6% ),7719,668 ( 9.5% ),56246378056,6948359,5
2016-11-23,345,6.5%,593,4%,75951,3.1%,9.9%,52580100,-1971400 ( -3.6% ),7507,-212 ( -2.7% ),56298958156,6955866,6
2016-11-24,155,3.0%,232,1.5%,28572,1.1%,10.5%,19972000,-32608100 ( -62.0% ),3006,-4501 ( -60.0% ),56318930156,6958872,9
2016-11-25,158,3.1%,256,1.6%,31151,1.2%,8.4%,19742000,-230000 ( -1.2% ),2631,-375 ( -12.5% ),56338672156,6961503,11
2016-11-26,144,2.7%,219,1.3%,26176,0.9%,14.9%,31816400,12074400 ( 61.2% ),3904,1273 ( 48.4% ),56370488556,6965407,10
2016-11-27,140,2.6%,213,1.3%,25498,0.9%,14.8%,31594700,-221700 ( -0.7% ),3777,-127 ( -3.3% ),56402083256,6969184,11
2016-11-28,146,3.0%,246,1.6%,29877,1.2%,6.0%,12435000,-19159700 ( -60.6% ),1786,-1991 ( -52.7% ),56414518256,6970970,9
2016-11-29,151,3.1%,247,1.6%,30738,1.2%,7.0%,14666000,2231000 ( 17.9% ),2155,369 ( 20.7% ),56429184256,6973125,10
2016-11-30,11,0.2%,14,0.1%,1494,0.1%,11.5%,1178000,-13488000 ( -92.0% ),172,-1983 ( -92.0% ),56430362256,6973297,44
2016-12-01,7,0.1%,9,0.1%,900,0.0%,16.3%,994000,-184000 ( -15.6% ),147,-25 ( -14.5% ),56431356256,6973444,49
2016-12-02,10,0.2%,15,0.1%,1640,0.1%,20.4%,2572000,1578000 ( 158.8% ),335,188 ( 127.9% ),56433928256,6973779,32
2016-12-03,7,0.1%,10,0.1%,1005,0.0%,9.3%,766000,-1806000 ( -70.2% ),93,-242 ( -72.2% ),56434694256,6973872,60
2016-12-04,10,0.2%,15,0.1%,1529,0.1%,15.9%,2064000,1298000 ( 169.5% ),243,150 ( 161.3% ),56436758256,6974115,37
2016-12-05,6,0.1%,6,0%,628,0.0%,3.8%,182000,-1882000 ( -91.2% ),24,-219 ( -90.1% ),56436940256,6974139,80
2016-12-06,7,0.1%,10,0.1%,1092,0.0%,4.2%,319000,137000 ( 75.3% ),46,22 ( 91.7% ),56437259256,6974185,72
2016-12-07,3,0.1%,5,0%,637,0.0%,32.0%,1084000,765000 ( 239.8% ),204,158 ( 343.5% ),56438343256,6974389,30
2016-12-08,1,0.0%,1,0%,198,0.0%,100.0%,1098000,14000 ( 1.3% ),198,-6 ( -2.9% ),56439441256,6974587,33
2016-12-09,1,0.0%,1,0%,188,0.0%,100.0%,1880000,782000 ( 71.2% ),188,-10 ( -5.1% ),56441321256,6974775,33
2016-12-10,1,0.0%,1,0%,216,0.0%,100.0%,1944000,64000 ( 3.4% ),216,28 ( 14.9% ),56443265256,6974991,31
2016-12-19,1,0.0%,1,0%,113,0.0%,81.4%,368000,368000 ( 100.0% ),92,92 ( 100.0% ),56443633256,6975083,41
2016-12-20,1,0.0%,1,0%,207,0.0%,100.0%,828000,460000 ( 125.0% ),207,115 ( 125.0% ),56444461256,6975290,35
2017-02-21,1,0.0%,1,0%,141,0.0%,0.0%,0,0 ( 0.0% ),0,0 ( 0.0% ),56444461256,6975290,108
2017-03-16,1,0.0%,1,0%,221,0.0%,0.0%,0,0 ( 0.0% ),0,0 ( 0.0% ),56444461256,6975290,113
2017-04-25,1,0.0%,1,0%,136,0.0%,0.0%,0,0 ( 0.0% ),0,0 ( 0.0% ),56444461256,6975290,133
2017-04-30,1,0.0%,1,0%,200,0.0%,0.0%,0,0 ( 0.0% ),0,0 ( 0.0% ),56444461256,6975290,121
2017-11-27,1,0.0%,4,0%,1040,0.0%,9.2%,192000,192000 ( 100.0% ),96,96 ( 100.0% ),56444653256,6975386,48
2017-11-28,1,0.0%,3,0%,780,0.0%,7.9%,124000,-68000 ( -35.4% ),62,-34 ( -35.4% ),56444777256,6975448,74
2017-11-29,1,0.0%,2,0%,520,0.0%,23.7%,246000,122000 ( 98.4% ),123,61 ( 98.4% ),56445023256,6975571,52
2019-11-25,1,0.0%,1,0%,167,0.0%,35.9%,300000,300000 ( 100.0% ),60,60 ( 100.0% ),56445323256,6975631,54
