날짜,스크린수,스크린점유율,상영횟수,상영점유율,좌석수,좌석점유율,좌석판매율,매출액,매출액증감(전일대비),관객수,관객수증감(전일대비),누적매출액,누적관객수,순위
2015-12-24,2,0.0%,2,0%,477,0.0%,100.0%,3967000,3967000 ( 100.0% ),477,477 ( 100.0% ),3967000,477,21
2016-01-04,1,0.0%,1,0%,383,0.0%,100.0%,3447000,3447000 ( 100.0% ),383,383 ( 100.0% ),7414000,860,19
2016-01-05,1,0.0%,1,0%,226,0.0%,100.0%,1582000,-1865000 ( -54.1% ),226,-157 ( -41.0% ),8996000,1086,26
2016-01-06,4,0.1%,4,0%,1148,0.0%,100.0%,9184000,7602000 ( 480.5% ),1148,922 ( 408.0% ),18180000,2234,16
2016-01-07,1,0.0%,1,0%,332,0.0%,100.0%,2656000,-6528000 ( -71.1% ),332,-816 ( -71.1% ),20836000,2566,25
2016-01-14,704,12.2%,2390,15.4%,459668,17.9%,27.0%,942932000,942932000 ( 100.0% ),124146,124146 ( 100.0% ),963768000,126712,1
2016-01-15,819,13.9%,2754,17.4%,534915,20.4%,24.8%,1084511293,141579293 ( 15.0% ),132655,8509 ( 6.9% ),2048279293,259367,1
2016-01-16,940,15.2%,3357,20.5%,660888,24.6%,44.6%,2436068895,1351557602 ( 124.6% ),294850,162195 ( 122.3% ),4484348188,554217,1
2016-01-17,967,15.9%,3384,21.2%,665640,25.4%,40.2%,2189218200,-246850695 ( -10.1% ),267736,-27114 ( -9.2% ),6673566388,821953,1
2016-01-18,897,16.2%,3196,21.8%,655991,27.0%,12.7%,640584900,-1548633300 ( -70.7% ),83519,-184217 ( -68.8% ),7314151288,905472,1
2016-01-19,903,16.1%,3171,21.8%,648660,27.0%,11.9%,593623100,-46961800 ( -7.3% ),77169,-6350 ( -7.6% ),7907774388,982641,1
2016-01-20,912,16.2%,3224,22%,666048,27.5%,11.1%,570805300,-22817800 ( -3.8% ),74211,-2958 ( -3.8% ),8478579688,1056852,1
2016-01-21,711,13.6%,2592,17.2%,505980,20.3%,12.5%,490551900,-80253400 ( -14.1% ),63500,-10711 ( -14.4% ),8969131588,1120352,2
2016-01-22,737,13.9%,2720,17.7%,526556,20.7%,14.7%,645178232,154626332 ( 31.5% ),77237,13737 ( 21.6% ),9614309820,1197589,2
2016-01-23,796,13.7%,2950,18.1%,562594,21.1%,30.5%,1447763930,802585698 ( 124.4% ),171339,94102 ( 121.8% ),11062073750,1368928,1
2016-01-24,797,14.0%,2862,18.4%,544077,21.3%,27.9%,1278273600,-169490330 ( -11.7% ),151866,-19473 ( -11.4% ),12340347350,1520794,1
2016-01-25,749,14.7%,2684,18.8%,522792,22.1%,8.9%,359763800,-918509800 ( -71.9% ),46540,-105326 ( -69.4% ),12700111150,1567334,2
2016-01-26,756,14.7%,2692,18.6%,524920,22.0%,8.3%,335826800,-23937000 ( -6.7% ),43770,-2770 ( -6.0% ),13035937950,1611104,2
2016-01-27,671,13.1%,2443,16.6%,477566,19.7%,12.4%,362775300,26948500 ( 8.0% ),59245,15475 ( 35.4% ),13398713250,1670349,2
2016-01-28,534,11.4%,1695,10.5%,273213,10.0%,11.0%,225229200,-137546100 ( -37.9% ),29978,-29267 ( -49.4% ),13623942450,1700327,4
2016-01-29,549,11.5%,1731,10.5%,277740,10.0%,13.1%,294374331,69145131 ( 30.7% ),36282,6304 ( 21.0% ),13918316781,1736609,3
2016-01-30,560,11.1%,1699,9.7%,262600,8.9%,28.6%,614069049,319694718 ( 108.6% ),74980,38698 ( 106.7% ),14532385830,1811589,4
2016-01-31,563,11.2%,1662,9.8%,256960,9.0%,25.8%,539689400,-74379649 ( -12.1% ),66266,-8714 ( -11.6% ),15072075230,1877855,3
2016-02-01,529,11.8%,1607,10.7%,250745,9.8%,7.6%,144724600,-394964800 ( -73.2% ),19165,-47101 ( -71.1% ),15216799830,1897020,4
2016-02-02,522,11.4%,1581,10.6%,246103,9.7%,7.0%,129059900,-15664700 ( -10.8% ),17220,-1945 ( -10.1% ),15345859730,1914240,3
2016-02-03,327,7.7%,675,4.5%,93642,3.7%,6.1%,43103800,-85956100 ( -66.6% ),5720,-11500 ( -66.8% ),15388963530,1919960,4
2016-02-04,229,4.9%,401,2.6%,53717,2.0%,7.3%,29801000,-13302800 ( -30.9% ),3924,-1796 ( -31.4% ),15418764530,1923884,7
2016-02-05,235,5.0%,421,2.6%,55072,2.0%,11.1%,50856800,21055800 ( 70.7% ),6106,2182 ( 55.6% ),15469621330,1929990,6
2016-02-06,214,4.1%,325,1.8%,42948,1.5%,20.7%,75743500,24886700 ( 48.9% ),8906,2800 ( 45.9% ),15545364830,1938896,8
2016-02-07,211,4.0%,304,1.7%,40844,1.4%,19.8%,68611900,-7131600 ( -9.4% ),8085,-821 ( -9.2% ),15613976730,1946981,8
2016-02-08,201,3.9%,289,1.7%,38149,1.3%,30.5%,98453500,29841600 ( 43.5% ),11624,3539 ( 43.8% ),15712430230,1958605,7
2016-02-09,196,3.7%,286,1.6%,37312,1.3%,34.8%,107525100,9071600 ( 9.2% ),12987,1363 ( 11.7% ),15819955330,1971592,8
2016-02-10,196,3.8%,283,1.6%,37052,1.3%,22.5%,68143100,-39382000 ( -36.6% ),8328,-4659 ( -35.9% ),15888098430,1979920,8
2016-02-11,165,3.4%,266,1.7%,37373,1.4%,8.6%,24768400,-43374700 ( -63.7% ),3232,-5096 ( -61.2% ),15912866830,1983152,11
2016-02-12,165,3.4%,275,1.7%,38457,1.4%,10.5%,33085700,8317300 ( 33.6% ),4043,811 ( 25.1% ),15945952530,1987195,11
2016-02-13,152,2.8%,234,1.4%,32791,1.2%,17.2%,47056200,13970500 ( 42.2% ),5640,1597 ( 39.5% ),15993008730,1992835,13
2016-02-14,149,2.8%,225,1.3%,31825,1.2%,13.8%,36667800,-10388400 ( -22.1% ),4404,-1236 ( -21.9% ),16029676530,1997239,13
2016-02-15,153,3.3%,244,1.6%,34303,1.4%,6.1%,15976000,-20691800 ( -56.4% ),2095,-2309 ( -52.4% ),16045652530,1999334,13
2016-02-16,123,2.3%,170,1.1%,23865,0.9%,5.9%,10391300,-5584700 ( -35.0% ),1400,-695 ( -33.2% ),16056043830,2000734,14
2016-02-17,4,0.1%,4,0%,331,0.0%,17.8%,482000,-9909300 ( -95.4% ),59,-1341 ( -95.8% ),16056525830,2000793,49
2016-02-18,4,0.1%,4,0%,328,0.0%,18.3%,472000,-10000 ( -2.1% ),60,1 ( 1.7% ),16056997830,2000853,51
2016-02-19,6,0.1%,7,0%,654,0.0%,19.4%,1103000,631000 ( 133.7% ),127,67 ( 111.7% ),16058100830,2000980,34
2016-02-20,4,0.1%,5,0%,500,0.0%,24.0%,979500,-123500 ( -11.2% ),120,-7 ( -5.5% ),16059080330,2001100,36
2016-02-21,4,0.1%,5,0%,703,0.0%,17.4%,999500,20000 ( 2.0% ),122,2 ( 1.7% ),16060079830,2001222,34
2016-02-22,3,0.1%,6,0%,756,0.0%,12.7%,779500,-220000 ( -22.0% ),96,-26 ( -21.3% ),16060859330,2001318,40
2016-02-23,3,0.1%,6,0%,1152,0.0%,10.3%,915500,136000 ( 17.4% ),119,23 ( 24.0% ),16061774830,2001437,36
2016-02-24,2,0.0%,2,0%,285,0.0%,17.9%,244000,-671500 ( -73.3% ),51,-68 ( -57.1% ),16062018830,2001488,48
2016-02-25,6,0.1%,7,0%,785,0.0%,19.9%,1237300,993300 ( 407.1% ),156,105 ( 205.9% ),16063256130,2001644,38
2016-02-26,2,0.0%,3,0%,273,0.0%,21.6%,465000,-772300 ( -62.4% ),59,-97 ( -62.2% ),16063721130,2001703,51
2016-02-27,2,0.0%,3,0%,126,0.0%,55.6%,575000,110000 ( 23.7% ),70,11 ( 18.6% ),16064296130,2001773,45
2016-02-28,3,0.1%,4,0%,303,0.0%,37.0%,949000,374000 ( 65.0% ),112,42 ( 60.0% ),16065245130,2001885,41
2016-02-29,2,0.0%,2,0%,237,0.0%,27.4%,480000,-469000 ( -49.4% ),65,-47 ( -42.0% ),16065725130,2001950,44
2016-03-01,16,0.3%,17,0.1%,1970,0.1%,64.1%,10916200,10436200 ( 2174.2% ),1262,1197 ( 1841.5% ),16076641330,2003212,19
2016-03-02,7,0.1%,8,0.1%,1424,0.1%,16.3%,1736500,-9179700 ( -84.1% ),232,-1030 ( -81.6% ),16078377830,2003444,26
2016-03-03,8,0.2%,11,0.1%,1310,0.1%,10.8%,1032500,-704000 ( -40.5% ),142,-90 ( -38.8% ),16079410330,2003586,39
2016-03-04,14,0.3%,17,0.1%,2065,0.1%,16.3%,2856500,1824000 ( 176.7% ),336,194 ( 136.6% ),16082266830,2003922,26
2016-03-05,14,0.2%,20,0.1%,2464,0.1%,22.4%,4764000,1907500 ( 66.8% ),553,217 ( 64.6% ),16087030830,2004475,25
2016-03-06,18,0.3%,23,0.1%,2787,0.1%,27.4%,6676800,1912800 ( 40.2% ),765,212 ( 38.3% ),16093707630,2005240,23
2016-03-07,10,0.2%,14,0.1%,1902,0.1%,9.1%,1226500,-5450300 ( -81.6% ),174,-591 ( -77.3% ),16094934130,2005414,29
2016-03-08,13,0.3%,15,0.1%,1962,0.1%,14.3%,2139000,912500 ( 74.4% ),281,107 ( 61.5% ),16097073130,2005695,30
2016-03-09,8,0.2%,11,0.1%,1832,0.1%,13.5%,1709000,-430000 ( -20.1% ),248,-33 ( -11.7% ),16098782130,2005943,28
2016-03-10,1,0.0%,1,0%,54,0.0%,42.6%,171000,-1538000 ( -90.0% ),23,-225 ( -90.7% ),16098953130,2005966,64
2016-03-11,6,0.1%,6,0%,560,0.0%,24.6%,1271500,1100500 ( 643.6% ),138,115 ( 500.0% ),16100224630,2006104,36
2016-03-12,2,0.0%,2,0%,170,0.0%,14.1%,212000,-1059500 ( -83.3% ),24,-114 ( -82.6% ),16100436630,2006128,73
2016-03-13,1,0.0%,1,0%,54,0.0%,70.4%,328000,116000 ( 54.7% ),38,14 ( 58.3% ),16100764630,2006166,61
2016-03-14,6,0.1%,6,0%,1042,0.0%,17.5%,1247000,919000 ( 280.2% ),182,144 ( 378.9% ),16102011630,2006348,33
2016-03-15,4,0.1%,4,0%,519,0.0%,20.2%,726000,-521000 ( -41.8% ),105,-77 ( -42.3% ),16102737630,2006453,44
2016-03-16,9,0.2%,9,0.1%,1025,0.0%,18.0%,1416500,690500 ( 95.1% ),185,80 ( 76.2% ),16104154130,2006638,31
2016-03-17,5,0.1%,5,0%,935,0.0%,12.5%,846000,-570500 ( -40.3% ),117,-68 ( -36.8% ),16105000130,2006755,39
2016-03-18,4,0.1%,4,0%,522,0.0%,20.3%,781000,-65000 ( -7.7% ),106,-11 ( -9.4% ),16105781130,2006861,42
2016-03-19,4,0.1%,4,0%,530,0.0%,22.5%,896000,115000 ( 14.7% ),119,13 ( 12.3% ),16106677130,2006980,43
2016-03-20,4,0.1%,4,0%,530,0.0%,22.3%,889000,-7000 ( -0.8% ),118,-1 ( -0.8% ),16107566130,2007098,43
2016-03-21,3,0.1%,3,0%,254,0.0%,26.0%,426000,-463000 ( -52.1% ),66,-52 ( -44.1% ),16107992130,2007164,44
2016-03-22,3,0.1%,3,0%,254,0.0%,26.0%,452000,26000 ( 6.1% ),66,0 ( 0.0% ),16108444130,2007230,48
2016-03-23,4,0.1%,4,0%,667,0.0%,12.7%,593000,141000 ( 31.2% ),85,19 ( 28.8% ),16109037130,2007315,53
2016-03-24,2,0.0%,2,0%,218,0.0%,28.4%,428000,-165000 ( -27.8% ),62,-23 ( -27.1% ),16109465130,2007377,45
2016-03-25,2,0.0%,2,0%,218,0.0%,26.1%,395000,-33000 ( -7.7% ),57,-5 ( -8.1% ),16109860130,2007434,55
2016-03-26,3,0.1%,3,0%,634,0.0%,12.1%,490000,95000 ( 24.1% ),77,20 ( 35.1% ),16110350130,2007511,46
2016-03-27,2,0.0%,2,0%,218,0.0%,31.7%,520000,30000 ( 6.1% ),69,-8 ( -10.4% ),16110870130,2007580,49
2016-03-28,1,0.0%,1,0%,137,0.0%,16.1%,110000,-410000 ( -78.8% ),22,-47 ( -68.1% ),16110980130,2007602,64
2016-03-29,1,0.0%,1,0%,137,0.0%,16.1%,110000,0 ( 0.0% ),22,0 ( 0.0% ),16111090130,2007624,68
2016-03-30,2,0.0%,2,0%,550,0.0%,6.0%,165000,55000 ( 50.0% ),33,11 ( 50.0% ),16111255130,2007657,62
2016-04-03,1,0.0%,1,0%,8,0.0%,100.0%,72000,72000 ( 100.0% ),8,8 ( 100.0% ),16111327130,2007665,74
