날짜,스크린수,스크린점유율,상영횟수,상영점유율,좌석수,좌석점유율,좌석판매율,매출액,매출액증감(전일대비),관객수,관객수증감(전일대비),누적매출액,누적관객수,순위
2018-03-16,1,0.0%,1,0%,274,0.0%,95.6%,2358000,2358000 ( 100.0% ),262,262 ( 100.0% ),2358000,262,28
2018-03-17,22,0.4%,22,0.1%,2489,0.1%,58.5%,12692000,10334000 ( 438.3% ),1456,1194 ( 455.7% ),15050000,1718,19
2018-03-18,3,0.0%,3,0%,804,0.0%,48.8%,3249000,-9443000 ( -74.4% ),392,-1064 ( -73.1% ),18299000,2110,29
2018-03-19,3,0.1%,3,0%,407,0.0%,33.9%,1082000,-2167000 ( -66.7% ),138,-254 ( -64.8% ),19381000,2248,34
2018-03-20,3,0.1%,3,0%,425,0.0%,70.1%,2525000,1443000 ( 133.4% ),298,160 ( 115.9% ),21906000,2546,27
2018-03-23,2,0.0%,2,0%,451,0.0%,100.0%,3608000,3608000 ( 100.0% ),451,451 ( 100.0% ),25514000,2997,21
2018-03-24,2,0.0%,2,0%,706,0.0%,49.0%,3028000,-580000 ( -16.1% ),346,-105 ( -23.3% ),28542000,3343,28
2018-03-27,1,0.0%,1,0%,274,0.0%,95.6%,2096000,2096000 ( 100.0% ),262,262 ( 100.0% ),30638000,3605,29
2018-03-31,2,0.0%,2,0%,486,0.0%,82.1%,3565000,3565000 ( 100.0% ),399,399 ( 100.0% ),34203000,4004,23
2018-04-01,1,0.0%,1,0%,293,0.0%,47.1%,1363000,-2202000 ( -61.8% ),138,-261 ( -65.4% ),35566000,4142,32
2018-04-02,4,0.1%,4,0%,886,0.0%,85.0%,6669500,5306500 ( 389.3% ),753,615 ( 445.7% ),42235500,4895,15
2018-04-03,10,0.2%,10,0.1%,1627,0.1%,81.4%,9438500,2769000 ( 41.5% ),1325,572 ( 76.0% ),51674000,6220,13
2018-04-04,336,6.9%,823,4.9%,116278,4.2%,6.9%,59284000,49845500 ( 528.1% ),8017,6692 ( 505.1% ),110958000,14237,5
2018-04-05,332,6.4%,756,4.2%,107626,3.7%,6.5%,51388300,-7895700 ( -13.3% ),6986,-1031 ( -12.9% ),162346300,21223,7
2018-04-06,344,6.3%,783,4.2%,108499,3.6%,7.2%,64434700,13046400 ( 25.4% ),7835,849 ( 12.2% ),226781000,29058,6
2018-04-07,310,5.3%,599,3%,79746,2.5%,13.9%,93072800,28638100 ( 44.4% ),11090,3255 ( 41.5% ),319853800,40148,7
2018-04-08,309,5.3%,578,3%,78172,2.5%,12.3%,79319700,-13753100 ( -14.8% ),9604,-1486 ( -13.4% ),399173500,49752,7
2018-04-09,287,5.8%,643,3.7%,88992,3.2%,5.8%,38586500,-40733200 ( -51.4% ),5188,-4416 ( -46.0% ),437760000,54940,6
2018-04-10,297,5.9%,635,3.7%,88290,3.2%,5.9%,37808600,-777900 ( -2.0% ),5168,-20 ( -0.4% ),475568600,60108,6
2018-04-11,290,5.6%,616,3.6%,86917,3.1%,6.3%,42531300,4722700 ( 12.5% ),5473,305 ( 5.9% ),518099900,65581,7
2018-04-12,73,1.3%,132,0.7%,17263,0.6%,11.1%,15538300,-26993000 ( -63.5% ),1924,-3549 ( -64.8% ),533638200,67505,12
2018-04-13,74,1.2%,138,0.7%,18379,0.6%,12.7%,20172600,4634300 ( 29.8% ),2327,403 ( 20.9% ),553810800,69832,12
2018-04-14,72,1.1%,130,0.6%,16682,0.5%,24.3%,36149300,15976700 ( 79.2% ),4058,1731 ( 74.4% ),589960100,73890,14
2018-04-15,70,1.1%,124,0.6%,15988,0.5%,20.7%,29713000,-6436300 ( -17.8% ),3308,-750 ( -18.5% ),619673100,77198,14
2018-04-16,74,1.3%,130,0.7%,16929,0.6%,9.0%,12115200,-17597800 ( -59.2% ),1516,-1792 ( -54.2% ),631788300,78714,12
2018-04-17,75,1.3%,130,0.8%,17070,0.6%,8.3%,11282700,-832500 ( -6.9% ),1419,-97 ( -6.4% ),643071000,80133,12
2018-04-18,80,1.4%,136,0.8%,17315,0.6%,8.6%,11988300,705600 ( 6.3% ),1484,65 ( 4.6% ),655059300,81617,13
2018-04-19,43,0.7%,74,0.4%,9645,0.3%,12.2%,9316100,-2672200 ( -22.3% ),1177,-307 ( -20.7% ),664375400,82794,15
2018-04-20,40,0.6%,72,0.4%,9318,0.3%,12.5%,10891600,1575500 ( 16.9% ),1167,-10 ( -0.8% ),675267000,83961,16
2018-04-21,41,0.6%,71,0.4%,9105,0.3%,20.5%,17578800,6687200 ( 61.4% ),1869,702 ( 60.2% ),692845800,85830,16
2018-04-22,39,0.6%,73,0.4%,9326,0.3%,17.3%,14947000,-2631800 ( -15.0% ),1610,-259 ( -13.9% ),707792800,87440,18
2018-04-23,35,0.6%,68,0.4%,9127,0.3%,7.9%,5841800,-9105200 ( -60.9% ),721,-889 ( -55.2% ),713634600,88161,20
2018-04-24,36,0.6%,70,0.4%,9489,0.4%,8.5%,6607300,765500 ( 13.1% ),803,82 ( 11.4% ),720241900,88964,18
2018-04-25,26,0.5%,40,0.3%,5108,0.2%,20.6%,6889500,282200 ( 4.3% ),1050,247 ( 30.8% ),727131400,90014,11
2018-04-26,13,0.3%,16,0.1%,2208,0.1%,17.1%,2755300,-4134200 ( -60.0% ),377,-673 ( -64.1% ),729886700,90391,22
2018-04-27,12,0.2%,15,0.1%,1757,0.1%,19.4%,2738000,-17300 ( -0.6% ),340,-37 ( -9.8% ),732624700,90731,20
2018-04-28,14,0.3%,18,0.1%,2858,0.1%,20.1%,4839400,2101400 ( 76.7% ),574,234 ( 68.8% ),737464100,91305,21
2018-04-29,14,0.3%,15,0.1%,1795,0.1%,30.1%,4946000,106600 ( 2.2% ),540,-34 ( -5.9% ),742410100,91845,21
2018-04-30,13,0.3%,18,0.1%,1948,0.1%,22.4%,3495100,-1450900 ( -29.3% ),437,-103 ( -19.1% ),745905200,92282,19
2018-05-01,11,0.2%,12,0.1%,1253,0.0%,35.4%,3570700,75600 ( 2.2% ),444,7 ( 1.6% ),749475900,92726,24
2018-05-02,10,0.2%,10,0.1%,814,0.0%,24.0%,1566300,-2004400 ( -56.1% ),195,-249 ( -56.1% ),751042200,92921,29
2018-05-03,7,0.2%,7,0%,714,0.0%,23.0%,1379000,-187300 ( -12.0% ),164,-31 ( -15.9% ),752421200,93085,38
2018-05-04,7,0.1%,8,0%,821,0.0%,19.5%,1486000,107000 ( 7.8% ),160,-4 ( -2.4% ),753907200,93245,34
2018-05-05,11,0.2%,15,0.1%,1211,0.0%,47.6%,5220700,3734700 ( 251.3% ),577,417 ( 260.6% ),759127900,93822,14
2018-05-06,10,0.2%,13,0.1%,1230,0.0%,34.5%,4054700,-1166000 ( -22.3% ),424,-153 ( -26.5% ),763182600,94246,18
2018-05-07,12,0.2%,15,0.1%,1557,0.1%,28.6%,4178600,123900 ( 3.1% ),446,22 ( 5.2% ),767361200,94692,17
2018-05-08,46,1.0%,48,0.3%,5863,0.2%,28.2%,12147000,7968400 ( 190.7% ),1654,1208 ( 270.9% ),779508200,96346,7
2018-05-09,9,0.2%,10,0.1%,966,0.0%,14.6%,1209500,-10937500 ( -90.0% ),141,-1513 ( -91.5% ),780717700,96487,27
2018-05-10,8,0.2%,8,0.1%,717,0.0%,17.0%,1055500,-154000 ( -12.7% ),122,-19 ( -13.5% ),781773200,96609,31
2018-05-11,7,0.2%,7,0%,1016,0.0%,15.3%,1529500,474000 ( 44.9% ),155,33 ( 27.0% ),783302700,96764,28
2018-05-12,11,0.2%,13,0.1%,1093,0.0%,27.4%,2762500,1233000 ( 80.6% ),299,144 ( 92.9% ),786065200,97063,24
2018-05-13,10,0.2%,11,0.1%,936,0.0%,16.8%,1417000,-1345500 ( -48.7% ),157,-142 ( -47.5% ),787482200,97220,29
2018-05-14,6,0.1%,7,0%,642,0.0%,9.3%,503800,-913200 ( -64.4% ),60,-97 ( -61.8% ),787986000,97280,41
2018-05-15,8,0.2%,8,0.1%,702,0.0%,16.8%,950500,446700 ( 88.7% ),118,58 ( 96.7% ),788936500,97398,35
2018-05-16,10,0.2%,10,0.1%,827,0.0%,10.9%,782500,-168000 ( -17.7% ),90,-28 ( -23.7% ),789719000,97488,34
2018-05-17,4,0.1%,4,0%,260,0.0%,16.2%,374500,-408000 ( -52.1% ),42,-48 ( -53.3% ),790093500,97530,50
2018-05-18,7,0.1%,8,0%,642,0.0%,16.4%,913500,539000 ( 143.9% ),105,63 ( 150.0% ),791007000,97635,38
2018-05-19,5,0.1%,6,0%,458,0.0%,32.8%,1367500,454000 ( 49.7% ),150,45 ( 42.9% ),792374500,97785,32
2018-05-20,5,0.1%,6,0%,512,0.0%,21.3%,1055000,-312500 ( -22.9% ),109,-41 ( -27.3% ),793429500,97894,34
2018-05-21,3,0.1%,3,0%,350,0.0%,58.3%,1787000,732000 ( 69.4% ),204,95 ( 87.2% ),795216500,98098,30
2018-05-22,7,0.1%,9,0%,750,0.0%,28.3%,2010500,223500 ( 12.5% ),212,8 ( 3.9% ),797227000,98310,28
2018-05-23,3,0.1%,3,0%,345,0.0%,60.6%,1875000,-135500 ( -6.7% ),209,-3 ( -1.4% ),799102000,98519,27
2018-05-24,5,0.1%,5,0%,884,0.0%,92.9%,7327000,5452000 ( 290.8% ),821,612 ( 292.8% ),806429000,99340,13
2018-05-25,5,0.1%,7,0%,705,0.0%,55.5%,3523500,-3803500 ( -51.9% ),391,-430 ( -52.4% ),809952500,99731,18
2018-05-26,3,0.0%,3,0%,272,0.0%,21.7%,595000,-2928500 ( -83.1% ),59,-332 ( -84.9% ),810547500,99790,54
2018-05-27,5,0.1%,6,0%,466,0.0%,23.8%,1066500,471500 ( 79.2% ),111,52 ( 88.1% ),811614000,99901,36
2018-05-28,6,0.1%,7,0%,1123,0.0%,70.4%,7034000,5967500 ( 559.5% ),791,680 ( 612.6% ),818648000,100692,10
2018-05-29,2,0.0%,2,0%,266,0.0%,77.8%,1853500,-5180500 ( -73.6% ),207,-584 ( -73.8% ),820501500,100899,28
2018-05-30,2,0.0%,2,0%,221,0.0%,87.3%,1486000,-367500 ( -19.8% ),193,-14 ( -6.8% ),821987500,101092,32
2018-05-31,3,0.1%,4,0%,500,0.0%,73.4%,3303000,1817000 ( 122.3% ),367,174 ( 90.2% ),825290500,101459,28
2018-06-01,1,0.0%,2,0%,154,0.0%,20.1%,279000,-3024000 ( -91.6% ),31,-336 ( -91.6% ),825569500,101490,68
2018-06-02,1,0.0%,3,0%,231,0.0%,23.4%,522000,243000 ( 87.1% ),54,23 ( 74.2% ),826091500,101544,54
2018-06-03,1,0.0%,3,0%,231,0.0%,21.2%,478000,-44000 ( -8.4% ),49,-5 ( -9.3% ),826569500,101593,56
2018-06-04,1,0.0%,2,0%,154,0.0%,7.1%,97000,-381000 ( -79.7% ),11,-38 ( -77.6% ),826666500,101604,73
2018-06-05,1,0.0%,2,0%,154,0.0%,8.4%,117000,20000 ( 20.6% ),13,2 ( 18.2% ),826783500,101617,86
2018-06-06,1,0.0%,3,0%,231,0.0%,21.6%,468000,351000 ( 300.0% ),50,37 ( 284.6% ),827251500,101667,58
2018-06-08,1,0.0%,2,0%,154,0.0%,10.4%,144000,144000 ( 100.0% ),16,16 ( 100.0% ),827395500,101683,75
2018-06-10,1,0.0%,2,0%,154,0.0%,12.3%,173000,173000 ( 100.0% ),19,19 ( 100.0% ),827568500,101702,71
2018-06-11,1,0.0%,2,0%,154,0.0%,11.7%,162000,-11000 ( -6.4% ),18,-1 ( -5.3% ),827730500,101720,66
2018-06-12,1,0.0%,1,0%,77,0.0%,9.1%,62000,-100000 ( -61.7% ),7,-11 ( -61.1% ),827792500,101727,88
2018-06-13,1,0.0%,2,0%,154,0.0%,35.1%,537200,475200 ( 766.5% ),54,47 ( 671.4% ),828329700,101781,47
2019-11-19,1,0.0%,2,0%,306,0.0%,81.7%,2000000,2000000 ( 100.0% ),250,250 ( 100.0% ),830329700,102031,40
