날짜,스크린수,스크린점유율,상영횟수,상영점유율,좌석수,좌석점유율,좌석판매율,매출액,매출액증감(전일대비),관객수,관객수증감(전일대비),누적매출액,누적관객수,순위
2017-05-04,3,0.0%,3,0%,666,0.0%,79.0%,4701500,4701500 ( 100.0% ),526,526 ( 100.0% ),4701500,526,26
2017-05-11,2,0.0%,2,0%,479,0.0%,100.0%,3206000,3206000 ( 100.0% ),479,479 ( 100.0% ),7907500,1005,21
2017-05-13,3,0.0%,3,0%,325,0.0%,75.7%,3684000,3684000 ( 100.0% ),246,246 ( 100.0% ),11591500,1251,34
2017-05-17,4,0.1%,5,0%,733,0.0%,2.6%,141000,141000 ( 100.0% ),19,19 ( 100.0% ),11732500,1270,66
2017-05-18,85,1.6%,124,0.7%,14884,0.5%,11.1%,12114900,11973900 ( 8492.1% ),1657,1638 ( 8621.1% ),23847400,2927,13
2017-05-19,81,1.4%,126,0.7%,15659,0.6%,9.8%,12418600,303700 ( 2.5% ),1532,-125 ( -7.5% ),36266000,4459,10
2017-05-20,84,1.4%,121,0.7%,14910,0.5%,16.6%,21002100,8583500 ( 69.1% ),2474,942 ( 61.5% ),57268100,6933,12
2017-05-21,83,1.4%,118,0.7%,14199,0.5%,17.0%,19956100,-1046000 ( -5.0% ),2409,-65 ( -2.6% ),77224200,9342,11
2017-05-22,84,1.6%,129,0.8%,16180,0.6%,8.1%,9440500,-10515600 ( -52.7% ),1311,-1098 ( -45.6% ),86664700,10653,10
2017-05-23,81,1.5%,124,0.8%,15752,0.6%,7.8%,8856500,-584000 ( -6.2% ),1224,-87 ( -6.6% ),95521200,11877,12
2017-05-24,58,1.2%,84,0.5%,11021,0.4%,8.8%,6971700,-1884800 ( -21.3% ),970,-254 ( -20.8% ),102492900,12847,11
2017-05-25,30,0.6%,42,0.3%,5274,0.2%,11.6%,4522600,-2449100 ( -35.1% ),613,-357 ( -36.8% ),107015500,13460,16
2017-05-26,33,0.6%,43,0.3%,5399,0.2%,11.7%,5059538,536938 ( 11.9% ),631,18 ( 2.9% ),112075038,14091,15
2017-05-27,38,0.7%,52,0.3%,6502,0.2%,21.5%,12161900,7102362 ( 140.4% ),1400,769 ( 121.9% ),124236938,15491,13
2017-05-28,40,0.7%,47,0.3%,6049,0.2%,17.7%,8631200,-3530700 ( -29.0% ),1073,-327 ( -23.4% ),132868138,16564,13
2017-05-29,28,0.6%,38,0.2%,5562,0.2%,9.1%,3807000,-4824200 ( -55.9% ),506,-567 ( -52.8% ),136675138,17070,16
2017-05-30,28,0.6%,41,0.2%,5593,0.2%,7.1%,2994400,-812600 ( -21.3% ),396,-110 ( -21.7% ),139669538,17466,19
2017-05-31,19,0.4%,30,0.2%,4006,0.2%,14.3%,3933700,939300 ( 31.4% ),571,175 ( 44.2% ),143603238,18037,16
2017-06-01,18,0.4%,30,0.2%,3338,0.1%,9.6%,2381500,-1552200 ( -39.5% ),320,-251 ( -44.0% ),145984738,18357,23
2017-06-02,22,0.4%,36,0.2%,3729,0.1%,14.1%,4151900,1770400 ( 74.3% ),525,205 ( 64.1% ),150136638,18882,18
2017-06-03,24,0.4%,36,0.2%,3916,0.1%,20.5%,6758400,2606500 ( 62.8% ),801,276 ( 52.6% ),156895038,19683,17
2017-06-04,23,0.4%,36,0.2%,3945,0.1%,15.7%,5279000,-1479400 ( -21.9% ),620,-181 ( -22.6% ),162174038,20303,17
2017-06-05,14,0.3%,27,0.2%,2630,0.1%,16.2%,3301300,-1977700 ( -37.5% ),425,-195 ( -31.5% ),165475338,20728,19
2017-06-06,22,0.4%,35,0.2%,3843,0.1%,22.0%,6887200,3585900 ( 108.6% ),844,419 ( 98.6% ),172362538,21572,16
2017-06-07,13,0.3%,26,0.2%,2894,0.1%,6.6%,1420000,-5467200 ( -79.4% ),191,-653 ( -77.4% ),173782538,21763,26
2017-06-08,7,0.1%,11,0.1%,1266,0.0%,8.1%,755000,-665000 ( -46.8% ),103,-88 ( -46.1% ),174537538,21866,44
2017-06-09,10,0.2%,18,0.1%,2248,0.1%,10.4%,1910000,1155000 ( 153.0% ),234,131 ( 127.2% ),176447538,22100,26
2017-06-10,13,0.2%,18,0.1%,1743,0.1%,21.0%,3266000,1356000 ( 71.0% ),366,132 ( 56.4% ),179713538,22466,26
2017-06-11,16,0.3%,20,0.1%,2168,0.1%,14.7%,2660500,-605500 ( -18.5% ),318,-48 ( -13.1% ),182374038,22784,25
2017-06-12,9,0.2%,13,0.1%,1277,0.0%,8.4%,835000,-1825500 ( -68.6% ),107,-211 ( -66.4% ),183209038,22891,34
2017-06-13,49,1.0%,53,0.3%,6151,0.2%,18.5%,7526500,6691500 ( 801.4% ),1136,1029 ( 961.7% ),190735538,24027,14
2017-06-14,11,0.2%,14,0.1%,1400,0.1%,9.6%,1097500,-6429000 ( -85.4% ),135,-1001 ( -88.1% ),191833038,24162,32
2017-06-15,4,0.1%,5,0%,999,0.0%,7.5%,600000,-497500 ( -45.3% ),75,-60 ( -44.4% ),192433038,24237,50
2017-06-16,7,0.1%,9,0.1%,526,0.0%,21.7%,975000,375000 ( 62.5% ),114,39 ( 52.0% ),193408038,24351,43
2017-06-17,6,0.1%,8,0%,923,0.0%,18.9%,1568000,593000 ( 60.8% ),174,60 ( 52.6% ),194976038,24525,41
2017-06-18,7,0.1%,8,0%,718,0.0%,19.1%,1218000,-350000 ( -22.3% ),137,-37 ( -21.3% ),196194038,24662,40
2017-06-19,6,0.1%,8,0%,718,0.0%,18.7%,949000,-269000 ( -22.1% ),134,-3 ( -2.2% ),197143038,24796,40
2017-06-20,6,0.1%,8,0%,499,0.0%,23.0%,865000,-84000 ( -8.9% ),115,-19 ( -14.2% ),198008038,24911,45
2017-06-21,5,0.1%,6,0%,592,0.0%,19.8%,928000,63000 ( 7.3% ),117,2 ( 1.7% ),198936038,25028,46
2017-06-22,5,0.1%,7,0%,656,0.0%,13.7%,723000,-205000 ( -22.1% ),90,-27 ( -23.1% ),199659038,25118,51
2017-06-23,5,0.1%,8,0%,889,0.0%,14.4%,1067000,344000 ( 47.6% ),128,38 ( 42.2% ),200726038,25246,46
2017-06-24,4,0.1%,7,0%,510,0.0%,42.4%,1968000,901000 ( 84.4% ),216,88 ( 68.8% ),202694038,25462,34
2017-06-25,6,0.1%,8,0%,800,0.0%,19.8%,1390000,-578000 ( -29.4% ),158,-58 ( -26.9% ),204084038,25620,40
2017-06-26,2,0.0%,5,0%,234,0.0%,30.3%,547000,-843000 ( -60.6% ),71,-87 ( -55.1% ),204631038,25691,42
2017-06-27,3,0.1%,6,0%,446,0.0%,23.8%,748000,201000 ( 36.7% ),106,35 ( 49.3% ),205379038,25797,46
2017-06-28,2,0.0%,5,0%,676,0.0%,11.7%,561000,-187000 ( -25.0% ),79,-27 ( -25.5% ),205940038,25876,48
2017-06-29,3,0.1%,5,0%,452,0.0%,14.4%,425000,-136000 ( -24.2% ),65,-14 ( -17.7% ),206365038,25941,52
2017-06-30,4,0.1%,6,0%,503,0.0%,12.5%,446000,21000 ( 4.9% ),63,-2 ( -3.1% ),206811038,26004,67
2017-07-01,2,0.0%,4,0%,302,0.0%,21.9%,483000,37000 ( 8.3% ),66,3 ( 4.8% ),207294038,26070,60
2017-07-02,4,0.1%,6,0%,488,0.0%,24.6%,907000,424000 ( 87.8% ),120,54 ( 81.8% ),208201038,26190,44
2017-07-03,1,0.0%,4,0%,120,0.0%,20.8%,191000,-716000 ( -78.9% ),25,-95 ( -79.2% ),208392038,26215,66
2017-07-04,2,0.0%,5,0%,332,0.0%,13.9%,335000,144000 ( 75.4% ),46,21 ( 84.0% ),208727038,26261,68
2017-07-05,2,0.0%,4,0%,240,0.0%,16.3%,271000,-64000 ( -19.1% ),39,-7 ( -15.2% ),208998038,26300,62
2017-07-06,1,0.0%,2,0%,60,0.0%,35.0%,153000,-118000 ( -43.5% ),21,-18 ( -46.2% ),209151038,26321,63
2017-07-07,2,0.0%,3,0%,111,0.0%,14.4%,115000,-38000 ( -24.8% ),16,-5 ( -23.8% ),209266038,26337,74
2017-07-08,2,0.0%,3,0%,272,0.0%,21.3%,387000,272000 ( 236.5% ),58,42 ( 262.5% ),209653038,26395,57
2017-07-09,2,0.0%,3,0%,272,0.0%,18.8%,371000,-16000 ( -4.1% ),51,-7 ( -12.1% ),210024038,26446,59
2017-07-10,1,0.0%,2,0%,60,0.0%,18.3%,71000,-300000 ( -80.9% ),11,-40 ( -78.4% ),210095038,26457,69
2017-07-11,3,0.1%,3,0%,293,0.0%,18.1%,343000,272000 ( 383.1% ),53,42 ( 381.8% ),210438038,26510,61
2017-07-12,2,0.0%,3,0%,272,0.0%,12.1%,222000,-121000 ( -35.3% ),33,-20 ( -37.7% ),210660038,26543,70
2017-07-13,2,0.0%,3,0%,111,0.0%,14.4%,110000,-112000 ( -50.5% ),16,-17 ( -51.5% ),210770038,26559,72
2017-07-14,1,0.0%,2,0%,60,0.0%,35.0%,179000,69000 ( 62.7% ),21,5 ( 31.3% ),210949038,26580,69
2017-07-15,1,0.0%,2,0%,60,0.0%,90.0%,427000,248000 ( 138.5% ),54,33 ( 157.1% ),211376038,26634,49
2017-07-16,1,0.0%,2,0%,60,0.0%,88.3%,420000,-7000 ( -1.6% ),53,-1 ( -1.9% ),211796038,26687,48
2017-07-17,1,0.0%,2,0%,60,0.0%,41.7%,149000,-271000 ( -64.5% ),25,-28 ( -52.8% ),211945038,26712,61
2017-07-18,1,0.0%,2,0%,60,0.0%,61.7%,257000,108000 ( 72.5% ),37,12 ( 48.0% ),212202038,26749,70
2017-07-19,1,0.0%,2,0%,60,0.0%,25.0%,98000,-159000 ( -61.9% ),15,-22 ( -59.5% ),212300038,26764,80
2017-07-20,1,0.0%,1,0%,30,0.0%,40.0%,82000,-16000 ( -16.3% ),12,-3 ( -20.0% ),212382038,26776,77
2017-07-21,1,0.0%,2,0%,60,0.0%,40.0%,182000,100000 ( 122.0% ),24,12 ( 100.0% ),212564038,26800,74
2017-07-22,1,0.0%,2,0%,60,0.0%,51.7%,248000,66000 ( 36.3% ),31,7 ( 29.2% ),212812038,26831,71
2017-07-23,2,0.0%,3,0%,111,0.0%,37.8%,328000,80000 ( 32.3% ),42,11 ( 35.5% ),213140038,26873,55
2017-07-24,1,0.0%,2,0%,60,0.0%,16.7%,68000,-260000 ( -79.3% ),10,-32 ( -76.2% ),213208038,26883,71
2017-07-25,2,0.0%,3,0%,111,0.0%,27.0%,203000,135000 ( 198.5% ),30,20 ( 200.0% ),213411038,26913,65
2017-07-26,1,0.0%,2,0%,60,0.0%,21.7%,104000,-99000 ( -48.8% ),13,-17 ( -56.7% ),213515038,26926,83
2017-07-27,1,0.0%,2,0%,60,0.0%,20.0%,89000,-15000 ( -14.4% ),12,-1 ( -7.7% ),213604038,26938,85
2017-07-28,1,0.0%,2,0%,60,0.0%,41.7%,172000,83000 ( 93.3% ),25,13 ( 108.3% ),213776038,26963,78
2017-07-29,1,0.0%,2,0%,60,0.0%,71.7%,347000,175000 ( 101.7% ),43,18 ( 72.0% ),214123038,27006,72
2017-07-30,1,0.0%,2,0%,60,0.0%,68.3%,332000,-15000 ( -4.3% ),41,-2 ( -4.7% ),214455038,27047,53
2017-07-31,1,0.0%,2,0%,60,0.0%,50.0%,212000,-120000 ( -36.1% ),30,-11 ( -26.8% ),214667038,27077,53
2017-08-01,1,0.0%,2,0%,60,0.0%,65.0%,272000,60000 ( 28.3% ),39,9 ( 30.0% ),214939038,27116,57
2017-08-02,2,0.0%,3,0%,111,0.0%,34.2%,283000,11000 ( 4.0% ),38,-1 ( -2.6% ),215222038,27154,55
2017-08-07,1,0.0%,2,0%,72,0.0%,23.6%,118000,118000 ( 100.0% ),17,17 ( 100.0% ),215340038,27171,57
2017-08-08,2,0.0%,3,0%,154,0.0%,18.8%,218000,100000 ( 84.7% ),29,12 ( 70.6% ),215558038,27200,57
2017-08-09,1,0.0%,1,0%,30,0.0%,10.0%,17000,-201000 ( -92.2% ),3,-26 ( -89.7% ),215575038,27203,74
2017-12-10,1,0.0%,1,0%,93,0.0%,3.2%,16000,16000 ( 100.0% ),3,3 ( 100.0% ),215591038,27206,125
2018-07-07,1,0.0%,1,0%,110,0.0%,27.3%,198200,198200 ( 100.0% ),30,30 ( 100.0% ),215789238,27236,66
2018-07-15,1,0.0%,1,0%,110,0.0%,4.5%,29000,29000 ( 100.0% ),5,5 ( 100.0% ),215818238,27241,83
2018-07-22,1,0.0%,1,0%,110,0.0%,13.6%,100500,100500 ( 100.0% ),15,15 ( 100.0% ),215918738,27256,85
