날짜,스크린수,스크린점유율,상영횟수,상영점유율,좌석수,좌석점유율,좌석판매율,매출액,매출액증감(전일대비),관객수,관객수증감(전일대비),누적매출액,누적관객수,순위
2018-02-13,15,0.2%,15,0.1%,3238,0.1%,100.0%,21524000,21524000 ( 100.0% ),3239,3239 ( 100.0% ),21524000,3239,10
2018-02-20,35,0.6%,40,0.2%,8477,0.3%,80.8%,46692700,46692700 ( 100.0% ),6846,6846 ( 100.0% ),68216700,10085,8
2018-02-21,12,0.2%,12,0.1%,2740,0.1%,100.0%,21636000,-25056700 ( -53.7% ),2740,-4106 ( -60.0% ),89852700,12825,10
2018-02-24,2,0.0%,5,0%,1332,0.0%,91.0%,6420000,6420000 ( 100.0% ),1212,1212 ( 100.0% ),96272700,14037,17
2018-02-25,2,0.0%,2,0%,207,0.0%,100.0%,1559000,-4861000 ( -75.7% ),207,-1005 ( -82.9% ),97831700,14244,34
2018-02-27,10,0.2%,10,0.1%,1750,0.1%,77.4%,12106000,12106000 ( 100.0% ),1354,1354 ( 100.0% ),109937700,15598,17
2018-02-28,831,13.6%,4188,22.4%,761215,25.3%,17.3%,779250900,767144900 ( 6336.9% ),131350,129996 ( 9600.9% ),889188600,146948,2
2018-03-01,884,14.0%,4274,22.4%,782367,25.5%,21.4%,1385057900,605807000 ( 77.7% ),167097,35747 ( 27.2% ),2274246500,314045,2
2018-03-02,830,14.0%,4101,22.1%,746023,24.9%,10.6%,658080114,-726977786 ( -52.5% ),78782,-88315 ( -52.9% ),2932326614,392827,2
2018-03-03,830,13.3%,3950,20.6%,688338,22.4%,22.4%,1292433216,634353102 ( 96.4% ),154014,75232 ( 95.5% ),4224759830,546841,2
2018-03-04,833,13.6%,3861,20.9%,667081,22.4%,20.9%,1167919900,-124513316 ( -9.6% ),139732,-14282 ( -9.3% ),5392679730,686573,2
2018-03-05,751,14.6%,3710,22.2%,625077,22.9%,8.1%,385233100,-782686800 ( -67.0% ),50835,-88897 ( -63.6% ),5777912830,737408,2
2018-03-06,766,14.4%,3711,22.4%,623848,23.1%,7.7%,359487700,-25745400 ( -6.7% ),47876,-2959 ( -5.8% ),6137400530,785284,2
2018-03-07,666,13.4%,3095,18.1%,507066,18.2%,7.9%,303065600,-56422100 ( -15.7% ),40047,-7829 ( -16.4% ),6440466130,825331,3
2018-03-08,579,11.1%,2390,13.8%,353463,12.6%,10.0%,265183900,-37881700 ( -12.5% ),35210,-4837 ( -12.1% ),6705650030,860541,3
2018-03-09,622,11.5%,2552,14.4%,381358,13.2%,12.8%,407934330,142750430 ( 53.8% ),48732,13522 ( 38.4% ),7113584360,909273,3
2018-03-10,699,11.6%,2874,15%,447386,14.5%,25.7%,966023320,558088990 ( 136.8% ),114883,66151 ( 135.7% ),8079607680,1024156,3
2018-03-11,694,11.6%,2800,15.1%,436289,14.6%,22.8%,830372600,-135650720 ( -14.0% ),99324,-15559 ( -13.5% ),8909980280,1123480,3
2018-03-12,640,12.4%,2625,15.8%,396136,14.6%,7.6%,226544100,-603828500 ( -72.7% ),30094,-69230 ( -69.7% ),9136524380,1153574,2
2018-03-13,655,12.2%,2633,15.9%,393671,14.6%,7.7%,225956300,-587800 ( -0.3% ),30183,89 ( 0.3% ),9362480680,1183757,2
2018-03-14,510,9.8%,1838,10.7%,252176,9.1%,9.1%,172606900,-53349400 ( -23.6% ),22905,-7278 ( -24.1% ),9535087580,1206662,4
2018-03-15,521,9.5%,1758,10.3%,243851,8.9%,7.9%,145160300,-27446600 ( -15.9% ),19352,-3553 ( -15.5% ),9680247880,1226014,4
2018-03-16,538,9.7%,1896,10.8%,264749,9.4%,10.0%,222310818,77150518 ( 53.1% ),26541,7189 ( 37.1% ),9902558698,1252555,3
2018-03-17,584,9.3%,2026,10.7%,283848,9.5%,19.5%,464907224,242596406 ( 109.1% ),55314,28773 ( 108.4% ),10367465922,1307869,3
2018-03-18,588,9.5%,1953,10.7%,277233,9.6%,16.5%,383090300,-81816924 ( -17.6% ),45707,-9607 ( -17.4% ),10750556222,1353576,3
2018-03-19,546,10.3%,1784,10.9%,251702,9.6%,6.0%,112879100,-270211200 ( -70.5% ),15005,-30702 ( -67.2% ),10863435322,1368581,3
2018-03-20,528,9.8%,1762,10.9%,248907,9.6%,5.8%,107330500,-5548600 ( -4.9% ),14371,-634 ( -4.2% ),10970765822,1382952,3
2018-03-21,514,10.1%,1236,7.7%,162452,6.3%,7.9%,93969300,-13361200 ( -12.4% ),12838,-1533 ( -10.7% ),11064735122,1395790,4
2018-03-22,430,8.1%,941,5.6%,123948,4.5%,8.3%,76009000,-17960300 ( -19.1% ),10268,-2570 ( -20.0% ),11140744122,1406058,5
2018-03-23,459,8.4%,989,5.7%,129747,4.6%,9.9%,106478776,30469776 ( 40.1% ),12799,2531 ( 24.6% ),11247222898,1418857,5
2018-03-24,466,7.6%,954,5.1%,124435,4.2%,20.4%,211182487,104703711 ( 98.3% ),25371,12572 ( 98.2% ),11458405385,1444228,4
2018-03-25,458,7.6%,929,5.1%,120650,4.2%,18.3%,181230800,-29951687 ( -14.2% ),22029,-3342 ( -13.2% ),11639636185,1466257,6
2018-03-26,448,8.6%,974,6%,128034,4.9%,6.1%,57450800,-123780000 ( -68.3% ),7874,-14155 ( -64.3% ),11697086985,1474131,5
2018-03-27,458,8.5%,999,6.2%,131915,5.1%,6.5%,61363300,3912500 ( 6.8% ),8590,716 ( 9.1% ),11758450285,1482721,5
2018-03-28,126,2.4%,170,1%,20388,0.7%,13.8%,16493000,-44870300 ( -73.1% ),2808,-5782 ( -67.3% ),11774943285,1485529,9
2018-03-29,114,2.2%,153,0.9%,18544,0.7%,10.6%,13376800,-3116200 ( -18.9% ),1960,-848 ( -30.2% ),11788320085,1487489,8
2018-03-30,124,2.3%,167,0.9%,20206,0.7%,11.9%,17562900,4186100 ( 31.3% ),2407,447 ( 22.8% ),11805882985,1489896,7
2018-03-31,92,1.6%,129,0.7%,14818,0.5%,24.0%,28178300,10615400 ( 60.4% ),3561,1154 ( 47.9% ),11834061285,1493457,9
2018-04-01,88,1.6%,126,0.7%,14495,0.5%,19.0%,21765300,-6413000 ( -22.8% ),2747,-814 ( -22.9% ),11855826585,1496204,10
2018-04-02,112,2.4%,166,1%,20679,0.8%,7.9%,11350700,-10414600 ( -47.8% ),1626,-1121 ( -40.8% ),11867177285,1497830,9
2018-04-03,105,2.1%,151,0.9%,18787,0.7%,7.6%,9955600,-1395100 ( -12.3% ),1423,-203 ( -12.5% ),11877132885,1499253,12
2018-04-04,94,1.9%,135,0.8%,16482,0.6%,7.6%,8643100,-1312500 ( -13.2% ),1251,-172 ( -12.1% ),11885775985,1500504,10
2018-04-05,23,0.4%,30,0.2%,3799,0.1%,14.1%,3569400,-5073700 ( -58.7% ),535,-716 ( -57.2% ),11889345385,1501039,17
2018-04-06,24,0.4%,31,0.2%,3860,0.1%,11.3%,3406900,-162500 ( -4.6% ),436,-99 ( -18.5% ),11892752285,1501475,17
2018-04-07,23,0.4%,29,0.1%,3729,0.1%,11.0%,3520700,113800 ( 3.3% ),411,-25 ( -5.7% ),11896272985,1501886,22
2018-04-08,18,0.3%,25,0.1%,3020,0.1%,18.7%,4806400,1285700 ( 36.5% ),565,154 ( 37.5% ),11901079385,1502451,17
2018-04-09,25,0.5%,32,0.2%,4447,0.2%,4.9%,1608600,-3197800 ( -66.5% ),218,-347 ( -61.4% ),11902687985,1502669,23
2018-04-10,25,0.5%,32,0.2%,4391,0.2%,4.2%,1341700,-266900 ( -16.6% ),186,-32 ( -14.7% ),11904029685,1502855,25
2018-04-11,26,0.5%,28,0.2%,3843,0.1%,5.4%,1558100,216400 ( 16.1% ),206,20 ( 10.8% ),11905587785,1503061,29
2018-04-12,3,0.1%,4,0%,245,0.0%,9.8%,181500,-1376600 ( -88.4% ),24,-182 ( -88.3% ),11905769285,1503085,62
2018-04-13,5,0.1%,7,0%,799,0.0%,19.0%,1083100,901600 ( 496.7% ),152,128 ( 533.3% ),11906852385,1503237,36
2018-04-14,7,0.1%,9,0%,820,0.0%,20.7%,1532600,449500 ( 41.5% ),170,18 ( 11.8% ),11908384985,1503407,40
2018-04-15,4,0.1%,6,0%,696,0.0%,15.4%,958700,-573900 ( -37.4% ),107,-63 ( -37.1% ),11909343685,1503514,44
2018-04-16,5,0.1%,8,0%,1338,0.0%,5.7%,534000,-424700 ( -44.3% ),76,-31 ( -29.0% ),11909877685,1503590,39
2018-04-17,4,0.1%,6,0%,1044,0.0%,4.4%,395000,-139000 ( -26.0% ),46,-30 ( -39.5% ),11910272685,1503636,56
2018-04-18,5,0.1%,7,0%,1218,0.0%,6.2%,535600,140600 ( 35.6% ),75,29 ( 63.0% ),11910808285,1503711,50
2018-04-19,1,0.0%,3,0%,600,0.0%,5.0%,247500,-288100 ( -53.8% ),30,-45 ( -60.0% ),11911055785,1503741,77
2018-04-20,3,0.0%,5,0%,965,0.0%,3.6%,361500,114000 ( 46.1% ),35,5 ( 16.7% ),11911417285,1503776,81
2018-04-21,2,0.0%,4,0%,427,0.0%,11.9%,464000,102500 ( 28.4% ),51,16 ( 45.7% ),11911881285,1503827,76
2018-04-22,4,0.1%,4,0%,492,0.0%,8.1%,344900,-119100 ( -25.7% ),40,-11 ( -21.6% ),11912226185,1503867,77
2018-04-23,4,0.1%,5,0%,806,0.0%,2.9%,181500,-163400 ( -47.4% ),23,-17 ( -42.5% ),11912407685,1503890,67
2018-04-24,4,0.1%,6,0%,997,0.0%,4.0%,339500,158000 ( 87.1% ),40,17 ( 73.9% ),11912747185,1503930,71
2018-04-25,3,0.1%,3,0%,220,0.0%,59.1%,684000,344500 ( 101.5% ),130,90 ( 225.0% ),11913431185,1504060,33
2018-04-27,1,0.0%,1,0%,135,0.0%,66.7%,540000,540000 ( 100.0% ),90,90 ( 100.0% ),11913971185,1504150,44
2018-04-28,1,0.0%,1,0%,40,0.0%,35.0%,84000,-456000 ( -84.4% ),14,-76 ( -84.4% ),11914055185,1504164,75
2018-04-29,1,0.0%,1,0%,40,0.0%,22.5%,54000,-30000 ( -35.7% ),9,-5 ( -35.7% ),11914109185,1504173,77
2018-04-30,2,0.0%,2,0%,99,0.0%,33.3%,272000,218000 ( 403.7% ),33,24 ( 266.7% ),11914381185,1504206,61
2018-05-01,1,0.0%,1,0%,40,0.0%,97.5%,308000,36000 ( 13.2% ),39,6 ( 18.2% ),11914689185,1504245,68
2018-05-07,1,0.0%,1,0%,59,0.0%,23.7%,139000,139000 ( 100.0% ),14,14 ( 100.0% ),11914828185,1504259,70
2018-05-08,1,0.0%,1,0%,59,0.0%,3.4%,20000,-119000 ( -85.6% ),2,-12 ( -85.7% ),11914848185,1504261,89
2018-05-09,1,0.0%,1,0%,59,0.0%,10.2%,60000,40000 ( 200.0% ),6,4 ( 200.0% ),11914908185,1504267,88
2018-05-10,1,0.0%,1,0%,32,0.0%,100.0%,288000,228000 ( 380.0% ),32,26 ( 433.3% ),11915196185,1504299,46
2018-05-14,1,0.0%,1,0%,59,0.0%,1.7%,10000,10000 ( 100.0% ),1,1 ( 100.0% ),11915206185,1504300,92
2018-05-15,1,0.0%,1,0%,154,0.0%,29.2%,315000,305000 ( 3050.0% ),45,44 ( 4400.0% ),11915521185,1504345,50
2018-05-16,1,0.0%,1,0%,59,0.0%,3.4%,20000,-295000 ( -93.7% ),2,-43 ( -95.6% ),11915541185,1504347,97
2018-05-19,1,0.0%,1,0%,103,0.0%,21.4%,110000,110000 ( 100.0% ),22,22 ( 100.0% ),11915651185,1504369,72
2018-05-21,1,0.0%,1,0%,59,0.0%,5.1%,30000,30000 ( 100.0% ),3,3 ( 100.0% ),11915681185,1504372,94
2018-05-22,2,0.0%,2,0%,261,0.0%,18.0%,292000,262000 ( 873.3% ),47,44 ( 1466.7% ),11915973185,1504419,51
2018-05-23,1,0.0%,1,0%,59,0.0%,10.2%,60000,-232000 ( -79.5% ),6,-41 ( -87.2% ),11916033185,1504425,82
2018-05-29,1,0.0%,1,0%,59,0.0%,1.7%,10000,10000 ( 100.0% ),1,1 ( 100.0% ),11916043185,1504426,94
2018-05-30,1,0.0%,1,0%,64,0.0%,78.1%,450000,440000 ( 4400.0% ),50,49 ( 4900.0% ),11916493185,1504476,50
2018-05-31,1,0.0%,1,0%,90,0.0%,77.8%,490000,40000 ( 8.9% ),70,20 ( 40.0% ),11916983185,1504546,52
2018-06-04,1,0.0%,1,0%,114,0.0%,100.0%,800000,800000 ( 100.0% ),114,114 ( 100.0% ),11917783185,1504660,35
2018-06-23,1,0.0%,1,0%,413,0.0%,14.5%,384000,384000 ( 100.0% ),60,60 ( 100.0% ),11918167185,1504720,53
2018-06-24,1,0.0%,1,0%,841,0.0%,5.8%,317000,-67000 ( -17.4% ),49,-11 ( -18.3% ),11918484185,1504769,45
2018-06-27,1,0.0%,1,0%,97,0.0%,100.0%,1261000,1261000 ( 100.0% ),97,97 ( 100.0% ),11919745185,1504866,39
2018-07-03,1,0.0%,1,0%,72,0.0%,0.0%,0,0 ( 0.0% ),0,0 ( 0.0% ),11919745185,1504866,118
2018-07-04,1,0.0%,1,0%,158,0.0%,100.0%,1264000,1264000 ( 100.0% ),158,158 ( 100.0% ),11921009185,1505024,32
2018-07-05,1,0.0%,1,0%,72,0.0%,0.0%,0,-1264000 ( -100.0% ),0,-158 ( -100.0% ),11921009185,1505024,108
2018-07-06,1,0.0%,1,0%,123,0.0%,0.0%,0,0 ( 0.0% ),0,0 ( 0.0% ),11921009185,1505024,103
2018-07-07,1,0.0%,1,0%,83,0.0%,100.0%,913000,913000 ( 100.0% ),83,83 ( 100.0% ),11921922185,1505107,41
2018-07-10,2,0.0%,3,0%,141,0.0%,100.0%,725000,725000 ( 100.0% ),141,141 ( 100.0% ),11922647185,1505248,37
2018-07-19,1,0.0%,1,0%,273,0.0%,72.5%,1188000,1188000 ( 100.0% ),198,198 ( 100.0% ),11923835185,1505446,34
2018-07-27,1,0.0%,1,0%,123,0.0%,35.8%,440000,440000 ( 100.0% ),44,44 ( 100.0% ),11924275185,1505490,50
2018-08-11,1,0.0%,1,0%,202,0.0%,34.7%,543000,543000 ( 100.0% ),70,70 ( 100.0% ),11924818185,1505560,40
2018-09-17,1,0.0%,1,0%,160,0.0%,101.3%,972000,972000 ( 100.0% ),162,162 ( 100.0% ),11925790185,1505722,34
2018-10-17,1,0.0%,1,0%,293,0.0%,3.4%,90000,90000 ( 100.0% ),10,10 ( 100.0% ),11925880185,1505732,78
2018-10-24,1,0.0%,1,0%,106,0.0%,94.3%,700000,700000 ( 100.0% ),100,100 ( 100.0% ),11926580185,1505832,48
2018-10-29,1,0.0%,1,0%,92,0.0%,21.7%,140000,140000 ( 100.0% ),20,20 ( 100.0% ),11926720185,1505852,66
2018-11-14,1,0.0%,1,0%,85,0.0%,0.0%,0,0 ( 0.0% ),0,0 ( 0.0% ),11926720185,1505852,123
2018-12-07,1,0.0%,2,0%,174,0.0%,83.3%,870000,870000 ( 100.0% ),145,145 ( 100.0% ),11927590185,1505997,44
2018-12-13,1,0.0%,1,0%,413,0.0%,3.9%,80000,80000 ( 100.0% ),16,16 ( 100.0% ),11927670185,1506013,84
2018-12-14,1,0.0%,1,0%,413,0.0%,51.8%,1070000,990000 ( 1237.5% ),214,198 ( 1237.5% ),11928740185,1506227,46
2018-12-15,1,0.0%,1,0%,42,0.0%,100.0%,462000,-608000 ( -56.8% ),42,-172 ( -80.4% ),11929202185,1506269,67
2019-01-22,4,0.1%,4,0%,522,0.0%,46.0%,1745000,1745000 ( 100.0% ),240,240 ( 100.0% ),11930947185,1506509,29
2019-03-15,1,0.0%,1,0%,169,0.0%,88.8%,1050000,1050000 ( 100.0% ),150,150 ( 100.0% ),11931997185,1506659,34
2019-04-04,1,0.0%,1,0%,22,0.0%,100.0%,176000,176000 ( 100.0% ),22,22 ( 100.0% ),11932173185,1506681,63
2019-04-21,1,0.0%,1,0%,174,0.0%,100.0%,1740000,1740000 ( 100.0% ),174,174 ( 100.0% ),11933913185,1506855,44
2019-06-22,1,0.0%,1,0%,55,0.0%,101.8%,336000,336000 ( 100.0% ),56,56 ( 100.0% ),11934249185,1506911,59
2019-11-08,1,0.0%,1,0%,170,0.0%,0.0%,0,0 ( 0.0% ),0,0 ( 0.0% ),11934249185,1506911,158
2020-01-22,1,0.0%,1,0%,118,0.0%,0.0%,0,0 ( 0.0% ),0,0 ( 0.0% ),11934249185,1506911,103
2020-03-05,47,0.9%,49,0.5%,8382,0.5%,1.2%,505000,505000 ( 100.0% ),101,101 ( 100.0% ),11934754185,1507012,33
2020-03-06,31,0.6%,33,0.3%,5588,0.4%,1.4%,400000,-105000 ( -20.8% ),80,-21 ( -20.8% ),11935154185,1507092,38
2020-03-07,45,0.8%,46,0.4%,6714,0.4%,1.5%,510000,110000 ( 27.5% ),102,22 ( 27.5% ),11935664185,1507194,41
2020-03-08,45,0.8%,46,0.4%,7311,0.4%,1.6%,570000,60000 ( 11.8% ),114,12 ( 11.8% ),11936234185,1507308,37
2020-03-09,32,0.7%,32,0.4%,5172,0.4%,1.1%,295000,-275000 ( -48.2% ),59,-55 ( -48.2% ),11936529185,1507367,37
2020-03-10,37,0.8%,38,0.4%,6348,0.4%,1.3%,400000,105000 ( 35.6% ),80,21 ( 35.6% ),11936929185,1507447,36
2020-03-11,32,0.7%,32,0.4%,4975,0.3%,1.1%,275000,-125000 ( -31.3% ),55,-25 ( -31.3% ),11937204185,1507502,44
2020-03-12,3,0.1%,5,0.1%,373,0.0%,3.5%,65000,-210000 ( -76.4% ),13,-42 ( -76.4% ),11937269185,1507515,63
2020-03-13,4,0.1%,6,0.1%,563,0.0%,2.7%,75000,10000 ( 15.4% ),15,2 ( 15.4% ),11937344185,1507530,66
2020-03-14,5,0.1%,6,0.1%,557,0.0%,3.4%,95000,20000 ( 26.7% ),19,4 ( 26.7% ),11937439185,1507549,66
2020-03-15,4,0.1%,7,0.1%,552,0.0%,2.0%,55000,-40000 ( -42.1% ),11,-8 ( -42.1% ),11937494185,1507560,71
2020-03-16,5,0.1%,9,0.1%,725,0.1%,3.0%,110000,55000 ( 100.0% ),22,11 ( 100.0% ),11937604185,1507582,59
2020-03-17,2,0.0%,2,0%,225,0.0%,0.9%,10000,-100000 ( -90.9% ),2,-20 ( -90.9% ),11937614185,1507584,85
2020-03-18,4,0.1%,7,0.1%,490,0.0%,2.4%,60000,50000 ( 500.0% ),12,10 ( 500.0% ),11937674185,1507596,65
