날짜,스크린수,스크린점유율,상영횟수,상영점유율,좌석수,좌석점유율,좌석판매율,매출액,매출액증감(전일대비),관객수,관객수증감(전일대비),누적매출액,누적관객수,순위
2018-06-15,1,0.0%,3,0%,996,0.0%,83.3%,3320000,3320000 ( 100.0% ),830,830 ( 100.0% ),3320000,830,11
2018-06-19,5,0.1%,7,0%,1897,0.1%,82.8%,14139000,14139000 ( 100.0% ),1571,1571 ( 100.0% ),17459000,2401,11
2018-06-20,10,0.2%,10,0.1%,3036,0.1%,99.2%,27108000,12969000 ( 91.7% ),3012,1441 ( 91.7% ),44567000,5413,8
2018-06-23,7,0.1%,7,0%,1391,0.0%,55.0%,8374900,8374900 ( 100.0% ),765,765 ( 100.0% ),52941900,6178,20
2018-06-24,1,0.0%,1,0%,180,0.0%,100.0%,2160000,-6214900 ( -74.2% ),180,-585 ( -76.5% ),55101900,6358,34
2018-06-25,4,0.1%,4,0%,1502,0.1%,98.4%,13302000,11142000 ( 515.8% ),1478,1298 ( 721.1% ),68403900,7836,12
2018-06-27,880,15.9%,3793,22.6%,680364,25.5%,17.9%,738666200,738666200 ( 100.0% ),121990,121990 ( 100.0% ),807070100,129826,2
2018-06-28,864,16.0%,3980,23.3%,721771,26.4%,13.1%,770347800,31681600 ( 4.3% ),94414,-27576 ( -22.6% ),1577417900,224240,1
2018-06-29,921,16.6%,4213,23.7%,759372,26.8%,17.9%,1226299921,455952121 ( 59.2% ),136113,41699 ( 44.2% ),2803717821,360353,1
2018-06-30,1054,17.5%,4828,25.6%,872958,29.3%,34.6%,2743779931,1517480010 ( 123.7% ),301612,165499 ( 121.6% ),5547497752,661965,1
2018-07-01,1117,18.8%,4880,26.7%,882737,30.6%,33.6%,2703207100,-40572831 ( -1.5% ),296821,-4791 ( -1.6% ),8250704852,958786,1
2018-07-02,1017,19.5%,4686,27.8%,858713,31.8%,14.5%,1018969200,-1684237900 ( -62.3% ),124470,-172351 ( -58.1% ),9269674052,1083256,1
2018-07-03,1033,19.2%,4692,27.6%,864655,31.9%,13.4%,943439600,-75529600 ( -7.4% ),115689,-8781 ( -7.1% ),10213113652,1198945,1
2018-07-04,667,13.6%,2374,13.3%,319812,11.2%,22.9%,598075800,-345363800 ( -36.6% ),73312,-42377 ( -36.6% ),10811189452,1272257,2
2018-07-05,694,13.9%,2530,14.2%,341312,12.0%,21.5%,597387200,-688600 ( -0.1% ),73342,30 ( 0.0% ),11408576652,1345599,2
2018-07-06,729,14.5%,2762,15.1%,365895,12.6%,27.0%,872389203,275002003 ( 46.0% ),98836,25494 ( 34.8% ),12280965855,1444435,2
2018-07-07,801,15.1%,3079,16%,416340,13.7%,43.6%,1617914916,745525713 ( 85.5% ),181475,82639 ( 83.6% ),13898880771,1625910,2
2018-07-08,808,15.4%,3059,16.3%,414433,13.9%,41.2%,1530371500,-87543416 ( -5.4% ),170792,-10683 ( -5.9% ),15429252271,1796702,2
2018-07-09,750,15.8%,3112,17.7%,429005,15.3%,18.2%,637982800,-892388700 ( -58.3% ),77886,-92906 ( -54.4% ),16067235071,1874588,2
2018-07-10,772,15.7%,3155,17.9%,437436,15.6%,19.2%,676843700,38860900 ( 6.1% ),83912,6026 ( 7.7% ),16744078771,1958500,2
2018-07-11,662,14.1%,2713,15%,361697,12.5%,19.4%,566881700,-109962000 ( -16.2% ),70060,-13852 ( -16.5% ),17310960471,2028560,3
2018-07-12,683,13.7%,2678,14.9%,358568,12.5%,17.0%,497275700,-69606000 ( -12.3% ),61009,-9051 ( -12.9% ),17808236171,2089569,3
2018-07-13,677,13.2%,2648,14.2%,359747,12.1%,22.1%,700847639,203571939 ( 40.9% ),79406,18397 ( 30.2% ),18509083810,2168975,3
2018-07-14,751,13.7%,2964,15%,407874,13.1%,39.4%,1424735635,723887996 ( 103.3% ),160607,81201 ( 102.3% ),19933819445,2329582,3
2018-07-15,756,14.0%,2945,15.3%,406117,13.4%,36.3%,1314404000,-110331635 ( -7.7% ),147295,-13312 ( -8.3% ),21248223445,2476877,3
2018-07-16,724,14.8%,2918,16.3%,407234,14.3%,13.4%,442050200,-872353800 ( -66.4% ),54579,-92716 ( -62.9% ),21690273645,2531456,3
2018-07-17,728,14.5%,2938,16.5%,409266,14.4%,12.5%,412827700,-29222500 ( -6.6% ),51203,-3376 ( -6.2% ),22103101345,2582659,2
2018-07-18,582,10.9%,2093,11.7%,277712,9.8%,17.9%,397974500,-14853200 ( -3.6% ),49738,-1465 ( -2.9% ),22501075845,2632397,3
2018-07-19,591,10.5%,2023,11.3%,270430,9.5%,17.4%,376008400,-21966100 ( -5.5% ),47058,-2680 ( -5.4% ),22877084245,2679455,3
2018-07-20,648,11.3%,2256,12.2%,305119,10.4%,23.4%,619524367,243515967 ( 64.8% ),71362,24304 ( 51.6% ),23496608612,2750817,3
2018-07-21,750,12.1%,2482,12.9%,348541,11.5%,36.6%,1133384451,513860084 ( 82.9% ),127555,56193 ( 78.7% ),24629993063,2878372,3
2018-07-22,757,12.2%,2458,13.1%,348717,11.8%,35.0%,1090795500,-42588951 ( -3.8% ),121909,-5646 ( -4.4% ),25720788563,3000281,3
2018-07-23,691,12.4%,2579,14.5%,365642,13.0%,14.1%,410781900,-680013600 ( -62.3% ),51378,-70531 ( -57.9% ),26131570463,3051659,3
2018-07-24,697,12.1%,2568,14.5%,364670,12.9%,13.6%,392066500,-18715400 ( -4.6% ),49582,-1796 ( -3.5% ),26523636963,3101241,3
2018-07-25,319,5.7%,563,3.2%,66592,2.4%,21.5%,91393900,-300672600 ( -76.7% ),14300,-35282 ( -71.2% ),26615030863,3115541,6
2018-07-26,279,5.0%,505,2.9%,59750,2.2%,16.1%,76941200,-14452700 ( -15.8% ),9648,-4652 ( -32.5% ),26691972063,3125189,6
2018-07-27,263,4.7%,472,2.6%,57081,2.0%,17.4%,87176200,10235000 ( 13.3% ),9927,279 ( 2.9% ),26779148263,3135116,6
2018-07-28,235,4.1%,386,2.1%,46143,1.6%,31.9%,132116100,44939900 ( 51.6% ),14724,4797 ( 48.3% ),26911264363,3149840,6
2018-07-29,256,4.4%,404,2.2%,48743,1.7%,28.9%,125658100,-6458000 ( -4.9% ),14078,-646 ( -4.4% ),27036922463,3163918,6
2018-07-30,265,4.8%,450,2.5%,54703,2.0%,20.0%,89940400,-35717700 ( -28.4% ),10961,-3117 ( -22.1% ),27126862863,3174879,6
2018-07-31,258,4.5%,444,2.5%,53775,1.9%,21.5%,93576700,3636300 ( 4.0% ),11551,590 ( 5.4% ),27220439563,3186430,6
2018-08-01,24,0.4%,30,0.2%,3838,0.1%,11.9%,3634600,-89942100 ( -96.1% ),457,-11094 ( -96.0% ),27224074163,3186887,14
2018-08-02,26,0.5%,34,0.2%,4709,0.2%,10.3%,3918900,284300 ( 7.8% ),484,27 ( 5.9% ),27227993063,3187371,17
2018-08-03,15,0.3%,19,0.1%,2535,0.1%,14.8%,3203100,-715800 ( -18.3% ),375,-109 ( -22.5% ),27231196163,3187746,16
2018-08-04,16,0.3%,21,0.1%,3082,0.1%,12.0%,2975300,-227800 ( -7.1% ),370,-5 ( -1.3% ),27234171463,3188116,18
2018-08-05,17,0.3%,19,0.1%,3091,0.1%,9.3%,2409600,-565700 ( -19.0% ),289,-81 ( -21.9% ),27236581063,3188405,17
2018-08-06,16,0.3%,18,0.1%,2356,0.1%,9.8%,1729100,-680500 ( -28.2% ),232,-57 ( -19.7% ),27238310163,3188637,23
2018-08-07,17,0.3%,23,0.1%,3250,0.1%,6.1%,1523300,-205800 ( -11.9% ),197,-35 ( -15.1% ),27239833463,3188834,24
2018-08-08,1,0.0%,1,0%,92,0.0%,17.4%,115000,-1408300 ( -92.5% ),16,-181 ( -91.9% ),27239948463,3188850,67
2018-08-09,1,0.0%,1,0%,92,0.0%,25.0%,191000,76000 ( 66.1% ),23,7 ( 43.8% ),27240139463,3188873,67
2018-08-10,1,0.0%,1,0%,92,0.0%,26.1%,193000,2000 ( 1.0% ),24,1 ( 4.3% ),27240332463,3188897,54
2018-08-11,1,0.0%,1,0%,84,0.0%,51.2%,397000,204000 ( 105.7% ),43,19 ( 79.2% ),27240729463,3188940,47
2018-08-12,1,0.0%,1,0%,92,0.0%,31.5%,265000,-132000 ( -33.2% ),29,-14 ( -32.6% ),27240994463,3188969,46
2018-08-13,1,0.0%,1,0%,92,0.0%,10.9%,87000,-178000 ( -67.2% ),10,-19 ( -65.5% ),27241081463,3188979,63
2018-08-14,1,0.0%,1,0%,92,0.0%,16.3%,115000,28000 ( 32.2% ),15,5 ( 50.0% ),27241196463,3188994,67
2018-08-15,1,0.0%,1,0%,92,0.0%,30.4%,236000,121000 ( 105.2% ),28,13 ( 86.7% ),27241432463,3189022,61
2018-08-16,1,0.0%,1,0%,92,0.0%,12.0%,96000,-140000 ( -59.3% ),11,-17 ( -60.7% ),27241528463,3189033,79
2018-08-17,1,0.0%,1,0%,92,0.0%,12.0%,90000,-6000 ( -6.3% ),11,0 ( 0.0% ),27241618463,3189044,78
2018-08-18,1,0.0%,1,0%,92,0.0%,17.4%,144000,54000 ( 60.0% ),16,5 ( 45.5% ),27241762463,3189060,77
2018-08-19,1,0.0%,1,0%,92,0.0%,10.9%,100000,-44000 ( -30.6% ),10,-6 ( -37.5% ),27241862463,3189070,77
2018-08-20,1,0.0%,1,0%,92,0.0%,5.4%,45000,-55000 ( -55.0% ),5,-5 ( -50.0% ),27241907463,3189075,82
2018-08-21,1,0.0%,1,0%,92,0.0%,9.8%,65000,20000 ( 44.4% ),9,4 ( 80.0% ),27241972463,3189084,88
2018-08-22,1,0.0%,1,0%,92,0.0%,7.6%,57000,-8000 ( -12.3% ),7,-2 ( -22.2% ),27242029463,3189091,80
2018-11-12,1,0.0%,1,0%,85,0.0%,0.0%,0,0 ( 0.0% ),0,0 ( 0.0% ),27242029463,3189091,99
2018-11-16,1,0.0%,1,0%,85,0.0%,0.0%,0,0 ( 0.0% ),0,0 ( 0.0% ),27242029463,3189091,129
