날짜,스크린수,스크린점유율,상영횟수,상영점유율,좌석수,좌석점유율,좌석판매율,매출액,매출액증감(전일대비),관객수,관객수증감(전일대비),누적매출액,누적관객수,순위
2016-12-12,6,0.1%,11,0.1%,2548,0.1%,98.0%,19433000,19433000 ( 100.0% ),2498,2498 ( 100.0% ),19433000,2498,10
2016-12-15,16,0.3%,17,0.1%,3188,0.1%,99.7%,27660000,27660000 ( 100.0% ),3180,3180 ( 100.0% ),47093000,5678,10
2016-12-16,35,0.6%,37,0.2%,7069,0.3%,100.0%,66144000,38484000 ( 139.1% ),7069,3889 ( 122.3% ),113237000,12747,8
2016-12-17,2,0.0%,5,0%,326,0.0%,100.0%,3260000,-62884000 ( -95.1% ),326,-6743 ( -95.4% ),116497000,13073,24
2016-12-18,3,0.1%,8,0%,980,0.0%,82.4%,8080000,4820000 ( 147.9% ),808,482 ( 147.9% ),124577000,13881,18
2016-12-19,22,0.4%,23,0.1%,4702,0.2%,99.6%,38508000,30428000 ( 376.6% ),4685,3877 ( 479.8% ),163085000,18566,7
2016-12-20,26,0.5%,28,0.2%,5847,0.2%,83.4%,50288200,11780200 ( 30.6% ),4878,193 ( 4.1% ),213373200,23444,9
2016-12-21,1448,29.2%,6617,43.1%,1294473,51.5%,30.3%,2944795900,2894507700 ( 5755.8% ),392856,387978 ( 7953.6% ),3158169100,416300,1
2016-12-22,1441,28.0%,6615,42.5%,1296233,51.0%,26.8%,2616224500,-328571400 ( -11.2% ),347324,-45532 ( -11.6% ),5774393600,763624,1
2016-12-23,1450,27.8%,7026,43.2%,1370612,51.6%,30.4%,3495241400,879016900 ( 33.6% ),417071,69747 ( 20.1% ),9269635000,1180695,1
2016-12-24,1501,25.7%,7383,41.3%,1430886,49.4%,64.2%,7874891609,4379650209 ( 125.3% ),918759,501688 ( 120.3% ),17144526609,2099454,1
2016-12-25,1495,25.5%,7145,41%,1382920,48.9%,65.3%,7685360800,-189530809 ( -2.4% ),902734,-16025 ( -1.7% ),24829887409,3002188,1
2016-12-26,1390,27.2%,6634,41.9%,1299988,50.3%,21.0%,2069763000,-5615597800 ( -73.1% ),273151,-629583 ( -69.7% ),26899650409,3275339,1
2016-12-27,1425,26.8%,6601,41.5%,1281648,49.4%,19.5%,1872795600,-196967400 ( -9.5% ),250253,-22898 ( -8.4% ),28772446009,3525592,1
2016-12-28,1263,23.3%,5482,34.3%,1026256,39.4%,30.2%,1880136850,7341250 ( 0.4% ),310391,60138 ( 24.0% ),30652582859,3835983,1
2016-12-29,1224,23.0%,5560,34.5%,1041886,39.7%,22.4%,1769010700,-111126150 ( -5.9% ),233247,-77144 ( -24.9% ),32421593559,4069230,1
2016-12-30,1206,22.4%,5697,34.4%,1072700,39.8%,30.6%,2779549256,1010538556 ( 57.1% ),328306,95059 ( 40.8% ),35201142815,4397536,1
2016-12-31,1262,21.3%,5897,34%,1121237,39.8%,48.0%,4583498250,1803948994 ( 64.9% ),537784,209478 ( 63.8% ),39784641065,4935320,1
2017-01-01,1245,21.2%,5721,34.2%,1090452,40.1%,46.4%,4399793100,-183705150 ( -4.0% ),506299,-31485 ( -5.9% ),44184434165,5441619,1
2017-01-02,1161,22.1%,5381,33.9%,1038699,40.0%,17.7%,1404122100,-2995671000 ( -68.1% ),183423,-322876 ( -63.8% ),45588556265,5625042,1
2017-01-03,1173,21.5%,5334,33.7%,1024606,39.7%,13.3%,1036588100,-367534000 ( -26.2% ),135859,-47564 ( -25.9% ),46625144365,5760901,1
2017-01-04,871,14.6%,3552,20.6%,720975,25.7%,14.2%,784589300,-251998800 ( -24.3% ),102362,-33497 ( -24.7% ),47409733665,5863263,2
2017-01-05,855,13.8%,3321,19.3%,670243,23.8%,13.8%,709301100,-75288200 ( -9.6% ),92234,-10128 ( -9.9% ),48119034765,5955497,2
2017-01-06,871,13.7%,3261,18.5%,652558,22.6%,16.1%,907001400,197700300 ( 27.9% ),105235,13001 ( 14.1% ),49026036165,6060732,2
2017-01-07,884,13.6%,3315,18.1%,633080,21.1%,37.3%,2036651200,1129649800 ( 124.5% ),236394,131159 ( 124.6% ),51062687365,6297126,2
2017-01-08,866,13.4%,3186,17.9%,605177,20.7%,36.5%,1903655600,-132995600 ( -6.5% ),220974,-15420 ( -6.5% ),52966342965,6518100,2
2017-01-09,782,13.4%,2974,17.5%,557494,19.9%,11.7%,499322500,-1404333100 ( -73.8% ),65323,-155651 ( -70.4% ),53465665465,6583423,2
2017-01-10,814,13.4%,2959,17.4%,549483,19.6%,11.4%,472805800,-26516700 ( -5.3% ),62635,-2688 ( -4.1% ),53938471265,6646058,2
2017-01-11,654,11.8%,2305,13.6%,407620,14.5%,13.4%,415715100,-57090700 ( -12.1% ),54670,-7965 ( -12.7% ),54354186365,6700728,3
2017-01-12,567,10.0%,1826,10.7%,294671,10.5%,15.7%,348123100,-67592000 ( -16.3% ),46151,-8519 ( -15.6% ),54702309465,6746879,3
2017-01-13,577,9.8%,1911,10.9%,311959,10.8%,16.9%,453245300,105122200 ( 30.2% ),52777,6626 ( 14.4% ),55155554765,6799656,3
2017-01-14,648,10.5%,2001,11%,325818,10.9%,37.0%,1038500200,585254900 ( 129.1% ),120563,67786 ( 128.4% ),56194054965,6920219,3
2017-01-15,635,10.4%,1935,11%,314761,10.8%,35.3%,957634300,-80865900 ( -7.8% ),111003,-9560 ( -7.9% ),57151689265,7031222,3
2017-01-16,565,10.0%,1832,11%,298544,10.8%,12.4%,282543100,-675091200 ( -70.5% ),37009,-73994 ( -66.7% ),57434232365,7068231,3
2017-01-17,575,9.8%,1847,11%,300170,10.9%,12.0%,271458000,-11085100 ( -3.9% ),35981,-1028 ( -2.8% ),57705690365,7104212,3
2017-01-18,287,5.2%,503,2.9%,62662,2.3%,9.5%,44795700,-226662300 ( -83.5% ),5939,-30042 ( -83.5% ),57750486065,7110151,8
2017-01-19,289,5.1%,485,2.8%,59880,2.1%,8.0%,35580300,-9215400 ( -20.6% ),4799,-1140 ( -19.2% ),57786066365,7114950,8
2017-01-20,263,4.7%,453,2.6%,55314,2.0%,8.6%,40896500,5316200 ( 14.9% ),4783,-16 ( -0.3% ),57826962865,7119733,8
2017-01-21,243,4.1%,378,2.1%,46809,1.6%,16.8%,68094500,27198000 ( 66.5% ),7865,3082 ( 64.4% ),57895057365,7127598,8
2017-01-22,229,3.9%,346,2%,42020,1.5%,14.3%,51594000,-16500500 ( -24.2% ),5997,-1868 ( -23.8% ),57946651365,7133595,8
2017-01-23,236,4.4%,375,2.3%,46926,1.7%,5.5%,19232200,-32361800 ( -62.7% ),2564,-3433 ( -57.2% ),57965883565,7136159,8
2017-01-24,241,4.4%,377,2.2%,47231,1.7%,6.0%,21024900,1792700 ( 9.3% ),2824,260 ( 10.1% ),57986908465,7138983,9
2017-01-25,35,0.6%,50,0.3%,5971,0.2%,7.3%,2706500,-18318400 ( -87.1% ),436,-2388 ( -84.6% ),57989614965,7139419,22
2017-01-26,37,0.6%,54,0.3%,5874,0.2%,11.7%,4890000,2183500 ( 80.7% ),689,253 ( 58.0% ),57994504965,7140108,17
2017-01-27,46,0.7%,67,0.4%,7627,0.3%,18.2%,11611500,6721500 ( 137.5% ),1386,697 ( 101.2% ),58006116465,7141494,16
2017-01-28,40,0.6%,53,0.3%,6111,0.2%,23.4%,12098500,487000 ( 4.2% ),1430,44 ( 3.2% ),58018214965,7142924,16
2017-01-29,37,0.6%,50,0.3%,5480,0.2%,25.1%,11178000,-920500 ( -7.6% ),1375,-55 ( -3.8% ),58029392965,7144299,16
2017-01-30,37,0.6%,48,0.3%,5824,0.2%,18.9%,9015000,-2163000 ( -19.4% ),1102,-273 ( -19.9% ),58038407965,7145401,18
2017-01-31,34,0.6%,43,0.2%,5014,0.2%,7.4%,2621300,-6393700 ( -70.9% ),369,-733 ( -66.5% ),58041029265,7145770,23
2017-02-01,15,0.3%,20,0.1%,2359,0.1%,7.8%,1444500,-1176800 ( -44.9% ),185,-184 ( -49.9% ),58042473765,7145955,34
2017-02-02,33,0.6%,35,0.2%,4782,0.2%,30.6%,7771000,6326500 ( 438.0% ),1463,1278 ( 690.8% ),58050244765,7147418,14
2017-02-03,12,0.2%,15,0.1%,1929,0.1%,10.8%,1363000,-6408000 ( -82.5% ),209,-1254 ( -85.7% ),58051607765,7147627,32
2017-02-04,12,0.2%,14,0.1%,1745,0.1%,15.4%,1798100,435100 ( 31.9% ),269,60 ( 28.7% ),58053405865,7147896,30
2017-02-05,12,0.2%,13,0.1%,1975,0.1%,14.2%,1926000,127900 ( 7.1% ),281,12 ( 4.5% ),58055331865,7148177,30
2017-02-06,13,0.3%,14,0.1%,1408,0.1%,12.2%,955500,-970500 ( -50.4% ),172,-109 ( -38.8% ),58056287365,7148349,35
2017-02-07,10,0.2%,11,0.1%,1304,0.0%,14.1%,1074500,119000 ( 12.5% ),184,12 ( 7.0% ),58057361865,7148533,35
2017-02-08,7,0.1%,8,0%,744,0.0%,18.7%,749000,-325500 ( -30.3% ),139,-45 ( -24.5% ),58058110865,7148672,42
2017-02-09,4,0.1%,4,0%,381,0.0%,32.5%,624000,-125000 ( -16.7% ),124,-15 ( -10.8% ),58058734865,7148796,47
2017-02-10,5,0.1%,5,0%,457,0.0%,28.0%,662500,38500 ( 6.2% ),128,4 ( 3.2% ),58059397365,7148924,37
2017-02-11,5,0.1%,5,0%,576,0.0%,25.2%,784500,122000 ( 18.4% ),145,17 ( 13.3% ),58060181865,7149069,41
2017-02-12,5,0.1%,5,0%,576,0.0%,24.3%,788000,3500 ( 0.4% ),140,-5 ( -3.4% ),58060969865,7149209,43
2017-02-13,4,0.1%,4,0%,381,0.0%,33.9%,668000,-120000 ( -15.2% ),129,-11 ( -7.9% ),58061637865,7149338,39
2017-02-14,4,0.1%,4,0%,381,0.0%,32.3%,618000,-50000 ( -7.5% ),123,-6 ( -4.7% ),58062255865,7149461,48
2017-02-15,5,0.1%,5,0%,668,0.0%,18.6%,628000,10000 ( 1.6% ),124,1 ( 0.8% ),58062883865,7149585,42
2017-02-16,5,0.1%,5,0%,601,0.0%,22.5%,697000,69000 ( 11.0% ),135,11 ( 8.9% ),58063580865,7149720,40
2017-02-17,5,0.1%,5,0%,576,0.0%,24.0%,746000,49000 ( 7.0% ),138,3 ( 2.2% ),58064326865,7149858,41
2017-02-18,5,0.1%,5,0%,489,0.0%,26.8%,681000,-65000 ( -8.7% ),131,-7 ( -5.1% ),58065007865,7149989,43
2017-02-19,5,0.1%,5,0%,489,0.0%,31.3%,870500,189500 ( 27.8% ),153,22 ( 16.8% ),58065878365,7150142,40
2017-02-20,5,0.1%,5,0%,489,0.0%,28.0%,709000,-161500 ( -18.6% ),137,-16 ( -10.5% ),58066587365,7150279,44
2017-02-21,5,0.1%,5,0%,489,0.0%,27.0%,674500,-34500 ( -4.9% ),132,-5 ( -3.6% ),58067261865,7150411,43
2017-02-22,4,0.1%,4,0%,381,0.0%,34.1%,666000,-8500 ( -1.3% ),130,-2 ( -1.5% ),58067927865,7150541,48
2017-07-11,1,0.0%,1,0%,99,0.0%,21.2%,145500,145500 ( 100.0% ),21,21 ( 100.0% ),58068073365,7150562,73
2017-07-17,1,0.0%,1,0%,99,0.0%,24.2%,163500,163500 ( 100.0% ),24,24 ( 100.0% ),58068236865,7150586,64
