날짜,스크린수,스크린점유율,상영횟수,상영점유율,좌석수,좌석점유율,좌석판매율,매출액,매출액증감(전일대비),관객수,관객수증감(전일대비),누적매출액,누적관객수,순위
2018-07-18,1,0.0%,1,0%,414,0.0%,98.1%,3654000,3654000 ( 100.0% ),406,406 ( 100.0% ),3654000,406,22
2018-07-19,4,0.1%,4,0%,876,0.0%,100.0%,7914000,4260000 ( 116.6% ),876,470 ( 115.8% ),11568000,1282,20
2018-07-26,9,0.2%,9,0.1%,2825,0.1%,96.5%,24534000,24534000 ( 100.0% ),2726,2726 ( 100.0% ),36102000,4008,10
2018-07-28,20,0.3%,20,0.1%,2796,0.1%,95.8%,18753000,18753000 ( 100.0% ),2679,2679 ( 100.0% ),54855000,6687,9
2018-07-31,10,0.2%,10,0.1%,2006,0.1%,100.0%,20060000,20060000 ( 100.0% ),2006,2006 ( 100.0% ),74915000,8693,11
2018-08-01,6,0.1%,6,0%,1081,0.0%,46.2%,4460000,-15600000 ( -77.8% ),499,-1507 ( -75.1% ),79375000,9192,13
2018-08-02,11,0.2%,11,0.1%,2589,0.1%,99.8%,23256000,18796000 ( 421.4% ),2584,2085 ( 417.8% ),102631000,11776,10
2018-08-04,259,4.6%,419,2.2%,53033,1.8%,60.6%,289176900,289176900 ( 100.0% ),32146,32146 ( 100.0% ),391807900,43922,6
2018-08-05,264,4.7%,412,2.2%,52262,1.8%,59.9%,281510900,-7666000 ( -2.7% ),31292,-854 ( -2.7% ),673318800,75214,6
2018-08-06,1,0.0%,1,0%,414,0.0%,87.4%,3064300,-278446600 ( -98.9% ),362,-30930 ( -98.8% ),676383100,75576,18
2018-08-07,4,0.1%,5,0%,1118,0.0%,96.3%,9598500,6534200 ( 213.2% ),1077,715 ( 197.5% ),685981600,76653,12
2018-08-08,750,13.4%,3067,16.5%,438848,15.1%,33.3%,1162055100,1152456600 ( 12006.6% ),145931,144854 ( 13449.8% ),1848036700,222584,3
2018-08-09,731,12.7%,2993,16%,431144,14.7%,27.8%,960541400,-201513700 ( -17.3% ),120030,-25901 ( -17.7% ),2808578100,342614,3
2018-08-10,703,12.0%,2924,15.4%,418977,14.1%,30.3%,1133200852,172659452 ( 18.0% ),127110,7080 ( 5.9% ),3941778952,469724,3
2018-08-11,724,12.1%,2709,14%,384400,12.7%,53.7%,1843876136,710675284 ( 62.7% ),206422,79312 ( 62.4% ),5785655088,676146,3
2018-08-12,711,12.0%,2621,13.8%,370962,12.5%,50.0%,1647065900,-196810236 ( -10.7% ),185310,-21112 ( -10.2% ),7432720988,861456,3
2018-08-13,668,12.1%,2653,14.5%,373788,13.0%,27.2%,812676800,-834389100 ( -50.7% ),101551,-83759 ( -45.2% ),8245397788,963007,3
2018-08-14,704,12.1%,2662,14.3%,371456,12.7%,33.6%,998060400,185383600 ( 22.8% ),124874,23323 ( 23.0% ),9243458188,1087881,3
2018-08-15,623,9.2%,1490,7.6%,200186,6.5%,65.1%,1159794000,161733600 ( 16.2% ),130254,5380 ( 4.3% ),10403252188,1218135,5
2018-08-16,620,9.6%,1626,8.6%,223155,7.5%,29.3%,529384400,-630409600 ( -54.4% ),65332,-64922 ( -49.8% ),10932636588,1283467,4
2018-08-17,648,10.0%,1732,9.1%,239807,8.0%,29.9%,648035547,118651147 ( 22.4% ),71732,6400 ( 9.8% ),11580672135,1355199,4
2018-08-18,667,9.9%,1767,8.9%,246437,7.9%,48.4%,1088294250,440258703 ( 67.9% ),119389,47657 ( 66.4% ),12668966385,1474588,4
2018-08-19,683,10.2%,1770,9.1%,246389,8.1%,43.7%,974222300,-114071950 ( -10.5% ),107622,-11767 ( -9.9% ),13643188685,1582210,4
2018-08-20,626,10.3%,1838,10.1%,265389,9.3%,19.5%,419656200,-554566100 ( -56.9% ),51695,-55927 ( -52.0% ),14062844885,1633905,4
2018-08-21,631,10.2%,1844,10.2%,265979,9.3%,20.2%,434282100,14625900 ( 3.5% ),53826,2131 ( 4.1% ),14497126985,1687731,4
2018-08-22,505,8.8%,1478,8%,219210,7.5%,20.2%,354016400,-80265700 ( -18.5% ),44329,-9497 ( -17.6% ),14851143385,1732060,5
2018-08-23,506,8.7%,1363,7.7%,199045,7.1%,15.9%,254601900,-99414500 ( -28.1% ),31731,-12598 ( -28.4% ),15105745285,1763791,5
2018-08-24,551,9.1%,1524,8.2%,222345,7.5%,20.5%,415288600,160686700 ( 63.1% ),45494,13763 ( 43.4% ),15521033885,1809285,5
2018-08-25,568,8.8%,1647,8.3%,234473,7.5%,34.1%,726605600,311317000 ( 75.0% ),79854,34360 ( 75.5% ),16247639485,1889139,5
2018-08-26,567,9.0%,1605,8.3%,229271,7.5%,29.6%,617476900,-109128700 ( -15.0% ),67902,-11952 ( -15.0% ),16865116385,1957041,5
2018-08-27,526,9.6%,1593,9%,240161,8.5%,11.4%,219314700,-398162200 ( -64.5% ),27361,-40541 ( -59.7% ),17084431085,1984402,5
2018-08-28,530,9.5%,1564,8.9%,237052,8.5%,12.2%,227573800,8259100 ( 3.8% ),28803,1442 ( 5.3% ),17312004885,2013205,5
2018-08-29,421,7.1%,1021,5.6%,145580,5.0%,23.6%,208894300,-18679500 ( -8.2% ),34294,5491 ( 19.1% ),17520899185,2047499,7
2018-08-30,413,7.0%,1041,5.6%,150435,5.1%,14.2%,169988100,-38906200 ( -18.6% ),21332,-12962 ( -37.8% ),17690887285,2068831,7
2018-08-31,432,7.2%,1104,5.8%,156834,5.2%,16.4%,229260000,59271900 ( 34.9% ),25767,4435 ( 20.8% ),17920147285,2094598,6
2018-09-01,452,7.0%,1155,5.9%,165322,5.3%,20.3%,302190668,72930668 ( 31.8% ),33560,7793 ( 30.2% ),18222337953,2128158,6
2018-09-02,450,7.0%,1114,5.8%,159777,5.2%,19.4%,279196250,-22994418 ( -7.6% ),30967,-2593 ( -7.7% ),18501534203,2159125,7
2018-09-03,414,7.4%,1070,6.1%,162819,5.7%,7.5%,96984750,-182211500 ( -65.3% ),12286,-18681 ( -60.3% ),18598518953,2171411,5
2018-09-04,407,7.0%,1063,6%,159985,5.6%,7.7%,95244350,-1740400 ( -1.8% ),12240,-46 ( -0.4% ),18693763303,2183651,5
2018-09-05,411,7.4%,1041,5.9%,157953,5.6%,7.6%,94560250,-684100 ( -0.7% ),12031,-209 ( -1.7% ),18788323553,2195682,5
2018-09-06,325,5.6%,718,4.1%,105892,3.7%,7.8%,65846750,-28713500 ( -30.4% ),8283,-3748 ( -31.2% ),18854170303,2203965,6
2018-09-07,348,5.8%,750,4.1%,109238,3.7%,8.4%,81428950,15582200 ( 23.7% ),9208,925 ( 11.2% ),18935599253,2213173,6
2018-09-08,363,5.5%,779,4%,109733,3.5%,14.7%,145654950,64226000 ( 78.9% ),16087,6879 ( 74.7% ),19081254203,2229260,6
2018-09-09,360,5.5%,776,4%,109561,3.5%,15.5%,130278050,-15376900 ( -10.6% ),17024,937 ( 5.8% ),19211532253,2246284,6
2018-09-10,333,5.9%,707,4.2%,105799,3.8%,4.8%,40283600,-89994450 ( -69.1% ),5049,-11975 ( -70.3% ),19251815853,2251333,6
2018-09-11,352,6.1%,741,4.4%,110461,4.0%,5.4%,45928200,5644600 ( 14.0% ),6002,953 ( 18.9% ),19297744053,2257335,6
2018-09-12,165,3.2%,285,1.5%,37869,1.3%,7.6%,22365850,-23562350 ( -51.3% ),2880,-3122 ( -52.0% ),19320109903,2260215,8
2018-09-13,163,3.1%,279,1.5%,38005,1.3%,7.8%,24021150,1655300 ( 7.4% ),2982,102 ( 3.5% ),19344131053,2263197,11
2018-09-14,181,3.4%,310,1.6%,43633,1.4%,8.2%,32506600,8485450 ( 35.3% ),3578,596 ( 20.0% ),19376637653,2266775,8
2018-09-15,202,3.6%,357,1.8%,46853,1.4%,14.4%,61769200,29262600 ( 90.0% ),6761,3183 ( 89.0% ),19438406853,2273536,6
2018-09-16,203,3.6%,362,1.8%,48648,1.5%,13.5%,59718400,-2050800 ( -3.3% ),6584,-177 ( -2.6% ),19498125253,2280120,6
2018-09-17,185,3.7%,345,2%,48185,1.7%,5.6%,21351450,-38366950 ( -64.2% ),2688,-3896 ( -59.2% ),19519476703,2282808,9
2018-09-18,184,3.6%,361,2.1%,51755,1.9%,5.6%,22510950,1159500 ( 5.4% ),2880,192 ( 7.1% ),19541987653,2285688,9
2018-09-19,10,0.2%,12,0.1%,1679,0.1%,20.3%,2666300,-19844650 ( -88.2% ),340,-2540 ( -88.2% ),19544653953,2286028,16
2018-09-20,12,0.2%,14,0.1%,1725,0.1%,18.6%,2225900,-440400 ( -16.5% ),320,-20 ( -5.9% ),19546879853,2286348,21
2018-09-21,17,0.3%,20,0.1%,2400,0.1%,18.0%,3515400,1289500 ( 57.9% ),432,112 ( 35.0% ),19550395253,2286780,17
2018-09-22,12,0.2%,15,0.1%,1548,0.0%,27.1%,3290200,-225200 ( -6.4% ),420,-12 ( -2.8% ),19553685453,2287200,17
2018-09-23,18,0.3%,21,0.1%,2218,0.1%,29.4%,5547100,2256900 ( 68.6% ),652,232 ( 55.2% ),19559232553,2287852,16
2018-09-24,15,0.2%,20,0.1%,2329,0.1%,40.9%,8467300,2920200 ( 52.6% ),953,301 ( 46.2% ),19567699853,2288805,14
2018-09-25,19,0.3%,24,0.1%,2554,0.1%,42.1%,8896450,429150 ( 5.1% ),1074,121 ( 12.7% ),19576596303,2289879,14
2018-09-26,15,0.2%,21,0.1%,2366,0.1%,40.5%,6815100,-2081350 ( -23.4% ),959,-115 ( -10.7% ),19583411403,2290838,16
2018-09-27,9,0.2%,14,0.1%,1974,0.1%,9.9%,1477300,-5337800 ( -78.3% ),195,-764 ( -79.7% ),19584888703,2291033,32
2018-09-28,8,0.2%,14,0.1%,1917,0.1%,13.7%,2108900,631600 ( 42.8% ),263,68 ( 34.9% ),19586997603,2291296,25
2018-09-29,9,0.2%,13,0.1%,1305,0.0%,18.4%,2136900,28000 ( 1.3% ),240,-23 ( -8.7% ),19589134503,2291536,29
2018-09-30,11,0.2%,16,0.1%,1609,0.1%,22.6%,3008200,871300 ( 40.8% ),363,123 ( 51.3% ),19592142703,2291899,23
2018-10-01,10,0.2%,14,0.1%,1835,0.1%,6.0%,825600,-2182600 ( -72.6% ),110,-253 ( -69.7% ),19592968303,2292009,35
2018-10-02,10,0.2%,14,0.1%,1775,0.1%,9.3%,1215300,389700 ( 47.2% ),165,55 ( 50.0% ),19594183603,2292174,39
2018-10-03,7,0.1%,8,0%,804,0.0%,24.0%,1597300,382000 ( 31.4% ),193,28 ( 17.0% ),19595780903,2292367,27
2018-10-04,2,0.0%,4,0%,254,0.0%,7.1%,128300,-1469000 ( -92.0% ),18,-175 ( -90.7% ),19595909203,2292385,57
2018-10-05,3,0.1%,5,0%,580,0.0%,10.5%,496500,368200 ( 287.0% ),61,43 ( 238.9% ),19596405703,2292446,38
2018-10-06,3,0.1%,4,0%,580,0.0%,12.4%,537000,40500 ( 8.2% ),72,11 ( 18.0% ),19596942703,2292518,42
2018-10-07,3,0.1%,4,0%,450,0.0%,17.3%,673600,136600 ( 25.4% ),78,6 ( 8.3% ),19597616303,2292596,37
2018-10-08,4,0.1%,6,0%,782,0.0%,13.6%,864500,190900 ( 28.3% ),106,28 ( 35.9% ),19598480803,2292702,36
2018-10-09,3,0.1%,3,0%,256,0.0%,19.9%,416000,-448500 ( -51.9% ),51,-55 ( -51.9% ),19598896803,2292753,47
2018-10-10,3,0.1%,4,0%,336,0.0%,7.1%,173500,-242500 ( -58.3% ),24,-27 ( -52.9% ),19599070303,2292777,56
2018-10-11,3,0.1%,4,0%,247,0.0%,36.4%,785000,611500 ( 352.4% ),90,66 ( 275.0% ),19599855303,2292867,45
2018-10-12,2,0.0%,3,0%,154,0.0%,16.2%,224000,-561000 ( -71.5% ),25,-65 ( -72.2% ),19600079303,2292892,59
2018-10-13,2,0.0%,2,0%,119,0.0%,23.5%,234000,10000 ( 4.5% ),28,3 ( 12.0% ),19600313303,2292920,63
2018-10-14,2,0.0%,2,0%,119,0.0%,20.2%,185600,-48400 ( -20.7% ),24,-4 ( -14.3% ),19600498903,2292944,56
2018-10-15,2,0.0%,3,0%,370,0.0%,4.9%,147500,-38100 ( -20.5% ),18,-6 ( -25.0% ),19600646403,2292962,63
2018-10-16,3,0.1%,4,0%,601,0.0%,23.6%,755500,608000 ( 412.2% ),142,124 ( 688.9% ),19601401903,2293104,35
2018-10-17,2,0.0%,3,0%,370,0.0%,3.8%,107000,-648500 ( -85.8% ),14,-128 ( -90.1% ),19601508903,2293118,72
2018-10-18,2,0.0%,3,0%,378,0.0%,4.2%,110000,3000 ( 2.8% ),16,2 ( 14.3% ),19601618903,2293134,69
2018-10-19,2,0.0%,3,0%,378,0.0%,2.6%,89000,-21000 ( -19.1% ),10,-6 ( -37.5% ),19601707903,2293144,70
2018-10-20,2,0.0%,2,0%,172,0.0%,7.6%,103000,14000 ( 15.7% ),13,3 ( 30.0% ),19601810903,2293157,71
2018-10-21,2,0.0%,2,0%,172,0.0%,8.7%,116000,13000 ( 12.6% ),15,2 ( 15.4% ),19601926903,2293172,67
2018-10-22,2,0.0%,2,0%,162,0.0%,8.0%,95000,-21000 ( -18.1% ),13,-2 ( -13.3% ),19602021903,2293185,70
2018-10-23,2,0.0%,2,0%,292,0.0%,4.1%,102000,7000 ( 7.4% ),12,-1 ( -7.7% ),19602123903,2293197,79
2018-10-24,3,0.1%,3,0%,762,0.0%,36.4%,2451100,2349100 ( 2303.0% ),277,265 ( 2208.3% ),19604575003,2293474,26
2018-10-30,1,0.0%,1,0%,306,0.0%,18.6%,484500,484500 ( 100.0% ),57,57 ( 100.0% ),19605059503,2293531,62
2018-10-31,1,0.0%,1,0%,218,0.0%,26.1%,484500,0 ( 0.0% ),57,0 ( 0.0% ),19605544003,2293588,61
2018-11-08,1,0.0%,1,0%,248,0.0%,100.0%,1736000,1736000 ( 100.0% ),248,248 ( 100.0% ),19607280003,2293836,33
2018-12-13,1,0.0%,1,0%,413,0.0%,2.9%,60000,60000 ( 100.0% ),12,12 ( 100.0% ),19607340003,2293848,90
2018-12-15,1,0.0%,1,0%,413,0.0%,8.7%,180000,180000 ( 100.0% ),36,36 ( 100.0% ),19607520003,2293884,70
2019-12-23,1,0.0%,1,0%,112,0.0%,34.8%,278000,278000 ( 100.0% ),39,39 ( 100.0% ),19607798003,2293923,73
2019-12-24,1,0.0%,1,0%,112,0.0%,32.1%,295000,17000 ( 6.1% ),36,-3 ( -7.7% ),19608093003,2293959,81
2019-12-25,1,0.0%,1,0%,159,0.0%,52.2%,656500,361500 ( 122.5% ),83,47 ( 130.6% ),19608749503,2294042,53
2019-12-26,1,0.0%,1,0%,123,0.0%,10.6%,96000,-560500 ( -85.4% ),13,-70 ( -84.3% ),19608845503,2294055,94
2019-12-27,1,0.0%,1,0%,123,0.0%,7.3%,66000,-30000 ( -31.3% ),9,-4 ( -30.8% ),19608911503,2294064,95
2019-12-28,1,0.0%,1,0%,123,0.0%,0.0%,0,-66000 ( -100.0% ),0,-9 ( -100.0% ),19608911503,2294064,118
2019-12-29,1,0.0%,1,0%,123,0.0%,18.7%,201000,201000 ( 100.0% ),23,23 ( 100.0% ),19609112503,2294087,76
