날짜,스크린수,스크린점유율,상영횟수,상영점유율,좌석수,좌석점유율,좌석판매율,매출액,매출액증감(전일대비),관객수,관객수증감(전일대비),누적매출액,누적관객수,순위
2017-10-23,5,0.1%,6,0%,1504,0.1%,92.9%,11176000,11176000 ( 100.0% ),1397,1397 ( 100.0% ),11176000,1397,14
2017-10-31,6,0.1%,8,0%,812,0.0%,83.9%,4744500,4744500 ( 100.0% ),681,681 ( 100.0% ),15920500,2078,20
2017-11-01,1,0.0%,1,0%,160,0.0%,98.1%,1554000,-3190500 ( -67.2% ),157,-524 ( -76.9% ),17474500,2235,38
2017-11-02,238,4.5%,399,2.3%,50776,1.8%,5.6%,21924900,20370900 ( 1310.9% ),2857,2700 ( 1719.7% ),39399400,5092,9
2017-11-03,244,4.5%,392,2.2%,49434,1.7%,5.1%,21552600,-372300 ( -1.7% ),2520,-337 ( -11.8% ),60952000,7612,8
2017-11-04,224,3.8%,324,1.7%,41943,1.4%,8.0%,28115100,6562500 ( 30.4% ),3353,833 ( 33.1% ),89067100,10965,12
2017-11-05,228,3.9%,316,1.7%,40733,1.4%,7.1%,23790300,-4324800 ( -15.4% ),2896,-457 ( -13.6% ),112857400,13861,11
2017-11-06,205,4.1%,315,1.9%,39065,1.4%,4.4%,12858400,-10931900 ( -46.0% ),1707,-1189 ( -41.1% ),125715800,15568,9
2017-11-07,201,3.9%,305,1.8%,37669,1.4%,4.2%,12289700,-568700 ( -4.4% ),1586,-121 ( -7.1% ),138005500,17154,8
2017-11-08,164,3.2%,251,1.5%,30590,1.1%,5.1%,11847300,-442400 ( -3.6% ),1556,-30 ( -1.9% ),149852800,18710,9
2017-11-09,37,0.6%,55,0.3%,6275,0.2%,7.8%,3684800,-8162500 ( -68.9% ),490,-1066 ( -68.5% ),153537600,19200,23
2017-11-10,35,0.6%,55,0.3%,5612,0.2%,9.8%,5332600,1647800 ( 44.7% ),550,60 ( 12.2% ),158870200,19750,23
2017-11-11,39,0.6%,54,0.3%,6655,0.2%,25.5%,15202700,9870100 ( 185.1% ),1700,1150 ( 209.1% ),174072900,21450,17
2017-11-12,38,0.6%,51,0.3%,6560,0.2%,17.5%,9930700,-5272000 ( -34.7% ),1149,-551 ( -32.4% ),184003600,22599,17
2017-11-13,35,0.6%,59,0.3%,6540,0.2%,4.6%,2280800,-7649900 ( -77.0% ),304,-845 ( -73.5% ),186284400,22903,24
2017-11-14,36,0.6%,57,0.3%,7180,0.3%,8.3%,4627900,2347100 ( 102.9% ),593,289 ( 95.1% ),190912300,23496,21
2017-11-15,27,0.4%,42,0.2%,5038,0.2%,10.5%,3936500,-691400 ( -14.9% ),531,-62 ( -10.5% ),194848800,24027,19
2017-11-16,8,0.1%,11,0.1%,1690,0.1%,10.2%,1446000,-2490500 ( -63.3% ),172,-359 ( -67.6% ),196294800,24199,44
2017-11-17,10,0.2%,13,0.1%,1121,0.0%,14.2%,1254500,-191500 ( -13.2% ),159,-13 ( -7.6% ),197549300,24358,40
2017-11-18,8,0.1%,9,0%,1015,0.0%,8.2%,688600,-565900 ( -45.1% ),83,-76 ( -47.8% ),198237900,24441,74
2017-11-19,12,0.2%,13,0.1%,1170,0.0%,22.0%,1892000,1203400 ( 174.8% ),257,174 ( 209.6% ),200129900,24698,36
2017-11-20,15,0.3%,17,0.1%,2630,0.1%,9.0%,1550600,-341400 ( -18.0% ),238,-19 ( -7.4% ),201680500,24936,31
2017-11-21,13,0.2%,16,0.1%,2460,0.1%,4.3%,763100,-787500 ( -50.8% ),107,-131 ( -55.0% ),202443600,25043,61
2017-11-22,10,0.2%,14,0.1%,2251,0.1%,3.9%,669500,-93600 ( -12.3% ),87,-20 ( -18.7% ),203113100,25130,61
2017-11-23,9,0.2%,12,0.1%,1137,0.0%,7.6%,647500,-22000 ( -3.3% ),86,-1 ( -1.1% ),203760600,25216,66
2017-11-24,13,0.2%,17,0.1%,2440,0.1%,6.5%,1201000,553500 ( 85.5% ),158,72 ( 83.7% ),204961600,25374,40
2017-11-25,11,0.2%,12,0.1%,1922,0.1%,9.1%,1491000,290000 ( 24.1% ),175,17 ( 10.8% ),206452600,25549,42
2017-11-26,12,0.2%,13,0.1%,1274,0.0%,13.0%,1477000,-14000 ( -0.9% ),166,-9 ( -5.1% ),207929600,25715,41
2017-11-27,10,0.2%,15,0.1%,2345,0.1%,7.8%,1568000,91000 ( 6.2% ),182,16 ( 9.6% ),209497600,25897,33
2017-11-28,7,0.1%,9,0.1%,994,0.0%,3.9%,269200,-1298800 ( -82.8% ),39,-143 ( -78.6% ),209766800,25936,88
2017-11-29,9,0.2%,10,0.1%,899,0.0%,11.1%,738500,469300 ( 174.3% ),100,61 ( 156.4% ),210505300,26036,54
2017-11-30,5,0.1%,5,0%,326,0.0%,20.6%,582000,-156500 ( -21.2% ),67,-33 ( -33.0% ),211087300,26103,73
2017-12-01,6,0.1%,6,0%,501,0.0%,24.4%,1606000,1024000 ( 175.9% ),122,55 ( 82.1% ),212693300,26225,51
2017-12-02,2,0.0%,2,0%,153,0.0%,15.7%,234000,-1372000 ( -85.4% ),24,-98 ( -80.3% ),212927300,26249,112
2017-12-03,3,0.1%,4,0%,235,0.0%,21.3%,434000,200000 ( 85.5% ),50,26 ( 108.3% ),213361300,26299,86
2017-12-04,2,0.0%,2,0%,153,0.0%,3.9%,46000,-388000 ( -89.4% ),6,-44 ( -88.0% ),213407300,26305,118
2017-12-05,5,0.1%,5,0%,414,0.0%,4.3%,126000,80000 ( 173.9% ),18,12 ( 200.0% ),213533300,26323,108
2017-12-06,3,0.1%,3,0%,257,0.0%,5.1%,94000,-32000 ( -25.4% ),13,-5 ( -27.8% ),213627300,26336,114
2017-12-07,11,0.2%,21,0.1%,2217,0.1%,2.8%,463500,369500 ( 393.1% ),63,50 ( 384.6% ),214090800,26399,78
2017-12-08,2,0.0%,2,0%,176,0.0%,12.5%,217000,-246500 ( -53.2% ),22,-41 ( -65.1% ),214307800,26421,94
2017-12-09,3,0.0%,3,0%,250,0.0%,14.0%,246000,29000 ( 13.4% ),35,13 ( 59.1% ),214553800,26456,92
2017-12-10,3,0.0%,3,0%,254,0.0%,13.4%,298500,52500 ( 21.3% ),34,-1 ( -2.9% ),214852300,26490,84
2017-12-11,2,0.0%,2,0%,179,0.0%,9.5%,144000,-154500 ( -51.8% ),17,-17 ( -50.0% ),214996300,26507,79
2017-12-13,2,0.0%,2,0%,170,0.0%,37.1%,561000,561000 ( 100.0% ),63,63 ( 100.0% ),215557300,26570,71
2017-12-14,1,0.0%,2,0%,182,0.0%,3.8%,54500,-506500 ( -90.3% ),7,-56 ( -88.9% ),215611800,26577,106
2018-01-10,1,0.0%,1,0%,58,0.0%,27.6%,143000,143000 ( 100.0% ),16,16 ( 100.0% ),215754800,26593,66
2018-01-27,1,0.0%,1,0%,58,0.0%,100.0%,522000,522000 ( 100.0% ),58,58 ( 100.0% ),216276800,26651,57
