날짜,스크린수,스크린점유율,상영횟수,상영점유율,좌석수,좌석점유율,좌석판매율,매출액,매출액증감(전일대비),관객수,관객수증감(전일대비),누적매출액,누적관객수,순위
2016-07-26,6,0.1%,6,0%,1295,0.0%,100.0%,11655000,11655000 ( 100.0% ),1295,1295 ( 100.0% ),11655000,1295,13
2016-08-03,369,7.4%,676,3.8%,88494,3.0%,90.1%,552052500,552052500 ( 100.0% ),79742,79742 ( 100.0% ),563707500,81037,7
2016-08-04,447,8.5%,850,4.7%,115419,3.9%,56.4%,454115500,-97937000 ( -17.7% ),65059,-14683 ( -18.4% ),1017823000,146096,7
2016-08-05,442,8.2%,881,4.8%,122450,4.1%,39.7%,377435200,-76680300 ( -16.9% ),48612,-16447 ( -25.3% ),1395258200,194708,7
2016-08-06,413,7.5%,890,4.8%,124953,4.1%,59.1%,569705400,192270200 ( 50.9% ),73860,25248 ( 51.9% ),1964963600,268568,7
2016-08-07,399,7.4%,853,4.7%,119269,4.0%,56.9%,529824500,-39880900 ( -7.0% ),67898,-5962 ( -8.1% ),2494788100,336466,7
2016-08-08,334,6.8%,722,4.1%,96812,3.4%,26.3%,178577700,-351246800 ( -66.3% ),25508,-42390 ( -62.4% ),2673365800,361974,7
2016-08-09,340,6.7%,702,4%,92591,3.2%,27.4%,176213600,-2364100 ( -1.3% ),25333,-175 ( -0.7% ),2849579400,387307,7
2016-08-10,180,3.4%,235,1.4%,28712,1.0%,38.0%,77110400,-99103200 ( -56.2% ),10902,-14431 ( -57.0% ),2926689800,398209,9
2016-08-11,173,3.2%,231,1.3%,28594,1.0%,38.2%,76307000,-803400 ( -1.0% ),10913,11 ( 0.1% ),3002996800,409122,9
2016-08-12,177,3.2%,231,1.3%,29094,1.0%,35.7%,82263100,5956100 ( 7.8% ),10397,-516 ( -4.7% ),3085259900,419519,9
2016-08-13,203,3.3%,277,1.5%,34257,1.2%,57.1%,151216000,68952900 ( 83.8% ),19551,9154 ( 88.0% ),3236475900,439070,9
2016-08-14,207,3.4%,287,1.6%,35939,1.2%,56.0%,157494000,6278000 ( 4.2% ),20140,589 ( 3.0% ),3393969900,459210,9
2016-08-15,203,3.5%,280,1.6%,35519,1.2%,68.2%,186859000,29365000 ( 18.6% ),24217,4077 ( 20.2% ),3580828900,483427,8
2016-08-16,175,3.3%,235,1.4%,29410,1.1%,26.7%,56223200,-130635800 ( -69.9% ),7845,-16372 ( -67.6% ),3637052100,491272,9
2016-08-17,35,0.6%,42,0.3%,4540,0.2%,33.1%,10556300,-45666900 ( -81.2% ),1503,-6342 ( -80.8% ),3647608400,492775,16
2016-08-18,43,0.7%,49,0.3%,5837,0.2%,28.2%,11584000,1027700 ( 9.7% ),1647,144 ( 9.6% ),3659192400,494422,18
2016-08-19,40,0.7%,49,0.3%,5561,0.2%,29.0%,12512300,928300 ( 8.0% ),1613,-34 ( -2.1% ),3671704700,496035,17
2016-08-20,51,0.8%,66,0.4%,7210,0.2%,48.4%,26409100,13896800 ( 111.1% ),3490,1877 ( 116.4% ),3698113800,499525,17
2016-08-21,52,0.9%,67,0.4%,7437,0.3%,50.3%,28353300,1944200 ( 7.4% ),3738,248 ( 7.1% ),3726467100,503263,17
2016-08-22,44,0.8%,53,0.3%,5902,0.2%,14.2%,5958700,-22394600 ( -79.0% ),839,-2899 ( -77.6% ),3732425800,504102,20
2016-08-23,42,0.8%,50,0.3%,5512,0.2%,13.6%,5274600,-684100 ( -11.5% ),751,-88 ( -10.5% ),3737700400,504853,20
2016-08-24,26,0.5%,31,0.2%,3235,0.1%,10.6%,2533500,-2741100 ( -52.0% ),343,-408 ( -54.3% ),3740233900,505196,30
2016-08-25,19,0.3%,24,0.1%,2643,0.1%,7.9%,1447500,-1086000 ( -42.9% ),208,-135 ( -39.4% ),3741681400,505404,42
2016-08-26,20,0.3%,24,0.1%,2711,0.1%,7.3%,1629500,182000 ( 12.6% ),197,-11 ( -5.3% ),3743310900,505601,37
2016-08-27,27,0.4%,40,0.2%,4294,0.1%,22.8%,7408100,5778600 ( 354.6% ),980,783 ( 397.5% ),3750719000,506581,28
2016-08-28,26,0.4%,37,0.2%,4047,0.1%,20.9%,6591000,-817100 ( -11.0% ),844,-136 ( -13.9% ),3757310000,507425,27
2016-08-29,17,0.3%,18,0.1%,1983,0.1%,5.7%,808000,-5783000 ( -87.7% ),113,-731 ( -86.6% ),3758118000,507538,45
2016-08-30,15,0.3%,17,0.1%,1671,0.1%,6.4%,738000,-70000 ( -8.7% ),107,-6 ( -5.3% ),3758856000,507645,49
2016-08-31,3,0.0%,3,0%,323,0.0%,13.6%,242500,-495500 ( -67.1% ),44,-63 ( -58.9% ),3759098500,507689,72
2016-09-01,4,0.1%,4,0%,325,0.0%,19.1%,361500,119000 ( 49.1% ),62,18 ( 40.9% ),3759460000,507751,60
2016-09-02,5,0.1%,5,0%,688,0.0%,27.9%,1087500,726000 ( 200.8% ),192,130 ( 209.7% ),3760547500,507943,41
2016-09-03,12,0.2%,16,0.1%,1861,0.1%,10.5%,1496500,409000 ( 37.6% ),195,3 ( 1.6% ),3762044000,508138,47
2016-09-04,13,0.2%,17,0.1%,1903,0.1%,12.8%,1819500,323000 ( 21.6% ),243,48 ( 24.6% ),3763863500,508381,43
2016-09-05,3,0.1%,3,0%,519,0.0%,2.7%,106000,-1713500 ( -94.2% ),14,-229 ( -94.2% ),3763969500,508395,71
2016-09-06,3,0.1%,3,0%,319,0.0%,33.9%,590000,484000 ( 456.6% ),108,94 ( 671.4% ),3764559500,508503,55
2016-09-09,3,0.1%,3,0%,433,0.0%,69.3%,1200000,1200000 ( 100.0% ),300,300 ( 100.0% ),3765759500,508803,31
2016-11-05,1,0.0%,1,0%,165,0.0%,14.5%,143000,143000 ( 100.0% ),24,24 ( 100.0% ),3765902500,508827,79
2016-11-13,1,0.0%,1,0%,165,0.0%,9.1%,90000,90000 ( 100.0% ),15,15 ( 100.0% ),3765992500,508842,89
2016-11-21,1,0.0%,1,0%,96,0.0%,7.3%,43000,43000 ( 100.0% ),7,7 ( 100.0% ),3766035500,508849,97
2016-11-22,1,0.0%,1,0%,44,0.0%,15.9%,40000,-3000 ( -7.0% ),7,0 ( 0.0% ),3766075500,508856,114
2016-11-23,1,0.0%,1,0%,96,0.0%,7.3%,46000,6000 ( 15.0% ),7,0 ( 0.0% ),3766121500,508863,93
2016-11-24,1,0.0%,1,0%,44,0.0%,13.6%,36000,-10000 ( -21.7% ),6,-1 ( -14.3% ),3766157500,508869,103
2017-02-01,1,0.0%,1,0%,126,0.0%,31.7%,278500,278500 ( 100.0% ),40,40 ( 100.0% ),3766436000,508909,54
2017-02-02,1,0.0%,1,0%,126,0.0%,19.0%,167500,-111000 ( -39.9% ),24,-16 ( -40.0% ),3766603500,508933,67
2017-02-03,1,0.0%,1,0%,126,0.0%,14.3%,125000,-42500 ( -25.4% ),18,-6 ( -25.0% ),3766728500,508951,65
2017-02-04,1,0.0%,1,0%,126,0.0%,35.7%,317000,192000 ( 153.6% ),45,27 ( 150.0% ),3767045500,508996,54
2017-02-05,1,0.0%,1,0%,126,0.0%,23.8%,208000,-109000 ( -34.4% ),30,-15 ( -33.3% ),3767253500,509026,58
2017-02-06,1,0.0%,1,0%,108,0.0%,17.6%,133000,-75000 ( -36.1% ),19,-11 ( -36.7% ),3767386500,509045,59
2017-02-07,1,0.0%,1,0%,108,0.0%,12.0%,91000,-42000 ( -31.6% ),13,-6 ( -31.6% ),3767477500,509058,73
2017-08-26,1,0.0%,1,0%,50,0.0%,100.0%,296000,296000 ( 100.0% ),50,50 ( 100.0% ),3767773500,509108,69
2018-06-27,18,0.3%,67,0.4%,8200,0.3%,35.0%,20933500,20933500 ( 100.0% ),2866,2866 ( 100.0% ),3788707000,511974,10
2018-06-28,17,0.3%,63,0.4%,7696,0.3%,14.8%,9023500,-11910000 ( -56.9% ),1140,-1726 ( -60.2% ),3797730500,513114,13
2018-06-29,15,0.3%,56,0.3%,6760,0.2%,15.0%,9419500,396000 ( 4.4% ),1016,-124 ( -10.9% ),3807150000,514130,16
2018-06-30,17,0.3%,64,0.3%,7944,0.3%,47.0%,32633000,23213500 ( 246.4% ),3736,2720 ( 267.7% ),3839783000,517866,10
2018-07-01,17,0.3%,64,0.4%,8000,0.3%,39.5%,27812000,-4821000 ( -14.8% ),3162,-574 ( -15.4% ),3867595000,521028,10
2018-07-02,15,0.3%,52,0.3%,6356,0.2%,8.9%,4528000,-23284000 ( -83.7% ),568,-2594 ( -82.0% ),3872123000,521596,18
2018-07-03,14,0.3%,50,0.3%,6080,0.2%,12.3%,5857500,1329500 ( 29.4% ),748,180 ( 31.7% ),3877980500,522344,18
