날짜,스크린수,스크린점유율,상영횟수,상영점유율,좌석수,좌석점유율,좌석판매율,매출액,매출액증감(전일대비),관객수,관객수증감(전일대비),누적매출액,누적관객수,순위
2017-01-05,1,0.0%,1,0%,282,0.0%,100.0%,1974000,1974000 ( 100.0% ),282,282 ( 100.0% ),1974000,282,26
2017-01-08,6,0.1%,6,0%,910,0.0%,100.0%,7738000,7738000 ( 100.0% ),910,910 ( 100.0% ),9712000,1192,18
2017-01-11,16,0.3%,16,0.1%,4283,0.2%,90.8%,31044000,31044000 ( 100.0% ),3891,3891 ( 100.0% ),40756000,5083,12
2017-01-12,756,13.3%,3141,18.4%,592181,21.0%,14.3%,612702800,581658800 ( 1873.7% ),84797,80906 ( 2079.3% ),653458800,89880,2
2017-01-13,795,13.6%,3204,18.3%,595608,20.6%,14.2%,674187693,61484893 ( 10.0% ),84390,-407 ( -0.5% ),1327646493,174270,2
2017-01-14,912,14.8%,3600,19.8%,663796,22.1%,36.7%,1994310699,1320123006 ( 195.8% ),243738,159348 ( 188.8% ),3321957192,418008,2
2017-01-15,953,15.6%,3569,20.2%,656628,22.5%,38.9%,2089628500,95317801 ( 4.8% ),255212,11474 ( 4.7% ),5411585692,673220,2
2017-01-16,780,13.8%,3071,18.4%,560096,20.3%,11.5%,471774900,-1617853600 ( -77.4% ),64650,-190562 ( -74.7% ),5883360592,737870,2
2017-01-17,802,13.7%,3067,18.3%,557143,20.1%,13.8%,547783700,76008800 ( 16.1% ),76621,11971 ( 18.5% ),6431144292,814491,2
2017-01-18,593,10.8%,1380,8.1%,181212,6.5%,26.5%,336296600,-211487100 ( -38.6% ),48075,-28546 ( -37.3% ),6767440892,862566,5
2017-01-19,605,10.7%,1401,8.2%,186040,6.7%,28.5%,366566500,30269900 ( 9.0% ),53001,4926 ( 10.2% ),7134007392,915567,4
2017-01-20,618,11.0%,1436,8.3%,190018,6.7%,25.5%,374653707,8087207 ( 2.2% ),48522,-4479 ( -8.5% ),7508661099,964089,4
2017-01-21,715,12.1%,1700,9.5%,237349,8.1%,59.6%,1124354508,749700801 ( 200.1% ),141432,92910 ( 191.5% ),8633015607,1105521,3
2017-01-22,746,12.8%,1772,10.1%,246804,8.6%,58.9%,1177759800,53405292 ( 4.7% ),145485,4053 ( 2.9% ),9810775407,1251006,3
2017-01-23,637,11.9%,1573,9.4%,213737,7.9%,18.9%,288374500,-889385300 ( -75.5% ),40440,-105045 ( -72.2% ),10099149907,1291446,3
2017-01-24,640,11.6%,1593,9.5%,215820,7.9%,23.2%,346203000,57828500 ( 20.1% ),50077,9637 ( 23.8% ),10445352907,1341523,3
2017-01-25,591,9.8%,1301,7.5%,182845,6.5%,25.1%,287999500,-58203500 ( -16.8% ),45856,-4221 ( -8.4% ),10733352407,1387379,4
2017-01-26,571,9.5%,1340,7.5%,186611,6.4%,23.0%,309480100,21480600 ( 7.5% ),42954,-2902 ( -6.3% ),11042832507,1430333,4
2017-01-27,693,10.7%,1650,8.9%,238684,8.0%,37.2%,732270400,422790300 ( 136.6% ),88759,45805 ( 106.6% ),11775102907,1519092,3
2017-01-28,689,10.9%,1620,8.9%,234711,7.9%,35.5%,711520300,-20750100 ( -2.8% ),83424,-5335 ( -6.0% ),12486623207,1602516,3
2017-01-29,708,10.8%,1637,8.7%,235894,7.8%,53.5%,1047316300,335796000 ( 47.2% ),126246,42822 ( 51.3% ),13533939507,1728762,3
2017-01-30,696,10.7%,1582,8.7%,226854,7.7%,69.3%,1264342600,217026300 ( 20.7% ),157236,30990 ( 24.5% ),14798282107,1885998,3
2017-01-31,577,9.8%,1365,7.9%,189548,6.7%,24.8%,338621800,-925720800 ( -73.2% ),47046,-110190 ( -70.1% ),15136903907,1933044,4
2017-02-01,520,9.7%,1211,7.2%,169589,6.2%,13.2%,161084300,-177537500 ( -52.4% ),22344,-24702 ( -52.5% ),15297988207,1955388,4
2017-02-02,491,9.1%,1009,6%,137136,5.0%,14.0%,136237500,-24846800 ( -15.4% ),19177,-3167 ( -14.2% ),15434225707,1974565,5
2017-02-03,488,8.9%,1014,5.9%,138452,4.9%,14.2%,153447000,17209500 ( 12.6% ),19657,480 ( 2.5% ),15587672707,1994222,5
2017-02-04,562,9.4%,1197,6.7%,165016,5.7%,44.8%,591333600,437886600 ( 285.4% ),73943,54286 ( 276.2% ),16179006307,2068165,4
2017-02-05,583,9.8%,1248,7.2%,174871,6.1%,44.5%,628423400,37089800 ( 6.3% ),77871,3928 ( 5.3% ),16807429707,2146036,4
2017-02-06,467,9.1%,969,6%,132513,5.0%,8.5%,82232100,-546191300 ( -86.9% ),11293,-66578 ( -85.5% ),16889661807,2157329,5
2017-02-07,478,9.0%,978,6.1%,135014,5.1%,10.1%,93958400,11726300 ( 14.3% ),13612,2319 ( 20.5% ),16983620207,2170941,5
2017-02-08,389,7.7%,780,4.7%,105760,3.9%,11.2%,80621500,-13336900 ( -14.2% ),11805,-1807 ( -13.3% ),17064241707,2182746,6
2017-02-09,281,4.7%,364,2.1%,48981,1.8%,15.5%,51672800,-28948700 ( -35.9% ),7596,-4209 ( -35.7% ),17115914507,2190342,8
2017-02-10,285,4.7%,362,2.1%,48250,1.7%,16.0%,59218700,7545900 ( 14.6% ),7735,139 ( 1.8% ),17175133207,2198077,10
2017-02-11,390,5.9%,597,3.3%,79124,2.7%,39.6%,251662500,192443800 ( 325.0% ),31321,23586 ( 304.9% ),17426795707,2229398,8
2017-02-12,401,6.0%,599,3.4%,79685,2.7%,43.9%,283285800,31623300 ( 12.6% ),34967,3646 ( 11.6% ),17710081507,2264365,6
2017-02-13,278,4.7%,381,2.3%,51105,1.9%,10.9%,40267200,-243018600 ( -85.8% ),5571,-29396 ( -84.1% ),17750348707,2269936,9
2017-02-14,283,4.5%,380,2.3%,51087,1.8%,13.2%,47993900,7726700 ( 19.2% ),6731,1160 ( 20.8% ),17798342607,2276667,8
2017-02-15,131,2.3%,169,1%,21299,0.8%,17.7%,25427400,-22566500 ( -47.0% ),3764,-2967 ( -44.1% ),17823770007,2280431,12
2017-02-16,69,1.1%,77,0.5%,10417,0.4%,17.5%,12453300,-12974100 ( -51.0% ),1821,-1943 ( -51.6% ),17836223307,2282252,17
2017-02-17,77,1.3%,84,0.5%,11348,0.4%,18.1%,15674300,3221000 ( 25.9% ),2053,232 ( 12.7% ),17851897607,2284305,19
2017-02-18,87,1.4%,102,0.6%,13169,0.4%,43.0%,46026200,30351900 ( 193.6% ),5667,3614 ( 176.0% ),17897923807,2289972,14
2017-02-19,85,1.3%,104,0.6%,13258,0.5%,44.9%,49583700,3557500 ( 7.7% ),5953,286 ( 5.0% ),17947507507,2295925,12
2017-02-20,61,1.0%,71,0.4%,9472,0.3%,14.0%,9445000,-40138700 ( -81.0% ),1330,-4623 ( -77.7% ),17956952507,2297255,19
2017-02-21,69,1.2%,80,0.5%,11257,0.4%,17.2%,13095700,3650700 ( 38.7% ),1939,609 ( 45.8% ),17970048207,2299194,18
2017-02-22,21,0.3%,23,0.1%,3166,0.1%,28.1%,5668500,-7427200 ( -56.7% ),889,-1050 ( -54.2% ),17975716707,2300083,22
2017-02-23,18,0.3%,21,0.1%,3291,0.1%,18.6%,4420600,-1247900 ( -22.0% ),611,-278 ( -31.3% ),17980137307,2300694,29
2017-02-24,22,0.3%,25,0.1%,3813,0.1%,20.8%,6334200,1913600 ( 43.3% ),795,184 ( 30.1% ),17986471507,2301489,26
2017-02-25,30,0.4%,37,0.2%,4705,0.2%,33.3%,12978300,6644100 ( 104.9% ),1568,773 ( 97.2% ),17999449807,2303057,21
2017-02-26,34,0.5%,44,0.2%,5779,0.2%,32.3%,15076600,2098300 ( 16.2% ),1866,298 ( 19.0% ),18014526407,2304923,20
2017-02-27,20,0.3%,30,0.2%,4144,0.1%,15.7%,4506500,-10570100 ( -70.1% ),649,-1217 ( -65.2% ),18019032907,2305572,31
2017-02-28,20,0.3%,29,0.2%,4293,0.1%,18.3%,5618800,1112300 ( 24.7% ),784,135 ( 20.8% ),18024651707,2306356,28
2017-03-01,16,0.3%,19,0.1%,2629,0.1%,50.9%,11144000,5525200 ( 98.3% ),1339,555 ( 70.8% ),18035795707,2307695,23
2017-03-02,6,0.1%,7,0%,872,0.0%,9.6%,667500,-10476500 ( -94.0% ),84,-1255 ( -93.7% ),18036463207,2307779,48
2017-03-03,5,0.1%,5,0%,694,0.0%,6.1%,374500,-293000 ( -43.9% ),42,-42 ( -50.0% ),18036837707,2307821,70
2017-03-04,18,0.3%,22,0.1%,2919,0.1%,19.2%,4741200,4366700 ( 1166.0% ),560,518 ( 1233.3% ),18041578907,2308381,27
2017-03-05,18,0.3%,22,0.1%,2995,0.1%,23.3%,5785700,1044500 ( 22.0% ),698,138 ( 24.6% ),18047364607,2309079,24
2017-03-06,4,0.1%,5,0%,629,0.0%,3.8%,195000,-5590700 ( -96.6% ),24,-674 ( -96.6% ),18047559607,2309103,57
2017-03-07,3,0.1%,3,0%,342,0.0%,2.6%,70500,-124500 ( -63.8% ),9,-15 ( -62.5% ),18047630107,2309112,75
2017-03-08,3,0.1%,3,0%,348,0.0%,2.6%,64500,-6000 ( -8.5% ),9,0 ( 0.0% ),18047694607,2309121,74
2017-03-09,3,0.1%,3,0%,661,0.0%,5.1%,182500,118000 ( 182.9% ),34,25 ( 277.8% ),18047877107,2309155,63
2017-03-10,3,0.1%,3,0%,294,0.0%,16.3%,277000,94500 ( 51.8% ),48,14 ( 41.2% ),18048154107,2309203,52
2017-03-11,12,0.2%,14,0.1%,2046,0.1%,21.0%,3450800,3173800 ( 1145.8% ),430,382 ( 795.8% ),18051604907,2309633,31
2017-03-12,10,0.2%,10,0.1%,1664,0.1%,16.2%,2334400,-1116400 ( -32.4% ),269,-161 ( -37.4% ),18053939307,2309902,36
2017-03-13,3,0.1%,3,0%,407,0.0%,2.5%,70000,-2264400 ( -97.0% ),10,-259 ( -96.3% ),18054009307,2309912,65
2017-03-14,4,0.1%,4,0%,515,0.0%,5.2%,228000,158000 ( 225.7% ),27,17 ( 170.0% ),18054237307,2309939,72
2017-03-15,3,0.1%,3,0%,374,0.0%,3.2%,91500,-136500 ( -59.9% ),12,-15 ( -55.6% ),18054328807,2309951,75
2017-03-17,2,0.0%,2,0%,176,0.0%,10.2%,154500,154500 ( 100.0% ),18,18 ( 100.0% ),18054483307,2309969,67
2017-03-18,3,0.1%,3,0%,637,0.0%,5.0%,217500,63000 ( 40.8% ),32,14 ( 77.8% ),18054700807,2310001,68
2017-03-19,2,0.0%,2,0%,581,0.0%,5.2%,191000,-26500 ( -12.2% ),30,-2 ( -6.3% ),18054891807,2310031,68
2017-03-20,1,0.0%,1,0%,133,0.0%,2.3%,20500,-170500 ( -89.3% ),3,-27 ( -90.0% ),18054912307,2310034,84
2017-03-21,1,0.0%,1,0%,133,0.0%,7.5%,78000,57500 ( 280.5% ),10,7 ( 233.3% ),18054990307,2310044,87
2017-03-22,1,0.0%,1,0%,133,0.0%,7.5%,72000,-6000 ( -7.7% ),10,0 ( 0.0% ),18055062307,2310054,79
2017-10-12,1,0.0%,1,0%,206,0.0%,1.0%,18000,18000 ( 100.0% ),2,2 ( 100.0% ),18055080307,2310056,87
2017-10-13,1,0.0%,1,0%,206,0.0%,4.4%,97000,79000 ( 438.9% ),9,7 ( 350.0% ),18055177307,2310065,77
2017-10-14,1,0.0%,1,0%,206,0.0%,10.2%,201000,104000 ( 107.2% ),21,12 ( 133.3% ),18055378307,2310086,63
2017-10-15,1,0.0%,2,0%,412,0.0%,6.3%,203000,2000 ( 1.0% ),26,5 ( 23.8% ),18055581307,2310112,64
2017-10-16,1,0.0%,1,0%,206,0.0%,5.3%,99000,-104000 ( -51.2% ),11,-15 ( -57.7% ),18055680307,2310123,62
2017-10-17,1,0.0%,1,0%,206,0.0%,7.8%,140000,41000 ( 41.4% ),16,5 ( 45.5% ),18055820307,2310139,65
2017-10-18,1,0.0%,2,0%,412,0.0%,2.9%,88000,-52000 ( -37.1% ),12,-4 ( -25.0% ),18055908307,2310151,80
2017-11-02,1,0.0%,1,0%,206,0.0%,1.9%,32000,32000 ( 100.0% ),4,4 ( 100.0% ),18055940307,2310155,114
2017-11-03,1,0.0%,1,0%,206,0.0%,3.9%,70000,38000 ( 118.8% ),8,4 ( 100.0% ),18056010307,2310163,119
2017-11-04,1,0.0%,1,0%,206,0.0%,3.9%,78000,8000 ( 11.4% ),8,0 ( 0.0% ),18056088307,2310171,129
2017-11-05,1,0.0%,1,0%,206,0.0%,7.8%,170000,92000 ( 117.9% ),16,8 ( 100.0% ),18056258307,2310187,110
2017-11-06,1,0.0%,1,0%,206,0.0%,1.5%,24000,-146000 ( -85.9% ),3,-13 ( -81.3% ),18056282307,2310190,103
2017-11-07,1,0.0%,1,0%,206,0.0%,5.3%,97000,73000 ( 304.2% ),11,8 ( 266.7% ),18056379307,2310201,101
2017-11-08,1,0.0%,1,0%,206,0.0%,2.4%,38000,-59000 ( -60.8% ),5,-6 ( -54.5% ),18056417307,2310206,103
2020-02-20,3,0.1%,3,0%,360,0.0%,19.2%,479000,479000 ( 100.0% ),69,69 ( 100.0% ),18056896307,2310275,39
2020-02-21,4,0.1%,4,0%,545,0.0%,21.7%,826000,347000 ( 72.4% ),118,49 ( 71.0% ),18057722307,2310393,25
2020-02-22,4,0.1%,4,0%,785,0.0%,18.6%,1014000,188000 ( 22.8% ),146,28 ( 23.7% ),18058736307,2310539,25
2020-02-23,2,0.0%,2,0%,414,0.0%,16.4%,476000,-538000 ( -53.1% ),68,-78 ( -53.4% ),18059212307,2310607,30
2020-02-24,2,0.0%,2,0%,307,0.0%,22.5%,482500,6500 ( 1.4% ),69,1 ( 1.5% ),18059694807,2310676,22
2020-02-25,1,0.0%,1,0%,247,0.0%,15.8%,269000,-213500 ( -44.2% ),39,-30 ( -43.5% ),18059963807,2310715,33
2020-02-26,3,0.1%,3,0%,623,0.0%,7.2%,311000,42000 ( 15.6% ),45,6 ( 15.4% ),18060274807,2310760,36
2020-02-27,3,0.1%,3,0%,606,0.0%,9.9%,420000,109000 ( 35.0% ),60,15 ( 33.3% ),18060694807,2310820,29
2020-02-28,3,0.1%,3,0%,538,0.0%,11.5%,434000,14000 ( 3.3% ),62,2 ( 3.3% ),18061128807,2310882,29
2020-02-29,3,0.1%,3,0%,437,0.0%,19.2%,586000,152000 ( 35.0% ),84,22 ( 35.5% ),18061714807,2310966,33
2020-03-01,1,0.0%,1,0%,200,0.0%,26.5%,369000,-217000 ( -37.0% ),53,-31 ( -36.9% ),18062083807,2311019,34
