날짜,스크린수,스크린점유율,상영횟수,상영점유율,좌석수,좌석점유율,좌석판매율,매출액,매출액증감(전일대비),관객수,관객수증감(전일대비),누적매출액,누적관객수,순위
2016-11-21,3,0.1%,3,0%,728,0.0%,100.0%,4368000,4368000 ( 100.0% ),728,728 ( 100.0% ),4368000,728,15
2016-11-22,2,0.0%,2,0%,406,0.0%,100.0%,2436000,-1932000 ( -44.2% ),406,-322 ( -44.2% ),6804000,1134,21
2016-11-23,4,0.1%,4,0%,1005,0.0%,100.0%,8040000,5604000 ( 230.0% ),1005,599 ( 147.5% ),14844000,2139,11
2016-11-25,10,0.2%,11,0.1%,3174,0.1%,84.0%,13330000,13330000 ( 100.0% ),2666,2666 ( 100.0% ),28174000,4805,10
2016-11-28,17,0.4%,17,0.1%,3154,0.1%,32.7%,12187500,12187500 ( 100.0% ),1031,1031 ( 100.0% ),40361500,5836,13
2016-11-29,5,0.1%,5,0%,986,0.0%,81.7%,4555000,-7632500 ( -62.6% ),806,-225 ( -21.8% ),44916500,6642,19
2016-11-30,633,12.6%,2903,17.5%,446946,16.3%,31.1%,819369900,814814900 ( 17888.4% ),139198,138392 ( 17170.2% ),864286400,145840,2
2016-12-01,657,13.5%,3061,18.7%,471938,17.5%,19.1%,660844000,-158525900 ( -19.3% ),89975,-49223 ( -35.4% ),1525130400,235815,2
2016-12-02,717,14.2%,3350,19.9%,521560,18.8%,21.8%,921246670,260402670 ( 39.4% ),113814,23839 ( 26.5% ),2446377070,349629,2
2016-12-03,790,14.9%,3883,21.7%,627521,21.4%,29.8%,1583439601,662192931 ( 71.9% ),187100,73286 ( 64.4% ),4029816671,536729,2
2016-12-04,775,14.7%,3778,21.7%,608607,21.3%,27.9%,1439767800,-143671801 ( -9.1% ),169542,-17558 ( -9.4% ),5469584471,706271,2
2016-12-05,744,16.0%,3661,23%,601529,22.7%,11.9%,526351300,-913416500 ( -63.4% ),71791,-97751 ( -57.7% ),5995935771,778062,2
2016-12-06,758,15.8%,3672,23.1%,605167,22.9%,11.8%,521971500,-4379800 ( -0.8% ),71611,-180 ( -0.3% ),6517907271,849673,2
2016-12-07,533,11.1%,1955,12.5%,267768,10.4%,13.0%,257311600,-264659900 ( -50.7% ),34776,-36835 ( -51.4% ),6775218871,884449,4
2016-12-08,537,10.3%,1812,11.5%,256026,9.9%,12.5%,232126100,-25185500 ( -9.8% ),31963,-2813 ( -8.1% ),7007344971,916412,4
2016-12-09,545,10.3%,1869,11.5%,258416,9.7%,15.0%,309967102,77841002 ( 33.5% ),38879,6916 ( 21.6% ),7317312073,955291,4
2016-12-10,532,9.6%,1711,10%,232198,8.3%,22.0%,428205473,118238371 ( 38.1% ),51035,12156 ( 31.3% ),7745517546,1006326,7
2016-12-11,512,9.2%,1580,9.5%,215408,7.9%,19.9%,362131600,-66073873 ( -15.4% ),42957,-8078 ( -15.8% ),8107649146,1049283,7
2016-12-12,511,10.2%,1613,10.5%,216804,8.5%,8.8%,139714500,-222417100 ( -61.4% ),19166,-23791 ( -55.4% ),8247363646,1068449,4
2016-12-13,517,9.9%,1614,10.4%,217768,8.5%,10.0%,156845900,17131400 ( 12.3% ),21781,2615 ( 13.6% ),8404209546,1090230,4
2016-12-14,301,6.0%,727,4.6%,91682,3.5%,10.7%,70518500,-86327400 ( -55.0% ),9815,-11966 ( -54.9% ),8474728046,1100045,6
2016-12-15,279,5.3%,622,3.9%,76661,2.9%,11.4%,62727500,-7791000 ( -11.0% ),8777,-1038 ( -10.6% ),8537455546,1108822,6
2016-12-16,281,5.2%,630,3.9%,79623,3.0%,12.8%,79576056,16848556 ( 26.9% ),10160,1383 ( 15.8% ),8617031602,1118982,6
2016-12-17,241,4.1%,477,2.8%,58455,2.1%,18.7%,88223254,8647198 ( 10.9% ),10953,793 ( 7.8% ),8705254856,1129935,8
2016-12-18,236,4.0%,477,2.8%,59942,2.2%,16.0%,78159100,-10064154 ( -11.4% ),9600,-1353 ( -12.4% ),8783413956,1139535,8
2016-12-19,247,4.9%,554,3.5%,69310,2.7%,8.2%,41986800,-36172300 ( -46.3% ),5700,-3900 ( -40.6% ),8825400756,1145235,6
2016-12-20,249,4.7%,555,3.5%,68100,2.7%,9.8%,47364500,5377700 ( 12.8% ),6679,979 ( 17.2% ),8872765256,1151914,6
2016-12-21,19,0.4%,27,0.2%,3792,0.2%,6.9%,1931000,-45433500 ( -95.9% ),263,-6416 ( -96.1% ),8874696256,1152177,28
2016-12-22,6,0.1%,8,0.1%,973,0.0%,24.4%,1398000,-533000 ( -27.6% ),237,-26 ( -9.9% ),8876094256,1152414,29
2016-12-23,4,0.1%,8,0%,1007,0.0%,8.8%,770000,-628000 ( -44.9% ),89,-148 ( -62.4% ),8876864256,1152503,37
2016-12-24,7,0.1%,8,0%,1414,0.0%,11.2%,1266000,496000 ( 64.4% ),159,70 ( 78.7% ),8878130256,1152662,35
2016-12-25,5,0.1%,6,0%,1173,0.0%,10.1%,1052000,-214000 ( -16.9% ),118,-41 ( -25.8% ),8879182256,1152780,39
2016-12-26,6,0.1%,8,0.1%,1141,0.0%,13.2%,1029000,-23000 ( -2.2% ),151,33 ( 28.0% ),8880211256,1152931,34
2016-12-27,4,0.1%,5,0%,713,0.0%,16.0%,924500,-104500 ( -10.2% ),114,-37 ( -24.5% ),8881135756,1153045,35
2016-12-31,1,0.0%,1,0%,134,0.0%,47.8%,480500,480500 ( 100.0% ),64,64 ( 100.0% ),8881616256,1153109,44
2017-01-24,1,0.0%,1,0%,145,0.0%,0.0%,0,0 ( 0.0% ),0,0 ( 0.0% ),8881616256,1153109,98
2017-02-21,1,0.0%,1,0%,136,0.0%,0.0%,0,0 ( 0.0% ),0,0 ( 0.0% ),8881616256,1153109,108
2017-04-28,1,0.0%,1,0%,214,0.0%,0.0%,0,0 ( 0.0% ),0,0 ( 0.0% ),8881616256,1153109,108
2017-07-10,1,0.0%,1,0%,57,0.0%,100.0%,285000,285000 ( 100.0% ),57,57 ( 100.0% ),8881901256,1153166,44
2017-09-23,1,0.0%,1,0%,35,0.0%,100.0%,280000,280000 ( 100.0% ),35,35 ( 100.0% ),8882181256,1153201,96
2017-11-16,1,0.0%,1,0%,85,0.0%,0.0%,0,0 ( 0.0% ),0,0 ( 0.0% ),8882181256,1153201,150
2017-11-22,1,0.0%,1,0%,85,0.0%,0.0%,0,0 ( 0.0% ),0,0 ( 0.0% ),8882181256,1153201,148
2017-12-03,1,0.0%,1,0%,48,0.0%,0.0%,0,0 ( 0.0% ),0,0 ( 0.0% ),8882181256,1153201,156
