날짜,스크린수,스크린점유율,상영횟수,상영점유율,좌석수,좌석점유율,좌석판매율,매출액,매출액증감(전일대비),관객수,관객수증감(전일대비),누적매출액,누적관객수,순위
2016-11-17,1,0.0%,1,0%,189,0.0%,100.0%,1323000,1323000 ( 100.0% ),189,189 ( 100.0% ),1323000,189,39
2016-11-23,9,0.2%,9,0.1%,1263,0.1%,18.5%,4644000,4644000 ( 100.0% ),234,234 ( 100.0% ),5967000,423,29
2016-11-24,89,1.7%,141,0.9%,21195,0.8%,14.8%,59240800,54596800 ( 1175.6% ),3133,2899 ( 1238.9% ),65207800,3556,8
2016-11-25,92,1.8%,146,0.9%,22302,0.8%,14.9%,64269900,5029100 ( 8.5% ),3330,197 ( 6.3% ),129477700,6886,7
2016-11-26,100,1.9%,167,1%,25797,0.9%,20.2%,101264900,36995000 ( 57.6% ),5206,1876 ( 56.3% ),230742600,12092,9
2016-11-27,95,1.8%,158,1%,24232,0.9%,21.7%,102576900,1312000 ( 1.3% ),5255,49 ( 0.9% ),333319500,17347,9
2016-11-28,90,1.9%,150,1%,24252,1.0%,10.5%,49338000,-53238900 ( -51.9% ),2548,-2707 ( -51.5% ),382657500,19895,7
2016-11-29,94,1.9%,150,1%,23927,0.9%,12.5%,58055400,8717400 ( 17.7% ),2983,435 ( 17.1% ),440712900,22878,7
2016-11-30,61,1.2%,76,0.5%,11913,0.4%,11.0%,24915500,-33139900 ( -57.1% ),1307,-1676 ( -56.2% ),465628400,24185,14
2016-12-01,64,1.3%,78,0.5%,12127,0.4%,13.1%,30869200,5953700 ( 23.9% ),1591,284 ( 21.7% ),496497600,25776,9
2016-12-02,62,1.2%,76,0.5%,11292,0.4%,15.9%,34758700,3889500 ( 12.6% ),1795,204 ( 12.8% ),531256300,27571,9
2016-12-03,57,1.1%,77,0.4%,11719,0.4%,24.4%,56106200,21347500 ( 61.4% ),2862,1067 ( 59.4% ),587362500,30433,10
2016-12-04,60,1.1%,73,0.4%,10684,0.4%,25.0%,52344100,-3762100 ( -6.7% ),2671,-191 ( -6.7% ),639706600,33104,9
2016-12-05,60,1.3%,78,0.5%,11000,0.4%,12.7%,27508500,-24835600 ( -47.4% ),1402,-1269 ( -47.5% ),667215100,34506,10
2016-12-06,64,1.3%,82,0.5%,11493,0.4%,16.0%,36103000,8594500 ( 31.2% ),1844,442 ( 31.5% ),703318100,36350,11
2016-12-07,20,0.4%,22,0.1%,2629,0.1%,18.4%,9099000,-27004000 ( -74.8% ),483,-1361 ( -73.8% ),712417100,36833,13
2016-12-08,12,0.2%,13,0.1%,1532,0.1%,17.6%,5021000,-4078000 ( -44.8% ),270,-213 ( -44.1% ),717438100,37103,25
2016-12-09,17,0.3%,19,0.1%,2552,0.1%,17.8%,8704500,3683500 ( 73.4% ),453,183 ( 67.8% ),726142600,37556,16
2016-12-10,15,0.3%,17,0.1%,2149,0.1%,34.1%,14135600,5431100 ( 62.4% ),732,279 ( 61.6% ),740278200,38288,14
2016-12-11,16,0.3%,18,0.1%,2319,0.1%,42.0%,18835500,4699900 ( 33.2% ),973,241 ( 32.9% ),759113700,39261,12
2016-12-12,14,0.3%,20,0.1%,2263,0.1%,18.6%,8140500,-10695000 ( -56.8% ),421,-552 ( -56.7% ),767254200,39682,15
2016-12-13,14,0.3%,19,0.1%,2178,0.1%,20.1%,8288500,148000 ( 1.8% ),438,17 ( 4.0% ),775542700,40120,20
2016-12-14,8,0.2%,13,0.1%,1633,0.1%,15.6%,4940500,-3348000 ( -40.4% ),255,-183 ( -41.8% ),780483200,40375,24
2016-12-15,8,0.2%,11,0.1%,1441,0.1%,20.3%,5607500,667000 ( 13.5% ),293,38 ( 14.9% ),786090700,40668,30
2016-12-16,9,0.2%,13,0.1%,1666,0.1%,21.8%,7075500,1468000 ( 26.2% ),364,71 ( 24.2% ),793166200,41032,22
2016-12-17,9,0.2%,13,0.1%,1683,0.1%,34.5%,11204600,4129100 ( 58.4% ),581,217 ( 59.6% ),804370800,41613,19
2016-12-18,12,0.2%,15,0.1%,1820,0.1%,39.8%,13823600,2619000 ( 23.4% ),725,144 ( 24.8% ),818194400,42338,19
2016-12-19,13,0.3%,16,0.1%,2049,0.1%,19.3%,7750500,-6073100 ( -43.9% ),395,-330 ( -45.5% ),825944900,42733,21
2016-12-20,13,0.2%,17,0.1%,2155,0.1%,20.5%,8547000,796500 ( 10.3% ),442,47 ( 11.9% ),834491900,43175,21
2016-12-21,2,0.0%,4,0%,396,0.0%,25.0%,1964000,-6583000 ( -77.0% ),99,-343 ( -77.6% ),836455900,43274,50
2016-12-22,3,0.1%,6,0%,575,0.0%,26.8%,3052000,1088000 ( 55.4% ),154,55 ( 55.6% ),839507900,43428,36
2016-12-23,3,0.1%,6,0%,575,0.0%,46.1%,5266000,2214000 ( 72.5% ),265,111 ( 72.1% ),844773900,43693,24
2016-12-24,5,0.1%,6,0%,668,0.0%,62.4%,8195900,2929900 ( 55.6% ),417,152 ( 57.4% ),852969800,44110,25
2016-12-25,5,0.1%,6,0%,668,0.0%,57.8%,7653000,-542900 ( -6.6% ),386,-31 ( -7.4% ),860622800,44496,25
2016-12-26,5,0.1%,9,0.1%,998,0.0%,39.8%,7416500,-236500 ( -3.1% ),397,11 ( 2.8% ),868039300,44893,24
2016-12-27,5,0.1%,7,0%,679,0.0%,33.6%,4342000,-3074500 ( -41.5% ),228,-169 ( -42.6% ),872381300,45121,28
2016-12-28,3,0.1%,5,0%,479,0.0%,31.7%,3026000,-1316000 ( -30.3% ),152,-76 ( -33.3% ),875407300,45273,40
2016-12-29,3,0.1%,6,0%,641,0.0%,31.0%,3954000,928000 ( 30.7% ),199,47 ( 30.9% ),879361300,45472,37
2016-12-30,4,0.1%,7,0%,623,0.0%,49.8%,5989500,2035500 ( 51.5% ),310,111 ( 55.8% ),885350800,45782,29
2016-12-31,4,0.1%,6,0%,693,0.0%,43.0%,5867500,-122000 ( -2.0% ),298,-12 ( -3.9% ),891218300,46080,26
2017-01-01,4,0.1%,6,0%,693,0.0%,37.8%,5128200,-739300 ( -12.6% ),262,-36 ( -12.1% ),896346500,46342,23
2017-01-02,3,0.1%,7,0%,671,0.0%,18.3%,2429500,-2698700 ( -52.6% ),123,-139 ( -53.1% ),898776000,46465,34
2017-01-03,4,0.1%,7,0%,775,0.0%,15.1%,2309000,-120500 ( -5.0% ),117,-6 ( -4.9% ),901085000,46582,44
2017-01-04,2,0.0%,5,0%,478,0.0%,22.8%,2134000,-175000 ( -7.6% ),109,-8 ( -6.8% ),903219000,46691,35
2017-01-05,2,0.0%,4,0%,382,0.0%,15.7%,1186000,-948000 ( -44.4% ),60,-49 ( -45.0% ),904405000,46751,43
2017-01-06,3,0.0%,6,0%,678,0.0%,12.4%,1660000,474000 ( 40.0% ),84,24 ( 40.0% ),906065000,46835,40
2017-01-07,2,0.0%,4,0%,382,0.0%,36.4%,2758000,1098000 ( 66.1% ),139,55 ( 65.5% ),908823000,46974,33
2017-01-08,3,0.0%,5,0%,582,0.0%,35.9%,4097000,1339000 ( 48.5% ),209,70 ( 50.4% ),912920000,47183,29
2017-01-09,2,0.0%,5,0%,478,0.0%,9.8%,933500,-3163500 ( -77.2% ),47,-162 ( -77.5% ),913853500,47230,42
2017-01-10,3,0.0%,6,0%,678,0.0%,12.2%,1577000,643500 ( 68.9% ),83,36 ( 76.6% ),915430500,47313,46
2017-01-11,2,0.0%,5,0%,478,0.0%,12.8%,1185000,-392000 ( -24.9% ),61,-22 ( -26.5% ),916615500,47374,52
2017-01-12,3,0.1%,3,0%,385,0.0%,53.5%,3139000,1954000 ( 164.9% ),206,145 ( 237.7% ),919754500,47580,35
2017-01-13,3,0.1%,3,0%,390,0.0%,13.1%,974500,-2164500 ( -69.0% ),51,-155 ( -75.2% ),920729000,47631,40
2017-01-14,1,0.0%,1,0%,94,0.0%,56.4%,1057500,83000 ( 8.5% ),53,2 ( 3.9% ),921786500,47684,47
2017-01-15,2,0.0%,2,0%,294,0.0%,31.3%,1802000,744500 ( 70.4% ),92,39 ( 73.6% ),923588500,47776,36
2017-01-16,1,0.0%,1,0%,96,0.0%,8.3%,160000,-1642000 ( -91.1% ),8,-84 ( -91.3% ),923748500,47784,56
2017-01-17,2,0.0%,2,0%,296,0.0%,5.7%,325000,165000 ( 103.1% ),17,9 ( 112.5% ),924073500,47801,70
2017-01-18,2,0.0%,3,0%,286,0.0%,16.1%,908000,583000 ( 179.4% ),46,29 ( 170.6% ),924981500,47847,52
2017-01-19,1,0.0%,1,0%,96,0.0%,9.4%,180000,-728000 ( -80.2% ),9,-37 ( -80.4% ),925161500,47856,72
2017-01-20,2,0.0%,3,0%,392,0.0%,11.0%,844000,664000 ( 368.9% ),43,34 ( 377.8% ),926005500,47899,51
2017-01-22,1,0.0%,1,0%,200,0.0%,13.5%,536000,536000 ( 100.0% ),27,27 ( 100.0% ),926541500,47926,59
2017-01-23,1,0.0%,2,0%,192,0.0%,6.8%,260000,-276000 ( -51.5% ),13,-14 ( -51.9% ),926801500,47939,62
2017-01-24,1,0.0%,1,0%,96,0.0%,10.4%,196000,-64000 ( -24.6% ),10,-3 ( -23.1% ),926997500,47949,77
2017-01-25,2,0.0%,3,0%,392,0.0%,17.9%,813000,617000 ( 314.8% ),70,60 ( 600.0% ),927810500,48019,53
2017-01-26,1,0.0%,2,0%,192,0.0%,5.7%,214000,-599000 ( -73.7% ),11,-59 ( -84.3% ),928024500,48030,61
2017-01-27,1,0.0%,1,0%,200,0.0%,22.0%,815000,601000 ( 280.8% ),44,33 ( 300.0% ),928839500,48074,49
2017-01-29,1,0.0%,1,0%,200,0.0%,20.5%,796000,796000 ( 100.0% ),41,41 ( 100.0% ),929635500,48115,52
2017-01-30,1,0.0%,1,0%,96,0.0%,9.4%,180000,-616000 ( -77.4% ),9,-32 ( -78.0% ),929815500,48124,63
2017-01-31,2,0.0%,4,0%,488,0.0%,11.9%,1135000,955000 ( 530.6% ),58,49 ( 544.4% ),930950500,48182,49
2017-02-01,1,0.0%,2,0%,192,0.0%,6.3%,240000,-895000 ( -78.9% ),12,-46 ( -79.3% ),931190500,48194,68
2017-02-02,1,0.0%,1,0%,96,0.0%,1.0%,20000,-220000 ( -91.7% ),1,-11 ( -91.7% ),931210500,48195,91
2017-02-03,1,0.0%,1,0%,200,0.0%,10.5%,395000,375000 ( 1875.0% ),21,20 ( 2000.0% ),931605500,48216,63
2017-02-04,1,0.0%,1,0%,96,0.0%,7.3%,140000,-255000 ( -64.6% ),7,-14 ( -66.7% ),931745500,48223,72
2017-02-05,2,0.0%,2,0%,296,0.0%,22.3%,1270000,1130000 ( 807.1% ),66,59 ( 842.9% ),933015500,48289,43
2017-02-06,1,0.0%,3,0%,288,0.0%,4.9%,280000,-990000 ( -78.0% ),14,-52 ( -78.8% ),933295500,48303,61
2017-02-07,2,0.0%,3,0%,392,0.0%,3.1%,236000,-44000 ( -15.7% ),12,-2 ( -14.3% ),933531500,48315,75
2017-02-08,1,0.0%,2,0%,192,0.0%,1.6%,60000,-176000 ( -74.6% ),3,-9 ( -75.0% ),933591500,48318,80
2017-02-09,1,0.0%,3,0%,288,0.0%,4.9%,278000,218000 ( 363.3% ),14,11 ( 366.7% ),933869500,48332,78
2017-02-10,2,0.0%,4,0%,488,0.0%,5.9%,576000,298000 ( 107.2% ),29,15 ( 107.1% ),934445500,48361,59
2017-02-12,1,0.0%,1,0%,200,0.0%,19.5%,481000,481000 ( 100.0% ),39,39 ( 100.0% ),934926500,48400,60
2017-02-13,1,0.0%,3,0%,288,0.0%,5.2%,298000,-183000 ( -38.0% ),15,-24 ( -61.5% ),935224500,48415,65
2017-02-14,2,0.0%,3,0%,392,0.0%,5.6%,440000,142000 ( 47.7% ),22,7 ( 46.7% ),935664500,48437,77
2017-02-15,1,0.0%,2,0%,192,0.0%,4.2%,158000,-282000 ( -64.1% ),8,-14 ( -63.6% ),935822500,48445,82
2017-02-16,1,0.0%,3,0%,288,0.0%,3.8%,220000,62000 ( 39.2% ),11,3 ( 37.5% ),936042500,48456,81
2017-02-17,2,0.0%,3,0%,392,0.0%,6.6%,495000,275000 ( 125.0% ),26,15 ( 136.4% ),936537500,48482,73
2017-02-18,1,0.0%,1,0%,96,0.0%,20.8%,400000,-95000 ( -19.2% ),20,-6 ( -23.1% ),936937500,48502,85
2017-02-19,2,0.0%,2,0%,296,0.0%,13.5%,774000,374000 ( 93.5% ),40,20 ( 100.0% ),937711500,48542,68
2017-02-20,1,0.0%,2,0%,192,0.0%,5.7%,220000,-554000 ( -71.6% ),11,-29 ( -72.5% ),937931500,48553,73
2017-02-21,2,0.0%,4,0%,488,0.0%,2.5%,240000,20000 ( 9.1% ),12,1 ( 9.1% ),938171500,48565,86
2017-02-22,1,0.0%,1,0%,96,0.0%,1.0%,20000,-220000 ( -91.7% ),1,-11 ( -91.7% ),938191500,48566,94
2017-02-23,1,0.0%,2,0%,192,0.0%,2.1%,80000,60000 ( 300.0% ),4,3 ( 300.0% ),938271500,48570,88
2017-02-24,2,0.0%,3,0%,392,0.0%,5.9%,460000,380000 ( 475.0% ),23,19 ( 475.0% ),938731500,48593,69
2017-02-25,1,0.0%,1,0%,96,0.0%,12.5%,240000,-220000 ( -47.8% ),12,-11 ( -47.8% ),938971500,48605,82
2017-02-26,2,0.0%,2,0%,296,0.0%,11.8%,647000,407000 ( 169.6% ),35,23 ( 191.7% ),939618500,48640,64
2017-02-27,1,0.0%,1,0%,96,0.0%,5.2%,100000,-547000 ( -84.5% ),5,-30 ( -85.7% ),939718500,48645,87
2017-02-28,2,0.0%,3,0%,392,0.0%,2.8%,218000,118000 ( 118.0% ),11,6 ( 120.0% ),939936500,48656,86
2017-03-01,1,0.0%,1,0%,96,0.0%,21.9%,420000,202000 ( 92.7% ),21,10 ( 90.9% ),940356500,48677,71
2017-03-02,1,0.0%,2,0%,192,0.0%,4.2%,160000,-260000 ( -61.9% ),8,-13 ( -61.9% ),940516500,48685,73
2017-03-03,2,0.0%,2,0%,296,0.0%,3.0%,180000,20000 ( 12.5% ),9,1 ( 12.5% ),940696500,48694,90
2017-03-04,1,0.0%,1,0%,96,0.0%,11.5%,220000,40000 ( 22.2% ),11,2 ( 22.2% ),940916500,48705,89
2017-03-05,2,0.0%,2,0%,296,0.0%,10.5%,618000,398000 ( 180.9% ),31,20 ( 181.8% ),941534500,48736,73
2017-03-06,1,0.0%,1,0%,96,0.0%,7.3%,140000,-478000 ( -77.3% ),7,-24 ( -77.4% ),941674500,48743,71
2017-03-07,2,0.0%,3,0%,392,0.0%,2.6%,200000,60000 ( 42.9% ),10,3 ( 42.9% ),941874500,48753,73
2017-03-08,1,0.0%,1,0%,96,0.0%,7.3%,140000,-60000 ( -30.0% ),7,-3 ( -30.0% ),942014500,48760,80
2017-03-09,1,0.0%,2,0%,192,0.0%,1.0%,40000,-100000 ( -71.4% ),2,-5 ( -71.4% ),942054500,48762,101
2017-03-10,2,0.0%,3,0%,392,0.0%,4.6%,360000,320000 ( 800.0% ),18,16 ( 800.0% ),942414500,48780,65
2017-03-11,1,0.0%,1,0%,96,0.0%,11.5%,220000,-140000 ( -38.9% ),11,-7 ( -38.9% ),942634500,48791,83
2017-03-12,2,0.0%,2,0%,296,0.0%,11.1%,647000,427000 ( 194.1% ),33,22 ( 200.0% ),943281500,48824,64
2017-03-13,1,0.0%,1,0%,96,0.0%,5.2%,100000,-547000 ( -84.5% ),5,-28 ( -84.8% ),943381500,48829,74
2017-03-14,1,0.0%,2,0%,192,0.0%,4.2%,160000,60000 ( 60.0% ),8,3 ( 60.0% ),943541500,48837,87
2017-03-15,1,0.0%,3,0%,288,0.0%,6.6%,380000,220000 ( 137.5% ),19,11 ( 137.5% ),943921500,48856,71
2017-03-17,1,0.0%,1,0%,200,0.0%,4.5%,167000,167000 ( 100.0% ),9,9 ( 100.0% ),944088500,48865,79
2017-03-18,1,0.0%,1,0%,96,0.0%,7.3%,140000,-27000 ( -16.2% ),7,-2 ( -22.2% ),944228500,48872,95
2017-03-19,2,0.0%,2,0%,296,0.0%,8.1%,441000,301000 ( 215.0% ),24,17 ( 242.9% ),944669500,48896,72
2017-03-21,1,0.0%,1,0%,200,0.0%,2.0%,80000,80000 ( 100.0% ),4,4 ( 100.0% ),944749500,48900,104
2017-03-24,1,0.0%,1,0%,200,0.0%,2.5%,100000,100000 ( 100.0% ),5,5 ( 100.0% ),944849500,48905,99
2017-03-26,1,0.0%,1,0%,200,0.0%,6.0%,225000,225000 ( 100.0% ),12,12 ( 100.0% ),945074500,48917,95
2017-03-28,1,0.0%,1,0%,200,0.0%,1.0%,40000,40000 ( 100.0% ),2,2 ( 100.0% ),945114500,48919,129
2017-03-31,1,0.0%,1,0%,200,0.0%,6.0%,212000,212000 ( 100.0% ),12,12 ( 100.0% ),945326500,48931,78
