날짜,스크린수,스크린점유율,상영횟수,상영점유율,좌석수,좌석점유율,좌석판매율,매출액,매출액증감(전일대비),관객수,관객수증감(전일대비),누적매출액,누적관객수,순위
2016-09-21,1,0.0%,1,0%,213,0.0%,96.2%,1435000,1435000 ( 100.0% ),205,205 ( 100.0% ),1435000,205,34
2016-09-22,4,0.1%,6,0%,1256,0.1%,92.9%,8320000,6885000 ( 479.8% ),1167,962 ( 469.3% ),9755000,1372,17
2016-09-26,3,0.1%,5,0%,1008,0.0%,82.3%,7470000,7470000 ( 100.0% ),830,830 ( 100.0% ),17225000,2202,16
2016-09-27,5,0.1%,5,0%,1007,0.0%,100.0%,8056000,586000 ( 7.8% ),1007,177 ( 21.3% ),25281000,3209,14
2016-09-28,480,10.1%,1890,12.6%,272493,11.0%,29.6%,483198800,475142800 ( 5898.0% ),80715,79708 ( 7915.4% ),508479800,83924,2
2016-09-29,497,10.4%,1997,12.9%,292111,11.4%,21.5%,464766100,-18432700 ( -3.8% ),62830,-17885 ( -22.2% ),973245900,146754,2
2016-09-30,553,11.2%,2144,13.4%,314610,12.0%,32.0%,802712932,337946832 ( 72.7% ),100537,37707 ( 60.0% ),1775958832,247291,2
2016-10-01,683,12.1%,2561,15.1%,395336,14.3%,54.0%,1776555310,973842378 ( 121.3% ),213328,112791 ( 112.2% ),3552514142,460619,2
2016-10-02,810,14.1%,2915,17.1%,454595,16.4%,62.0%,2351243050,574687740 ( 32.3% ),281841,68513 ( 32.1% ),5903757192,742460,2
2016-10-03,904,15.8%,3181,19.4%,512939,19.1%,60.7%,2576363200,225120150 ( 9.6% ),311381,29540 ( 10.5% ),8480120392,1053841,1
2016-10-04,701,15.0%,2986,19.7%,510746,20.4%,21.3%,820351900,-1756011300 ( -68.2% ),108590,-202791 ( -65.1% ),9300472292,1162431,1
2016-10-05,740,16.0%,3212,20.7%,620877,24.2%,14.7%,701705700,-118646200 ( -14.5% ),91524,-17066 ( -15.7% ),10002177992,1253955,1
2016-10-06,736,14.6%,3202,20.4%,638573,24.6%,13.1%,640207600,-61498100 ( -8.8% ),83436,-8088 ( -8.8% ),10642385592,1337391,1
2016-10-07,801,15.4%,3466,21.5%,691530,26.1%,21.6%,1242624595,602416995 ( 94.1% ),149549,66113 ( 79.2% ),11885010187,1486940,1
2016-10-08,899,14.9%,3975,23.2%,795664,28.4%,34.5%,2335024777,1092400182 ( 87.9% ),274899,125350 ( 83.8% ),14220034964,1761839,1
2016-10-09,899,15.0%,3898,23.4%,781929,28.7%,30.2%,1995901800,-339122977 ( -14.5% ),236247,-38652 ( -14.1% ),16215936764,1998086,1
2016-10-10,767,16.0%,3446,22.8%,708854,28.2%,9.1%,491161400,-1504740400 ( -75.4% ),64656,-171591 ( -72.6% ),16707098164,2062742,1
2016-10-11,790,16.3%,3444,23%,708216,28.5%,8.4%,442119100,-49042300 ( -10.0% ),59671,-4985 ( -7.7% ),17149217264,2122413,1
2016-10-12,795,16.3%,3458,22.9%,713797,28.4%,8.7%,401634000,-40485100 ( -9.2% ),62371,2700 ( 4.5% ),17550851264,2184784,1
2016-10-13,597,12.1%,2421,15.5%,456563,17.6%,7.6%,259926000,-141708000 ( -35.3% ),34616,-27755 ( -44.5% ),17810777264,2219400,2
2016-10-14,623,12.2%,2556,15.7%,476254,17.7%,11.9%,453639572,193713572 ( 74.5% ),56681,22065 ( 63.7% ),18264416836,2276081,2
2016-10-15,649,11.4%,2811,16%,497474,17.2%,22.7%,947852300,494212728 ( 108.9% ),113149,56468 ( 99.6% ),19212269136,2389230,2
2016-10-16,623,11.0%,2671,15.6%,475478,16.8%,21.5%,855459050,-92393250 ( -9.7% ),102417,-10732 ( -9.5% ),20067728186,2491647,2
2016-10-17,544,11.2%,2200,14.2%,408932,15.8%,4.8%,149868100,-705590950 ( -82.5% ),19801,-82616 ( -80.7% ),20217596286,2511448,2
2016-10-18,556,11.1%,2154,14%,398199,15.5%,4.9%,144460000,-5408100 ( -3.6% ),19500,-301 ( -1.5% ),20362056286,2530948,2
2016-10-19,409,8.0%,1152,7.6%,180340,7.1%,7.5%,96841700,-47618300 ( -33.0% ),13522,-5978 ( -30.7% ),20458897986,2544470,3
2016-10-20,403,8.1%,993,6.4%,154148,5.9%,7.9%,90326400,-6515300 ( -6.7% ),12166,-1356 ( -10.0% ),20549224386,2556636,3
2016-10-21,432,8.3%,1073,6.6%,159201,5.9%,13.6%,170085300,79758900 ( 88.3% ),21674,9508 ( 78.2% ),20719309686,2578310,3
2016-10-22,468,8.3%,1203,6.9%,167267,5.8%,26.9%,369971600,199886300 ( 117.5% ),45005,23331 ( 107.6% ),21089281286,2623315,3
2016-10-23,461,8.3%,1153,6.8%,160228,5.8%,27.0%,357015500,-12956100 ( -3.5% ),43262,-1743 ( -3.9% ),21446296786,2666577,3
2016-10-24,402,8.4%,1038,6.8%,158150,6.2%,5.9%,70741000,-286274500 ( -80.2% ),9370,-33892 ( -78.3% ),21517037786,2675947,3
2016-10-25,396,6.5%,829,5.3%,127485,4.9%,5.1%,48453800,-22287200 ( -31.5% ),6555,-2815 ( -30.0% ),21565491586,2682502,4
2016-10-26,178,4.0%,284,1.7%,38660,1.4%,10.4%,23763100,-24690700 ( -51.0% ),4016,-2539 ( -38.7% ),21589254686,2686518,6
2016-10-27,164,3.6%,256,1.6%,34389,1.3%,6.1%,15547500,-8215600 ( -34.6% ),2112,-1904 ( -47.4% ),21604802186,2688630,6
2016-10-28,173,3.8%,259,1.5%,34260,1.2%,9.1%,25084900,9537400 ( 61.3% ),3130,1018 ( 48.2% ),21629887086,2691760,6
2016-10-29,180,3.8%,252,1.4%,32037,1.1%,21.3%,55818400,30733500 ( 122.5% ),6809,3679 ( 117.5% ),21685705486,2698569,6
2016-10-30,168,3.6%,236,1.4%,29620,1.0%,22.2%,53330400,-2488000 ( -4.5% ),6584,-225 ( -3.3% ),21739035886,2705153,6
2016-10-31,155,3.6%,236,1.5%,32063,1.2%,5.7%,13100000,-40230400 ( -75.4% ),1819,-4765 ( -72.4% ),21752135886,2706972,7
2016-11-01,151,3.5%,228,1.4%,31264,1.2%,5.1%,11566000,-1534000 ( -11.7% ),1587,-232 ( -12.8% ),21763701886,2708559,10
2016-11-02,126,3.0%,194,1.2%,27721,1.1%,5.1%,10434500,-1131500 ( -9.8% ),1426,-161 ( -10.1% ),21774136386,2709985,11
2016-11-03,40,0.9%,54,0.3%,7503,0.3%,7.6%,4122500,-6312000 ( -60.5% ),568,-858 ( -60.2% ),21778258886,2710553,19
2016-11-04,42,0.9%,61,0.4%,8796,0.3%,10.1%,6976900,2854400 ( 69.2% ),891,323 ( 56.9% ),21785235786,2711444,18
2016-11-05,49,0.9%,67,0.4%,8562,0.3%,23.9%,17585700,10608800 ( 152.1% ),2050,1159 ( 130.1% ),21802821486,2713494,14
2016-11-06,54,1.0%,72,0.4%,9284,0.3%,24.2%,19034300,1448600 ( 8.2% ),2243,193 ( 9.4% ),21821855786,2715737,14
2016-11-07,42,0.9%,60,0.4%,8774,0.3%,5.4%,3613800,-15420500 ( -81.0% ),473,-1770 ( -78.9% ),21825469586,2716210,17
2016-11-08,41,0.9%,58,0.4%,8836,0.3%,5.1%,3374000,-239800 ( -6.6% ),447,-26 ( -5.5% ),21828843586,2716657,18
2016-11-09,18,0.4%,25,0.2%,4276,0.2%,8.7%,2739000,-635000 ( -18.8% ),374,-73 ( -16.3% ),21831582586,2717031,23
2016-11-10,7,0.1%,8,0.1%,1201,0.0%,6.7%,554500,-2184500 ( -79.8% ),81,-293 ( -78.3% ),21832137086,2717112,55
2016-11-11,6,0.1%,7,0%,949,0.0%,3.9%,301500,-253000 ( -45.6% ),37,-44 ( -54.3% ),21832438586,2717149,73
2016-11-12,8,0.2%,11,0.1%,1397,0.0%,24.1%,2956000,2654500 ( 880.4% ),337,300 ( 810.8% ),21835394586,2717486,27
2016-11-13,7,0.1%,11,0.1%,1359,0.0%,28.0%,3493000,537000 ( 18.2% ),380,43 ( 12.8% ),21838887586,2717866,25
2016-11-14,6,0.1%,6,0%,685,0.0%,10.1%,550000,-2943000 ( -84.3% ),69,-311 ( -81.8% ),21839437586,2717935,50
2016-11-15,4,0.1%,4,0%,421,0.0%,5.5%,177000,-373000 ( -67.8% ),23,-46 ( -66.7% ),21839614586,2717958,80
2016-11-16,1,0.0%,1,0%,108,0.0%,9.3%,80000,-97000 ( -54.8% ),10,-13 ( -56.5% ),21839694586,2717968,111
2016-11-17,1,0.0%,1,0%,108,0.0%,9.3%,80000,0 ( 0.0% ),10,0 ( 0.0% ),21839774586,2717978,101
2016-11-18,1,0.0%,1,0%,108,0.0%,9.3%,80000,0 ( 0.0% ),10,0 ( 0.0% ),21839854586,2717988,104
2016-11-19,1,0.0%,1,0%,108,0.0%,23.1%,200000,120000 ( 150.0% ),25,15 ( 150.0% ),21840054586,2718013,90
2016-11-20,1,0.0%,1,0%,108,0.0%,23.1%,200000,0 ( 0.0% ),25,0 ( 0.0% ),21840254586,2718038,80
2016-11-21,1,0.0%,1,0%,108,0.0%,9.3%,80000,-120000 ( -60.0% ),10,-15 ( -60.0% ),21840334586,2718048,92
2016-11-22,1,0.0%,1,0%,108,0.0%,9.3%,80000,0 ( 0.0% ),10,0 ( 0.0% ),21840414586,2718058,108
2016-11-23,1,0.0%,1,0%,137,0.0%,7.3%,80000,0 ( 0.0% ),10,0 ( 0.0% ),21840494586,2718068,91
2016-11-24,1,0.0%,1,0%,137,0.0%,7.3%,80000,0 ( 0.0% ),10,0 ( 0.0% ),21840574586,2718078,98
2016-11-25,2,0.0%,3,0%,905,0.0%,1.1%,80000,0 ( 0.0% ),10,0 ( 0.0% ),21840654586,2718088,93
2016-11-26,1,0.0%,1,0%,137,0.0%,18.2%,200000,120000 ( 150.0% ),25,15 ( 150.0% ),21840854586,2718113,95
2016-11-27,1,0.0%,1,0%,137,0.0%,18.2%,200000,0 ( 0.0% ),25,0 ( 0.0% ),21841054586,2718138,78
2016-11-28,1,0.0%,1,0%,137,0.0%,7.3%,80000,-120000 ( -60.0% ),10,-15 ( -60.0% ),21841134586,2718148,73
2016-11-29,1,0.0%,1,0%,137,0.0%,7.3%,80000,0 ( 0.0% ),10,0 ( 0.0% ),21841214586,2718158,97
