날짜,스크린수,스크린점유율,상영횟수,상영점유율,좌석수,좌석점유율,좌석판매율,매출액,매출액증감(전일대비),관객수,관객수증감(전일대비),누적매출액,누적관객수,순위
2017-10-17,3,0.1%,3,0%,403,0.0%,74.4%,2400000,2400000 ( 100.0% ),300,300 ( 100.0% ),2400000,300,24
2017-10-18,2,0.0%,2,0%,334,0.0%,59.9%,1600000,-800000 ( -33.3% ),200,-100 ( -33.3% ),4000000,500,32
2017-10-19,1,0.0%,1,0%,218,0.0%,100.0%,1744000,144000 ( 9.0% ),218,18 ( 9.0% ),5744000,718,30
2017-10-20,1,0.0%,1,0%,229,0.0%,43.7%,800000,-944000 ( -54.1% ),100,-118 ( -54.1% ),6544000,818,43
2017-10-21,1,0.0%,1,0%,247,0.0%,100.0%,2223000,1423000 ( 177.9% ),247,147 ( 147.0% ),8767000,1065,32
2017-10-23,5,0.1%,5,0%,699,0.0%,71.5%,4000000,4000000 ( 100.0% ),500,500 ( 100.0% ),12767000,1565,21
2017-10-24,5,0.1%,5,0%,769,0.0%,64.2%,3932000,-68000 ( -1.7% ),494,-6 ( -1.2% ),16699000,2059,22
2017-10-25,2,0.0%,2,0%,411,0.0%,53.8%,1762000,-2170000 ( -55.2% ),221,-273 ( -55.3% ),18461000,2280,31
2017-10-26,125,2.3%,132,0.8%,16041,0.6%,3.5%,3663000,1901000 ( 107.9% ),559,338 ( 152.9% ),22124000,2839,23
2017-10-27,150,2.8%,162,0.9%,19113,0.7%,5.6%,7099000,3436000 ( 93.8% ),1071,512 ( 91.6% ),29223000,3910,13
2017-10-28,287,5.1%,376,2.1%,44299,1.5%,15.4%,48890700,41791700 ( 588.7% ),6840,5769 ( 538.7% ),78113700,10750,7
2017-10-29,293,5.2%,388,2.2%,46150,1.6%,13.4%,45217400,-3673300 ( -7.5% ),6182,-658 ( -9.6% ),123331100,16932,8
2017-10-30,121,2.4%,137,0.8%,15988,0.6%,4.6%,4721000,-40496400 ( -89.6% ),740,-5442 ( -88.0% ),128052100,17672,15
2017-10-31,121,2.3%,128,0.8%,15887,0.6%,5.4%,5318500,597500 ( 12.7% ),855,115 ( 15.5% ),133370600,18527,17
2017-11-01,118,2.3%,134,0.8%,16806,0.6%,6.3%,6336000,1017500 ( 19.1% ),1051,196 ( 22.9% ),139706600,19578,14
2017-11-02,16,0.3%,17,0.1%,1535,0.1%,31.8%,2653500,-3682500 ( -58.1% ),488,-563 ( -53.6% ),142360100,20066,22
2017-11-03,17,0.3%,17,0.1%,1602,0.1%,12.1%,1132000,-1521500 ( -57.3% ),194,-294 ( -60.2% ),143492100,20260,36
2017-11-04,58,1.0%,69,0.4%,7083,0.2%,18.9%,8733000,7601000 ( 671.5% ),1340,1146 ( 590.7% ),152225100,21600,19
2017-11-05,57,1.0%,66,0.4%,6349,0.2%,17.8%,7827800,-905200 ( -10.4% ),1133,-207 ( -15.4% ),160052900,22733,17
2017-11-06,9,0.2%,9,0.1%,1036,0.0%,9.7%,481000,-7346800 ( -93.9% ),101,-1032 ( -91.1% ),160533900,22834,48
2017-11-07,15,0.3%,15,0.1%,1430,0.1%,17.6%,1256500,775500 ( 161.2% ),251,150 ( 148.5% ),161790400,23085,29
2017-11-08,16,0.3%,17,0.1%,2105,0.1%,29.9%,3580000,2323500 ( 184.9% ),630,379 ( 151.0% ),165370400,23715,15
2017-11-09,4,0.1%,4,0%,380,0.0%,24.2%,411000,-3169000 ( -88.5% ),92,-538 ( -85.4% ),165781400,23807,56
2017-11-10,4,0.1%,4,0%,501,0.0%,31.3%,725000,314000 ( 76.4% ),157,65 ( 70.7% ),166506400,23964,42
2017-11-11,9,0.1%,10,0.1%,782,0.0%,21.5%,868000,143000 ( 19.7% ),168,11 ( 7.0% ),167374400,24132,44
2017-11-12,8,0.1%,9,0%,675,0.0%,15.7%,591000,-277000 ( -31.9% ),106,-62 ( -36.9% ),167965400,24238,52
2017-11-13,1,0.0%,1,0%,70,0.0%,2.9%,12000,-579000 ( -98.0% ),2,-104 ( -98.1% ),167977400,24240,100
2017-11-14,4,0.1%,4,0%,279,0.0%,47.7%,670000,658000 ( 5483.3% ),133,131 ( 6550.0% ),168647400,24373,50
2017-11-15,2,0.0%,2,0%,214,0.0%,49.5%,533000,-137000 ( -20.4% ),106,-27 ( -20.3% ),169180400,24479,57
2017-11-16,4,0.1%,4,0%,405,0.0%,23.2%,426000,-107000 ( -20.1% ),94,-12 ( -11.3% ),169606400,24573,68
2017-11-17,5,0.1%,5,0%,549,0.0%,48.3%,1303000,877000 ( 205.9% ),265,171 ( 181.9% ),170909400,24838,30
2017-11-18,6,0.1%,6,0%,465,0.0%,16.6%,412000,-891000 ( -68.4% ),77,-188 ( -70.9% ),171321400,24915,78
2017-11-19,5,0.1%,5,0%,359,0.0%,20.9%,399000,-13000 ( -3.2% ),75,-2 ( -2.6% ),171720400,24990,68
2017-11-20,3,0.1%,3,0%,303,0.0%,53.5%,816000,417000 ( 104.5% ),162,87 ( 116.0% ),172536400,25152,39
2017-11-21,4,0.1%,4,0%,529,0.0%,42.5%,1198000,382000 ( 46.8% ),225,63 ( 38.9% ),173734400,25377,41
2017-11-22,1,0.0%,1,0%,143,0.0%,21.0%,151000,-1047000 ( -87.4% ),30,-195 ( -86.7% ),173885400,25407,93
2017-11-23,2,0.0%,2,0%,199,0.0%,69.8%,695000,544000 ( 360.3% ),139,109 ( 363.3% ),174580400,25546,49
2017-11-24,1,0.0%,1,0%,177,0.0%,45.2%,320000,-375000 ( -54.0% ),80,-59 ( -42.4% ),174900400,25626,64
2017-11-25,1,0.0%,1,0%,102,0.0%,77.5%,500000,180000 ( 56.3% ),79,-1 ( -1.3% ),175400400,25705,72
2017-12-01,1,0.0%,1,0%,134,0.0%,62.7%,504000,504000 ( 100.0% ),84,84 ( 100.0% ),175904400,25789,63
2017-12-06,3,0.1%,3,0%,391,0.0%,92.1%,1800000,1800000 ( 100.0% ),360,360 ( 100.0% ),177704400,26149,27
2017-12-12,1,0.0%,1,0%,62,0.0%,58.1%,180000,180000 ( 100.0% ),36,36 ( 100.0% ),177884400,26185,85
