날짜,스크린수,스크린점유율,상영횟수,상영점유율,좌석수,좌석점유율,좌석판매율,매출액,매출액증감(전일대비),관객수,관객수증감(전일대비),누적매출액,누적관객수,순위
2018-10-02,1,0.0%,1,0%,414,0.0%,98.1%,3654000,3654000 ( 100.0% ),406,406 ( 100.0% ),3654000,406,22
2018-10-03,1308,22.3%,7214,35.5%,1318000,41.1%,56.2%,6536664400,6533010400 ( 178790.7% ),740661,740255 ( 182328.8% ),6540318400,741067,1
2018-10-04,1164,23.1%,6534,35.4%,1232526,41.7%,14.7%,1502622300,-5034042100 ( -77.0% ),181599,-559062 ( -75.5% ),8042940700,922666,1
2018-10-05,1196,23.3%,6824,36%,1280287,42.4%,19.2%,2235039056,732416756 ( 48.7% ),245748,64149 ( 35.3% ),10277979756,1168414,1
2018-10-06,1293,22.9%,7512,37.3%,1393730,43.8%,36.8%,4671550950,2436511894 ( 109.0% ),512744,266996 ( 108.6% ),14949530706,1681158,1
2018-10-07,1287,23.1%,7328,36.9%,1364569,43.5%,29.3%,3600990350,-1070560600 ( -22.9% ),400044,-112700 ( -22.0% ),18550521056,2081202,1
2018-10-08,1173,22.2%,6887,35.4%,1273773,41.4%,16.9%,1736515450,-1864474900 ( -51.8% ),215343,-184701 ( -46.2% ),20287036506,2296545,1
2018-10-09,1160,19.9%,6452,32.6%,1174638,37.6%,26.2%,2728629850,992114400 ( 57.1% ),307832,92489 ( 42.9% ),23015666356,2604377,1
2018-10-10,1092,22.2%,5870,33.2%,1070443,37.8%,7.8%,681495350,-2047134500 ( -75.0% ),83246,-224586 ( -73.0% ),23697161706,2687623,2
2018-10-11,953,17.7%,4805,26.5%,897807,31.0%,7.6%,564422650,-117072700 ( -17.2% ),68127,-15119 ( -18.2% ),24261584356,2755750,2
2018-10-12,974,17.5%,4968,26.6%,927078,31.3%,11.6%,946106091,381683441 ( 67.6% ),107382,39255 ( 57.6% ),25207690447,2863132,2
2018-10-13,1011,15.9%,5382,26.6%,989827,31.1%,21.1%,1899940707,953834616 ( 100.8% ),209283,101901 ( 94.9% ),27107631154,3072415,2
2018-10-14,981,15.7%,5212,26.4%,956515,30.6%,18.5%,1600163650,-299777057 ( -15.8% ),177044,-32239 ( -15.4% ),28707794804,3249459,2
2018-10-15,889,16.7%,4513,25.4%,854697,29.9%,6.5%,460016700,-1140146950 ( -71.3% ),55809,-121235 ( -68.5% ),29167811504,3305268,2
2018-10-16,899,16.8%,4417,25.2%,837679,29.8%,5.4%,370880250,-89136450 ( -19.4% ),45277,-10532 ( -18.9% ),29538691754,3350545,2
2018-10-17,903,16.9%,4338,24.7%,822813,29.2%,5.7%,384830800,13950550 ( 3.8% ),46736,1459 ( 3.2% ),29923522554,3397281,2
2018-10-18,586,10.1%,2457,14.4%,391541,14.5%,8.7%,276314150,-108516650 ( -28.2% ),34024,-12712 ( -27.2% ),30199836704,3431305,3
2018-10-19,646,10.8%,2593,14.8%,406812,14.8%,13.6%,470432994,194118844 ( 70.3% ),55248,21224 ( 62.4% ),30670269698,3486553,3
2018-10-20,660,10.2%,2831,15%,436349,14.8%,22.8%,884055709,413622715 ( 87.9% ),99671,44423 ( 80.4% ),31554325407,3586224,3
2018-10-21,664,10.5%,2822,15.4%,436247,15.2%,19.8%,764120800,-119934909 ( -13.6% ),86249,-13422 ( -13.5% ),32318446207,3672473,3
2018-10-22,601,11.0%,2543,15.6%,399084,15.4%,6.0%,194788050,-569332750 ( -74.5% ),23988,-62261 ( -72.2% ),32513234257,3696461,3
2018-10-23,598,10.7%,2519,15.7%,400637,15.7%,5.5%,180102650,-14685400 ( -7.5% ),22232,-1756 ( -7.3% ),32693336907,3718693,4
2018-10-24,615,11.1%,2531,15.7%,400699,15.7%,6.0%,192435200,12332550 ( 6.8% ),23952,1720 ( 7.7% ),32885772107,3742645,4
2018-10-25,489,9.1%,1405,8.2%,198363,7.3%,6.5%,105001950,-87433250 ( -45.4% ),12981,-10971 ( -45.8% ),32990774057,3755626,7
2018-10-26,513,9.4%,1520,8.6%,215653,7.7%,9.7%,180574950,75573000 ( 72.0% ),20882,7901 ( 60.9% ),33171349007,3776508,6
2018-10-27,529,8.8%,1503,8%,206734,7.0%,18.7%,343387500,162812550 ( 90.2% ),38613,17731 ( 84.9% ),33514736507,3815121,3
2018-10-28,539,9.1%,1472,8%,202358,7.0%,17.9%,320418600,-22968900 ( -6.7% ),36288,-2325 ( -6.0% ),33835155107,3851409,3
2018-10-29,505,9.6%,1333,8%,187805,7.1%,5.8%,80127850,-240290750 ( -75.0% ),10942,-25346 ( -69.8% ),33915282957,3862351,6
2018-10-30,492,9.5%,1355,8.1%,192441,7.2%,5.9%,81106400,978550 ( 1.2% ),11318,376 ( 3.4% ),33996389357,3873669,7
2018-10-31,122,2.0%,185,1%,23994,0.8%,10.7%,16072850,-65033550 ( -80.2% ),2556,-8762 ( -77.4% ),34012462207,3876225,15
2018-11-01,107,1.9%,155,0.9%,20280,0.7%,7.2%,10552850,-5520000 ( -34.3% ),1466,-1090 ( -42.6% ),34023015057,3877691,15
2018-11-02,106,1.8%,146,0.8%,18477,0.6%,11.9%,16077050,5524200 ( 52.3% ),2195,729 ( 49.7% ),34039092107,3879886,14
2018-11-03,99,1.6%,126,0.7%,15877,0.5%,21.3%,24191050,8114000 ( 50.5% ),3382,1187 ( 54.1% ),34063283157,3883268,14
2018-11-04,94,1.5%,123,0.7%,15420,0.5%,18.7%,21128550,-3062500 ( -12.7% ),2877,-505 ( -14.9% ),34084411707,3886145,13
2018-11-05,64,1.2%,84,0.5%,10942,0.4%,4.9%,4351650,-16776900 ( -79.4% ),532,-2345 ( -81.5% ),34088763357,3886677,17
2018-11-06,65,1.2%,92,0.6%,11475,0.4%,4.3%,4033950,-317700 ( -7.3% ),493,-39 ( -7.3% ),34092797307,3887170,19
2018-11-07,12,0.2%,19,0.1%,2633,0.1%,4.1%,843450,-3190500 ( -79.1% ),107,-386 ( -78.3% ),34093640757,3887277,47
2018-11-08,8,0.1%,9,0.1%,1331,0.0%,3.8%,378000,-465450 ( -55.2% ),50,-57 ( -53.3% ),34094018757,3887327,67
2018-11-09,10,0.2%,11,0.1%,1586,0.1%,6.1%,880450,502450 ( 132.9% ),97,47 ( 94.0% ),34094899207,3887424,52
2018-11-10,9,0.1%,11,0.1%,1646,0.1%,12.3%,1523300,642850 ( 73.0% ),202,105 ( 108.2% ),34096422507,3887626,35
2018-11-11,7,0.1%,10,0.1%,1654,0.1%,9.4%,1287000,-236300 ( -15.5% ),155,-47 ( -23.3% ),34097709507,3887781,41
2018-11-12,8,0.2%,10,0.1%,1473,0.1%,4.1%,453650,-833350 ( -64.8% ),60,-95 ( -61.3% ),34098163157,3887841,47
2018-11-13,8,0.1%,11,0.1%,1597,0.1%,3.8%,465000,11350 ( 2.5% ),60,0 ( 0.0% ),34098628157,3887901,61
2018-11-14,2,0.0%,2,0%,116,0.0%,10.3%,88650,-376350 ( -80.9% ),12,-48 ( -80.0% ),34098716807,3887913,93
2018-11-15,1,0.0%,1,0%,81,0.0%,7.4%,41000,-47650 ( -53.8% ),6,-6 ( -50.0% ),34098757807,3887919,100
2018-11-16,1,0.0%,1,0%,81,0.0%,23.5%,167000,126000 ( 307.3% ),19,13 ( 216.7% ),34098924807,3887938,79
2018-11-17,1,0.0%,1,0%,81,0.0%,35.8%,247000,80000 ( 47.9% ),29,10 ( 52.6% ),34099171807,3887967,86
2018-11-18,1,0.0%,1,0%,81,0.0%,37.0%,256000,9000 ( 3.6% ),30,1 ( 3.4% ),34099427807,3887997,76
2018-11-19,1,0.0%,1,0%,81,0.0%,9.9%,62000,-194000 ( -75.8% ),8,-22 ( -73.3% ),34099489807,3888005,89
2018-11-20,1,0.0%,1,0%,81,0.0%,18.5%,105000,43000 ( 69.4% ),15,7 ( 87.5% ),34099594807,3888020,93
2018-11-21,1,0.0%,1,0%,81,0.0%,8.6%,55000,-50000 ( -47.6% ),7,-8 ( -53.3% ),34099649807,3888027,108
2018-11-22,1,0.0%,1,0%,81,0.0%,13.6%,90000,35000 ( 63.6% ),11,4 ( 57.1% ),34099739807,3888038,92
2018-11-23,1,0.0%,1,0%,81,0.0%,11.1%,79000,-11000 ( -12.2% ),9,-2 ( -18.2% ),34099818807,3888047,103
2018-11-24,1,0.0%,1,0%,81,0.0%,16.0%,123000,44000 ( 55.7% ),13,4 ( 44.4% ),34099941807,3888060,111
2018-11-25,1,0.0%,1,0%,81,0.0%,18.5%,128000,5000 ( 4.1% ),15,2 ( 15.4% ),34100069807,3888075,99
2018-11-26,1,0.0%,1,0%,81,0.0%,6.2%,41400,-86600 ( -67.7% ),5,-10 ( -66.7% ),34100111207,3888080,96
2018-11-27,1,0.0%,1,0%,81,0.0%,6.2%,45000,3600 ( 8.7% ),5,0 ( 0.0% ),34100156207,3888085,119
2018-11-28,1,0.0%,1,0%,81,0.0%,13.6%,55000,10000 ( 22.2% ),11,6 ( 120.0% ),34100211207,3888096,102
