날짜,스크린수,스크린점유율,상영횟수,상영점유율,좌석수,좌석점유율,좌석판매율,매출액,매출액증감(전일대비),관객수,관객수증감(전일대비),누적매출액,누적관객수,순위
2017-05-27,3,0.1%,3,0%,486,0.0%,95.1%,4158000,4158000 ( 100.0% ),462,462 ( 100.0% ),4158000,462,22
2017-06-01,107,2.1%,143,0.9%,18078,0.7%,12.8%,16030100,16030100 ( 100.0% ),2314,2314 ( 100.0% ),20188100,2776,10
2017-06-02,104,2.1%,132,0.8%,17040,0.6%,9.4%,12717900,-3312200 ( -20.7% ),1600,-714 ( -30.9% ),32906000,4376,9
2017-06-03,188,3.4%,379,2.1%,50554,1.8%,46.4%,176507800,163789900 ( 1287.9% ),23444,21844 ( 1365.3% ),209413800,27820,6
2017-06-04,198,3.6%,414,2.4%,56020,2.0%,38.6%,165509100,-10998700 ( -6.2% ),21628,-1816 ( -7.7% ),374922900,49448,6
2017-06-05,142,2.8%,216,1.3%,28013,1.0%,16.6%,31867200,-133641900 ( -80.7% ),4650,-16978 ( -78.5% ),406790100,54098,9
2017-06-06,187,3.5%,367,2%,50194,1.7%,57.4%,215992000,184124800 ( 577.8% ),28812,24162 ( 519.6% ),622782100,82910,7
2017-06-07,63,1.4%,84,0.5%,10556,0.4%,4.6%,3502000,-212490000 ( -98.4% ),485,-28327 ( -98.3% ),626284100,83395,16
2017-06-08,39,0.8%,43,0.3%,5497,0.2%,6.6%,2432500,-1069500 ( -30.5% ),365,-120 ( -24.7% ),628716600,83760,21
2017-06-09,40,0.8%,46,0.3%,6226,0.2%,4.4%,2185700,-246800 ( -10.1% ),275,-90 ( -24.7% ),630902300,84035,25
2017-06-10,158,2.8%,254,1.4%,34692,1.1%,25.9%,69682800,67497100 ( 3088.1% ),9000,8725 ( 3172.7% ),700585100,93035,8
2017-06-11,161,2.9%,257,1.4%,34478,1.2%,29.3%,78852800,9170000 ( 13.2% ),10100,1100 ( 12.2% ),779437900,103135,7
2017-06-12,39,0.8%,41,0.2%,5351,0.2%,3.5%,1366000,-77486800 ( -98.3% ),187,-9913 ( -98.1% ),780803900,103322,26
2017-06-13,30,0.6%,32,0.2%,4298,0.2%,4.2%,1273000,-93000 ( -6.8% ),179,-8 ( -4.3% ),782076900,103501,34
2017-06-14,32,0.7%,34,0.2%,4762,0.2%,3.9%,1264500,-8500 ( -0.7% ),188,9 ( 5.0% ),783341400,103689,26
2017-06-15,9,0.2%,9,0.1%,1071,0.0%,3.7%,294000,-970500 ( -76.7% ),40,-148 ( -78.7% ),783635400,103729,57
2017-06-16,12,0.2%,13,0.1%,1585,0.1%,4.4%,552000,258000 ( 87.8% ),70,30 ( 75.0% ),784187400,103799,50
2017-06-17,60,1.0%,75,0.4%,9214,0.3%,22.9%,16439900,15887900 ( 2878.2% ),2106,2036 ( 2908.6% ),800627300,105905,17
2017-06-18,59,1.0%,76,0.4%,9425,0.3%,27.8%,20489600,4049700 ( 24.6% ),2622,516 ( 24.5% ),821116900,108527,14
2017-06-19,10,0.2%,10,0.1%,1436,0.1%,1.7%,168500,-20321100 ( -99.2% ),25,-2597 ( -99.0% ),821285400,108552,60
2017-06-20,10,0.2%,11,0.1%,1319,0.0%,5.2%,503000,334500 ( 198.5% ),69,44 ( 176.0% ),821788400,108621,56
2017-06-21,2,0.0%,3,0%,339,0.0%,4.4%,110500,-392500 ( -78.0% ),15,-54 ( -78.3% ),821898900,108636,76
2017-06-22,2,0.0%,3,0%,190,0.0%,4.2%,56000,-54500 ( -49.3% ),8,-7 ( -46.7% ),821954900,108644,91
2017-06-23,3,0.1%,4,0%,431,0.0%,3.5%,126500,70500 ( 125.9% ),15,7 ( 87.5% ),822081400,108659,78
2017-06-24,8,0.1%,10,0.1%,985,0.0%,23.0%,1742000,1615500 ( 1277.1% ),227,212 ( 1413.3% ),823823400,108886,32
2017-06-25,9,0.2%,11,0.1%,1087,0.0%,27.0%,2307100,565100 ( 32.4% ),293,66 ( 29.1% ),826130500,109179,28
2017-06-26,2,0.0%,2,0%,142,0.0%,3.5%,37500,-2269600 ( -98.4% ),5,-288 ( -98.3% ),826168000,109184,75
2017-06-27,1,0.0%,1,0%,48,0.0%,4.2%,14000,-23500 ( -62.7% ),2,-3 ( -60.0% ),826182000,109186,96
2017-06-28,1,0.0%,1,0%,48,0.0%,4.2%,13000,-1000 ( -7.1% ),2,0 ( 0.0% ),826195000,109188,96
2017-06-29,1,0.0%,1,0%,94,0.0%,2.1%,14000,1000 ( 7.7% ),2,0 ( 0.0% ),826209000,109190,92
2017-06-30,1,0.0%,1,0%,94,0.0%,2.1%,17000,3000 ( 21.4% ),2,0 ( 0.0% ),826226000,109192,112
2017-07-01,1,0.0%,1,0%,94,0.0%,35.1%,258000,241000 ( 1417.6% ),33,31 ( 1550.0% ),826484000,109225,81
2017-07-02,1,0.0%,1,0%,94,0.0%,42.6%,306000,48000 ( 18.6% ),40,7 ( 21.2% ),826790000,109265,77
2017-07-03,1,0.0%,1,0%,94,0.0%,2.1%,12000,-294000 ( -96.1% ),2,-38 ( -95.0% ),826802000,109267,88
2017-07-04,1,0.0%,1,0%,94,0.0%,4.3%,16000,4000 ( 33.3% ),4,2 ( 100.0% ),826818000,109271,105
2017-07-05,1,0.0%,1,0%,94,0.0%,10.6%,74000,58000 ( 362.5% ),10,6 ( 150.0% ),826892000,109281,82
2017-07-06,1,0.0%,1,0%,94,0.0%,4.3%,30000,-44000 ( -59.5% ),4,-6 ( -60.0% ),826922000,109285,87
2017-07-07,1,0.0%,1,0%,94,0.0%,2.1%,16000,-14000 ( -46.7% ),2,-2 ( -50.0% ),826938000,109287,89
2017-07-08,1,0.0%,1,0%,94,0.0%,33.0%,253000,237000 ( 1481.3% ),31,29 ( 1450.0% ),827191000,109318,70
2017-07-09,1,0.0%,1,0%,94,0.0%,37.2%,286500,33500 ( 13.2% ),35,4 ( 12.9% ),827477500,109353,65
2017-07-10,1,0.0%,1,0%,94,0.0%,3.2%,21000,-265500 ( -92.7% ),3,-32 ( -91.4% ),827498500,109356,79
2017-07-11,1,0.0%,1,0%,94,0.0%,2.1%,13000,-8000 ( -38.1% ),2,-1 ( -33.3% ),827511500,109358,93
