날짜,스크린수,스크린점유율,상영횟수,상영점유율,좌석수,좌석점유율,좌석판매율,매출액,매출액증감(전일대비),관객수,관객수증감(전일대비),누적매출액,누적관객수,순위
2018-11-29,3,0.1%,3,0%,488,0.0%,100.0%,4392000,4392000 ( 100.0% ),488,488 ( 100.0% ),4392000,488,23
2018-12-03,2,0.0%,3,0%,979,0.0%,68.3%,6031000,6031000 ( 100.0% ),669,669 ( 100.0% ),10423000,1157,14
2018-12-04,1,0.0%,1,0%,450,0.0%,100.0%,3150000,-2881000 ( -47.8% ),450,-219 ( -32.7% ),13573000,1607,23
2018-12-06,4,0.1%,4,0%,728,0.0%,100.0%,6306000,6306000 ( 100.0% ),728,728 ( 100.0% ),19879000,2335,20
2018-12-07,5,0.1%,5,0%,1070,0.0%,100.0%,7490000,1184000 ( 18.8% ),1070,342 ( 47.0% ),27369000,3405,18
2018-12-11,14,0.2%,14,0.1%,1856,0.1%,51.1%,7036500,7036500 ( 100.0% ),949,949 ( 100.0% ),34405500,4354,17
2018-12-12,457,7.7%,1506,8.3%,202930,7.1%,8.5%,139198300,132161800 ( 1878.2% ),17216,16267 ( 1714.1% ),173603800,21570,6
2018-12-13,461,7.2%,1399,7.8%,188536,6.6%,7.4%,114810150,-24388150 ( -17.5% ),14002,-3214 ( -18.7% ),288413950,35572,6
2018-12-14,442,6.4%,1277,6.9%,172188,5.9%,8.6%,134845022,20034872 ( 17.5% ),14886,884 ( 6.3% ),423258972,50458,6
2018-12-15,448,6.1%,1007,5.1%,129841,4.2%,15.6%,185998266,51153244 ( 37.9% ),20254,5368 ( 36.1% ),609257238,70712,8
2018-12-16,415,5.7%,914,4.7%,118665,3.9%,14.1%,154791200,-31207066 ( -16.8% ),16789,-3465 ( -17.1% ),764048438,87501,8
2018-12-17,411,6.8%,1038,5.9%,137604,4.9%,6.6%,74380000,-80411200 ( -51.9% ),9066,-7723 ( -46.0% ),838428438,96567,6
2018-12-18,425,6.5%,1031,5.8%,137381,4.9%,7.1%,79722300,5342300 ( 7.2% ),9748,682 ( 7.5% ),918150738,106315,7
2018-12-19,7,0.1%,9,0.1%,702,0.0%,39.5%,2183500,-77538800 ( -97.3% ),277,-9471 ( -97.2% ),920334238,106592,28
2018-12-20,7,0.1%,8,0%,674,0.0%,52.4%,2824150,640650 ( 29.3% ),353,76 ( 27.4% ),923158388,106945,27
2018-12-21,6,0.1%,8,0%,935,0.0%,33.7%,2838300,14150 ( 0.5% ),315,-38 ( -10.8% ),925996688,107260,31
2018-12-22,7,0.1%,8,0%,819,0.0%,56.2%,4001550,1163250 ( 41.0% ),460,145 ( 46.0% ),929998238,107720,23
2018-12-23,11,0.2%,14,0.1%,1512,0.1%,42.9%,5543100,1541550 ( 38.5% ),649,189 ( 41.1% ),935541338,108369,21
2018-12-24,25,0.3%,38,0.2%,3795,0.1%,32.6%,10247350,4704250 ( 84.9% ),1237,588 ( 90.6% ),945788688,109606,15
2018-12-25,22,0.3%,30,0.2%,2984,0.1%,41.9%,11499750,1252400 ( 12.2% ),1250,13 ( 1.1% ),957288438,110856,16
2018-12-26,20,0.3%,30,0.2%,3064,0.1%,21.5%,4462500,-7037250 ( -61.2% ),660,-590 ( -47.2% ),961750938,111516,19
2018-12-27,24,0.4%,32,0.2%,3296,0.1%,13.0%,3459650,-1002850 ( -22.5% ),427,-233 ( -35.3% ),965210588,111943,28
2018-12-28,23,0.3%,36,0.2%,3800,0.1%,14.3%,4983450,1523800 ( 44.0% ),542,115 ( 26.9% ),970194038,112485,23
2018-12-29,21,0.3%,29,0.1%,2988,0.1%,22.6%,6302850,1319400 ( 26.5% ),675,133 ( 24.5% ),976496888,113160,24
2018-12-30,22,0.3%,32,0.2%,3378,0.1%,23.7%,7546400,1243550 ( 19.7% ),800,125 ( 18.5% ),984043288,113960,19
2018-12-31,26,0.4%,45,0.2%,4821,0.2%,22.1%,8767500,1221100 ( 16.2% ),1064,264 ( 33.0% ),992810788,115024,16
2019-01-01,26,0.4%,37,0.2%,3864,0.1%,21.7%,7738400,-1029100 ( -11.7% ),837,-227 ( -21.3% ),1000549188,115861,18
2019-01-02,26,0.4%,39,0.2%,3972,0.1%,12.2%,4638000,-3100400 ( -40.1% ),484,-353 ( -42.2% ),1005187188,116345,21
2019-01-03,19,0.3%,28,0.2%,2733,0.1%,11.5%,2623300,-2014700 ( -43.4% ),313,-171 ( -35.3% ),1007810488,116658,29
2019-01-04,22,0.3%,31,0.2%,3048,0.1%,10.5%,2937500,314200 ( 12.0% ),319,6 ( 1.9% ),1010747988,116977,24
2019-01-05,21,0.3%,28,0.1%,2637,0.1%,20.0%,4775500,1838000 ( 62.6% ),528,209 ( 65.5% ),1015523488,117505,21
2019-01-06,20,0.3%,25,0.1%,2317,0.1%,18.0%,4264000,-511500 ( -10.7% ),416,-112 ( -21.2% ),1019787488,117921,22
2019-01-07,14,0.2%,19,0.1%,1869,0.1%,9.2%,1359650,-2904350 ( -68.1% ),172,-244 ( -58.7% ),1021147138,118093,37
2019-01-08,13,0.2%,19,0.1%,1778,0.1%,9.9%,1361800,2150 ( 0.2% ),176,4 ( 2.3% ),1022508938,118269,40
2019-01-09,11,0.2%,15,0.1%,1430,0.1%,7.8%,866500,-495300 ( -36.4% ),112,-64 ( -36.4% ),1023375438,118381,41
2019-01-10,5,0.1%,7,0%,452,0.0%,11.3%,408800,-457700 ( -52.8% ),51,-61 ( -54.5% ),1023784238,118432,54
2019-01-11,5,0.1%,8,0%,536,0.0%,16.8%,780500,371700 ( 90.9% ),90,39 ( 76.5% ),1024564738,118522,42
2019-01-12,7,0.1%,9,0%,532,0.0%,22.4%,1124500,344000 ( 44.1% ),119,29 ( 32.2% ),1025689238,118641,46
2019-01-13,5,0.1%,7,0%,452,0.0%,21.7%,902200,-222300 ( -19.8% ),98,-21 ( -17.6% ),1026591438,118739,39
2019-01-14,3,0.0%,4,0%,260,0.0%,11.9%,240650,-661550 ( -73.3% ),31,-67 ( -68.4% ),1026832088,118770,59
2019-01-15,4,0.1%,5,0%,300,0.0%,11.0%,243000,2350 ( 1.0% ),33,2 ( 6.5% ),1027075088,118803,66
2019-01-16,4,0.1%,5,0%,318,0.0%,15.1%,420000,177000 ( 72.8% ),48,15 ( 45.5% ),1027495088,118851,58
2019-01-17,1,0.0%,1,0%,36,0.0%,58.3%,159650,-260350 ( -62.0% ),21,-27 ( -56.3% ),1027654738,118872,66
2019-01-18,1,0.0%,1,0%,36,0.0%,22.2%,79000,-80650 ( -50.5% ),8,-13 ( -61.9% ),1027733738,118880,72
2019-01-19,1,0.0%,1,0%,36,0.0%,91.7%,299000,220000 ( 278.5% ),33,25 ( 312.5% ),1028032738,118913,62
2019-01-20,1,0.0%,1,0%,36,0.0%,88.9%,266000,-33000 ( -11.0% ),32,-1 ( -3.0% ),1028298738,118945,56
2019-01-21,1,0.0%,1,0%,36,0.0%,58.3%,161000,-105000 ( -39.5% ),21,-11 ( -34.4% ),1028459738,118966,61
2019-01-22,1,0.0%,1,0%,36,0.0%,44.4%,119000,-42000 ( -26.1% ),16,-5 ( -23.8% ),1028578738,118982,73
2019-01-23,1,0.0%,1,0%,36,0.0%,69.4%,201000,82000 ( 68.9% ),25,9 ( 56.3% ),1028779738,119007,65
2019-02-14,1,0.0%,1,0%,158,0.0%,5.7%,76500,76500 ( 100.0% ),9,9 ( 100.0% ),1028856238,119016,74
