날짜,스크린수,스크린점유율,상영횟수,상영점유율,좌석수,좌석점유율,좌석판매율,매출액,매출액증감(전일대비),관객수,관객수증감(전일대비),누적매출액,누적관객수,순위
2014-09-05,1,0.0%,4,0%,1200,0.0%,55.4%,1335000,1335000 ( 100.0% ),665,665 ( 100.0% ),1335000,665,17
2014-09-06,1,0.0%,4,0%,1200,0.0%,54.6%,1315000,-20000 ( -1.5% ),655,-10 ( -1.5% ),2650000,1320,19
2014-09-07,1,0.0%,4,0%,1200,0.0%,47.8%,1151000,-164000 ( -12.5% ),573,-82 ( -12.5% ),3801000,1893,18
2014-09-08,1,0.0%,4,0%,1200,0.0%,48.2%,1166000,15000 ( 1.3% ),578,5 ( 0.9% ),4967000,2471,18
2015-03-01,1,0.0%,4,0%,888,0.0%,13.0%,233000,233000 ( 100.0% ),115,115 ( 100.0% ),5200000,2586,42
2015-03-02,1,0.0%,4,0%,888,0.0%,9.8%,174000,-59000 ( -25.3% ),87,-28 ( -24.3% ),5374000,2673,41
2015-03-03,1,0.0%,4,0%,888,0.0%,9.3%,166000,-8000 ( -4.6% ),83,-4 ( -4.6% ),5540000,2756,45
2015-04-01,1,0.0%,4,0%,556,0.0%,27.0%,300000,300000 ( 100.0% ),150,150 ( 100.0% ),5840000,2906,36
2015-04-02,1,0.0%,4,0%,556,0.0%,21.9%,244000,-56000 ( -18.7% ),122,-28 ( -18.7% ),6084000,3028,37
2015-04-03,1,0.0%,4,0%,556,0.0%,21.2%,236000,-8000 ( -3.3% ),118,-4 ( -3.3% ),6320000,3146,38
2016-04-01,1,0.0%,2,0%,444,0.0%,14.9%,137000,137000 ( 100.0% ),66,66 ( 100.0% ),6457000,3212,52
2016-04-02,1,0.0%,3,0%,666,0.0%,9.5%,131000,-6000 ( -4.4% ),63,-3 ( -4.5% ),6588000,3275,44
2016-05-24,1,0.0%,1,0%,126,0.0%,100.0%,756000,756000 ( 100.0% ),126,126 ( 100.0% ),7344000,3401,42
2016-05-27,1,0.0%,1,0%,97,0.0%,91.8%,534000,534000 ( 100.0% ),89,89 ( 100.0% ),7878000,3490,42
2016-05-30,1,0.0%,1,0%,108,0.0%,79.6%,516000,516000 ( 100.0% ),86,86 ( 100.0% ),8394000,3576,44
2016-05-31,3,0.1%,3,0%,417,0.0%,98.8%,2575000,2059000 ( 399.0% ),412,326 ( 379.1% ),10969000,3988,22
2016-06-01,1,0.0%,1,0%,128,0.0%,78.1%,500000,-2075000 ( -80.6% ),100,-312 ( -75.7% ),11469000,4088,41
2016-06-02,3,0.1%,3,0%,458,0.0%,100.0%,3306000,2806000 ( 561.2% ),458,358 ( 358.0% ),14775000,4546,22
2016-06-03,2,0.0%,2,0%,283,0.0%,90.5%,1702000,-1604000 ( -48.5% ),256,-202 ( -44.1% ),16477000,4802,25
2016-06-07,4,0.1%,4,0%,629,0.0%,78.9%,3250000,3250000 ( 100.0% ),496,496 ( 100.0% ),19727000,5298,20
2016-06-08,2,0.0%,2,0%,250,0.0%,95.6%,1375000,-1875000 ( -57.7% ),239,-257 ( -51.8% ),21102000,5537,30
2016-06-09,6,0.1%,6,0%,764,0.0%,98.0%,4842000,3467000 ( 252.1% ),749,510 ( 213.4% ),25944000,6286,19
2016-06-10,1,0.0%,1,0%,107,0.0%,79.4%,425000,-4417000 ( -91.2% ),85,-664 ( -88.7% ),26369000,6371,44
2016-06-13,1,0.0%,1,0%,144,0.0%,98.6%,1008000,1008000 ( 100.0% ),142,142 ( 100.0% ),27377000,6513,29
2016-06-14,1,0.0%,1,0%,92,0.0%,100.0%,552000,-456000 ( -45.2% ),92,-50 ( -35.2% ),27929000,6605,35
2016-06-15,1,0.0%,1,0%,257,0.0%,100.0%,1542000,990000 ( 179.3% ),257,165 ( 179.3% ),29471000,6862,20
2016-06-16,84,1.8%,115,0.7%,14359,0.6%,12.8%,12279000,10737000 ( 696.3% ),1839,1582 ( 615.6% ),41750000,8701,11
2016-06-17,81,1.7%,110,0.7%,13520,0.5%,10.4%,10067000,-2212000 ( -18.0% ),1408,-431 ( -23.4% ),51817000,10109,13
2016-06-18,76,1.4%,116,0.7%,14106,0.5%,19.0%,20393500,10326500 ( 102.6% ),2675,1267 ( 90.0% ),72210500,12784,13
2016-06-19,77,1.4%,111,0.7%,13403,0.5%,19.6%,19614000,-779500 ( -3.8% ),2630,-45 ( -1.7% ),91824500,15414,12
2016-06-20,77,1.6%,114,0.8%,14391,0.6%,8.5%,8383000,-11231000 ( -57.3% ),1221,-1409 ( -53.6% ),100207500,16635,13
2016-06-21,78,1.6%,118,0.8%,14623,0.6%,11.2%,10825400,2442400 ( 29.1% ),1644,423 ( 34.6% ),111032900,18279,14
2016-06-22,65,1.4%,93,0.6%,11507,0.4%,9.0%,7377000,-3448400 ( -31.9% ),1038,-606 ( -36.9% ),118409900,19317,14
2016-06-23,57,1.2%,84,0.5%,11018,0.4%,11.1%,8316000,939000 ( 12.7% ),1225,187 ( 18.0% ),126725900,20542,14
2016-06-24,63,1.3%,93,0.6%,11972,0.4%,12.2%,9941000,1625000 ( 19.5% ),1464,239 ( 19.5% ),136666900,22006,14
2016-06-25,61,1.1%,82,0.5%,9663,0.3%,20.5%,14982100,5041100 ( 50.7% ),1980,516 ( 35.2% ),151649000,23986,15
2016-06-26,60,1.1%,78,0.5%,9423,0.3%,23.5%,16516200,1534100 ( 10.2% ),2214,234 ( 11.8% ),168165200,26200,14
2016-06-27,58,1.2%,84,0.5%,11043,0.4%,7.9%,5919000,-10597200 ( -64.2% ),868,-1346 ( -60.8% ),174084200,27068,16
2016-06-28,58,1.2%,86,0.6%,11294,0.4%,9.3%,6960000,1041000 ( 17.6% ),1050,182 ( 21.0% ),181044200,28118,17
2016-06-29,35,0.7%,42,0.3%,5350,0.2%,11.7%,4013000,-2947000 ( -42.3% ),624,-426 ( -40.6% ),185057200,28742,20
2016-06-30,33,0.7%,36,0.2%,4472,0.2%,15.7%,4499000,486000 ( 12.1% ),702,78 ( 12.5% ),189556200,29444,21
2016-07-01,34,0.7%,39,0.2%,4719,0.2%,19.2%,6068600,1569600 ( 34.9% ),904,202 ( 28.8% ),195624800,30348,19
2016-07-02,30,0.5%,38,0.2%,4736,0.2%,23.7%,8136000,2067400 ( 34.1% ),1123,219 ( 24.2% ),203760800,31471,22
2016-07-03,36,0.7%,42,0.2%,5126,0.2%,34.3%,11751000,3615000 ( 44.4% ),1756,633 ( 56.4% ),215511800,33227,16
2016-07-04,30,0.6%,35,0.2%,4302,0.2%,12.5%,3920000,-7831000 ( -66.6% ),536,-1220 ( -69.5% ),219431800,33763,22
2016-07-05,33,0.7%,39,0.2%,4649,0.2%,16.2%,5285500,1365500 ( 34.8% ),751,215 ( 40.1% ),224717300,34514,18
2016-07-06,18,0.4%,19,0.1%,2450,0.1%,21.5%,3922000,-1363500 ( -25.8% ),527,-224 ( -29.8% ),228639300,35041,23
2016-07-07,18,0.3%,21,0.1%,2614,0.1%,16.3%,2674200,-1247800 ( -31.8% ),427,-100 ( -19.0% ),231313500,35468,27
2016-07-08,19,0.3%,23,0.1%,3104,0.1%,17.7%,3606000,931800 ( 34.8% ),548,121 ( 28.3% ),234919500,36016,27
2016-07-09,17,0.3%,22,0.1%,2664,0.1%,30.4%,5719000,2113000 ( 58.6% ),810,262 ( 47.8% ),240638500,36826,29
2016-07-10,24,0.4%,25,0.1%,3270,0.1%,31.1%,6874200,1155200 ( 20.2% ),1016,206 ( 25.4% ),247512700,37842,24
2016-07-11,17,0.3%,22,0.1%,2754,0.1%,16.6%,3299000,-3575200 ( -52.0% ),458,-558 ( -54.9% ),250811700,38300,24
2016-07-12,18,0.3%,23,0.1%,2924,0.1%,22.6%,4638800,1339800 ( 40.6% ),661,203 ( 44.3% ),255450500,38961,23
2016-07-13,16,0.3%,18,0.1%,2491,0.1%,25.9%,3807000,-831800 ( -17.9% ),644,-17 ( -2.6% ),259257500,39605,17
2016-07-14,10,0.2%,12,0.1%,1649,0.1%,24.7%,2878700,-928300 ( -24.4% ),407,-237 ( -36.8% ),262136200,40012,27
2016-07-15,15,0.3%,17,0.1%,2251,0.1%,35.2%,5135000,2256300 ( 78.4% ),793,386 ( 94.8% ),267271200,40805,21
2016-07-16,16,0.3%,16,0.1%,2118,0.1%,28.4%,4490900,-644100 ( -12.5% ),602,-191 ( -24.1% ),271762100,41407,30
2016-07-17,16,0.3%,17,0.1%,2193,0.1%,32.1%,4758000,267100 ( 5.9% ),703,101 ( 16.8% ),276520100,42110,27
2016-07-18,18,0.4%,21,0.1%,2900,0.1%,30.9%,5481000,723000 ( 15.2% ),896,193 ( 27.5% ),282001100,43006,19
2016-07-19,19,0.4%,22,0.1%,3734,0.1%,52.2%,12462000,6981000 ( 127.4% ),1951,1055 ( 117.7% ),294463100,44957,9
2016-07-20,10,0.2%,10,0.1%,1309,0.0%,43.5%,3635000,-8827000 ( -70.8% ),569,-1382 ( -70.8% ),298098100,45526,16
2016-07-21,7,0.1%,8,0%,1186,0.0%,22.3%,1659000,-1976000 ( -54.4% ),265,-304 ( -53.4% ),299757100,45791,24
2016-07-22,5,0.1%,6,0%,825,0.0%,21.0%,1110000,-549000 ( -33.1% ),173,-92 ( -34.7% ),300867100,45964,31
2016-07-23,8,0.2%,9,0.1%,1064,0.0%,31.3%,2479000,1369000 ( 123.3% ),333,160 ( 92.5% ),303346100,46297,21
2016-07-24,5,0.1%,6,0%,773,0.0%,14.1%,878000,-1601000 ( -64.6% ),109,-224 ( -67.3% ),304224100,46406,43
2016-07-25,5,0.1%,5,0%,763,0.0%,21.0%,1096500,218500 ( 24.9% ),160,51 ( 46.8% ),305320600,46566,33
2016-07-26,6,0.1%,7,0%,1074,0.0%,21.3%,1538000,441500 ( 40.3% ),229,69 ( 43.1% ),306858600,46795,28
2016-07-27,4,0.1%,4,0%,481,0.0%,12.5%,417000,-1121000 ( -72.9% ),60,-169 ( -73.8% ),307275600,46855,51
2016-07-28,5,0.1%,8,0%,1212,0.0%,21.2%,826000,409000 ( 98.1% ),257,197 ( 328.3% ),308101600,47112,29
2016-07-29,4,0.1%,7,0%,1196,0.0%,13.6%,478000,-348000 ( -42.1% ),163,-94 ( -36.6% ),308579600,47275,29
2016-07-30,5,0.1%,6,0%,578,0.0%,31.3%,1069000,591000 ( 123.6% ),181,18 ( 11.0% ),309648600,47456,33
2016-07-31,7,0.1%,8,0%,1429,0.0%,69.1%,7098000,6029000 ( 564.0% ),988,807 ( 445.9% ),316746600,48444,14
2016-08-01,1,0.0%,1,0%,52,0.0%,7.7%,36000,-7062000 ( -99.5% ),4,-984 ( -99.6% ),316782600,48448,64
2016-08-02,3,0.1%,4,0%,338,0.0%,14.2%,342000,306000 ( 850.0% ),48,44 ( 1100.0% ),317124600,48496,50
2016-08-03,2,0.0%,3,0%,248,0.0%,10.5%,180000,-162000 ( -47.4% ),26,-22 ( -45.8% ),317304600,48522,59
2016-08-04,3,0.1%,4,0%,448,0.0%,27.2%,1131000,951000 ( 528.3% ),122,96 ( 369.2% ),318435600,48644,39
2016-08-05,3,0.1%,4,0%,442,0.0%,13.3%,479000,-652000 ( -57.6% ),59,-63 ( -51.6% ),318914600,48703,45
2016-08-06,3,0.1%,4,0%,442,0.0%,7.9%,283000,-196000 ( -40.9% ),35,-24 ( -40.7% ),319197600,48738,53
2016-08-07,4,0.1%,5,0%,590,0.0%,42.2%,1558600,1275600 ( 450.7% ),249,214 ( 611.4% ),320756200,48987,24
2016-08-08,1,0.0%,2,0%,104,0.0%,10.6%,99000,-1459600 ( -93.6% ),11,-238 ( -95.6% ),320855200,48998,60
2016-08-09,2,0.0%,2,0%,202,0.0%,5.4%,73000,-26000 ( -26.3% ),11,0 ( 0.0% ),320928200,49009,75
2016-08-10,2,0.0%,2,0%,150,0.0%,4.7%,42000,-31000 ( -42.5% ),7,-4 ( -36.4% ),320970200,49016,68
2016-08-11,2,0.0%,3,0%,248,0.0%,3.6%,55200,13200 ( 31.4% ),9,2 ( 28.6% ),321025400,49025,80
2016-08-12,2,0.0%,2,0%,150,0.0%,3.3%,36000,-19200 ( -34.8% ),5,-4 ( -44.4% ),321061400,49030,94
2016-08-13,2,0.0%,3,0%,248,0.0%,5.2%,108000,72000 ( 200.0% ),13,8 ( 160.0% ),321169400,49043,75
2016-08-14,3,0.0%,4,0%,278,0.0%,13.3%,314200,206200 ( 190.9% ),37,24 ( 184.6% ),321483600,49080,62
2016-08-15,1,0.0%,2,0%,104,0.0%,31.7%,286000,-28200 ( -9.0% ),33,-4 ( -10.8% ),321769600,49113,67
2016-08-16,2,0.0%,3,0%,352,0.0%,2.0%,44000,-242000 ( -84.6% ),7,-26 ( -78.8% ),321813600,49120,81
2016-08-17,2,0.0%,3,0%,248,0.0%,5.2%,77000,33000 ( 75.0% ),13,6 ( 85.7% ),321890600,49133,79
2016-08-18,2,0.0%,4,0%,584,0.0%,31.3%,1453000,1376000 ( 1787.0% ),183,170 ( 1307.7% ),323343600,49316,42
2016-08-19,3,0.1%,5,0%,696,0.0%,46.4%,2306000,853000 ( 58.7% ),323,140 ( 76.5% ),325649600,49639,29
2016-08-20,3,0.0%,4,0%,474,0.0%,69.6%,2662000,356000 ( 15.4% ),330,7 ( 2.2% ),328311600,49969,30
2016-08-21,3,0.0%,5,0%,550,0.0%,36.2%,1615000,-1047000 ( -39.3% ),199,-131 ( -39.7% ),329926600,50168,32
2016-08-22,2,0.0%,3,0%,510,0.0%,19.4%,787500,-827500 ( -51.2% ),99,-100 ( -50.3% ),330714100,50267,45
2016-08-23,3,0.1%,5,0%,706,0.0%,22.4%,1226000,438500 ( 55.7% ),158,59 ( 59.6% ),331940100,50425,42
2016-08-24,2,0.0%,4,0%,520,0.0%,19.8%,725000,-501000 ( -40.9% ),103,-55 ( -34.8% ),332665100,50528,46
2016-08-25,4,0.1%,5,0%,854,0.0%,56.4%,3849000,3124000 ( 430.9% ),482,379 ( 368.0% ),336514100,51010,30
2016-08-26,5,0.1%,7,0%,1068,0.0%,61.1%,5221500,1372500 ( 35.7% ),653,171 ( 35.5% ),341735600,51663,27
2016-08-27,4,0.1%,6,0%,902,0.0%,94.9%,6861500,1640000 ( 31.4% ),856,203 ( 31.1% ),348597100,52519,29
2016-08-28,3,0.0%,5,0%,718,0.0%,91.1%,5252000,-1609500 ( -23.5% ),654,-202 ( -23.6% ),353849100,53173,29
2016-08-29,4,0.1%,7,0%,1044,0.0%,64.0%,5337000,85000 ( 1.6% ),668,14 ( 2.1% ),359186100,53841,22
2016-08-30,1,0.0%,3,0%,486,0.0%,35.6%,1375000,-3962000 ( -74.2% ),173,-495 ( -74.1% ),360561100,54014,38
2016-08-31,1,0.0%,1,0%,162,0.0%,67.3%,845000,-530000 ( -38.5% ),109,-64 ( -37.0% ),361406100,54123,52
2016-09-12,1,0.0%,1,0%,166,0.0%,100.0%,996000,996000 ( 100.0% ),166,166 ( 100.0% ),362402100,54289,36
2016-09-20,4,0.1%,4,0%,680,0.0%,100.0%,5440000,5440000 ( 100.0% ),680,680 ( 100.0% ),367842100,54969,12
2016-09-21,3,0.1%,3,0%,506,0.0%,100.0%,4048000,-1392000 ( -25.6% ),506,-174 ( -25.6% ),371890100,55475,19
2016-09-22,3,0.1%,3,0%,510,0.0%,100.0%,4080000,32000 ( 0.8% ),510,4 ( 0.8% ),375970100,55985,23
2016-09-23,3,0.1%,3,0%,506,0.0%,100.0%,4048000,-32000 ( -0.8% ),506,-4 ( -0.8% ),380018100,56491,24
2016-09-24,2,0.0%,2,0%,336,0.0%,100.0%,2688000,-1360000 ( -33.6% ),336,-170 ( -33.6% ),382706100,56827,34
2016-09-25,2,0.0%,3,0%,510,0.0%,100.0%,4080000,1392000 ( 51.8% ),510,174 ( 51.8% ),386786100,57337,31
2016-09-26,4,0.1%,5,0%,842,0.0%,99.9%,6728000,2648000 ( 64.9% ),841,331 ( 64.9% ),393514100,58178,14
2016-10-06,1,0.0%,1,0%,152,0.0%,1.3%,10000,10000 ( 100.0% ),2,2 ( 100.0% ),393524100,58180,77
2016-10-07,1,0.0%,1,0%,152,0.0%,2.6%,22000,12000 ( 120.0% ),4,2 ( 100.0% ),393546100,58184,78
2016-10-11,1,0.0%,1,0%,152,0.0%,3.9%,36000,36000 ( 100.0% ),6,6 ( 100.0% ),393582100,58190,76
2016-10-14,1,0.0%,1,0%,152,0.0%,4.6%,40000,40000 ( 100.0% ),7,7 ( 100.0% ),393622100,58197,89
