날짜,스크린수,스크린점유율,상영횟수,상영점유율,좌석수,좌석점유율,좌석판매율,매출액,매출액증감(전일대비),관객수,관객수증감(전일대비),누적매출액,누적관객수,순위
2016-03-12,1,0.0%,1,0%,108,0.0%,68.5%,370000,370000 ( 100.0% ),74,74 ( 100.0% ),370000,74,52
2016-03-16,3,0.1%,3,0%,379,0.0%,55.7%,1438500,1438500 ( 100.0% ),211,211 ( 100.0% ),1808500,285,29
2016-03-19,1,0.0%,1,0%,413,0.0%,12.8%,327000,327000 ( 100.0% ),53,53 ( 100.0% ),2135500,338,55
2016-04-08,1,0.0%,1,0%,107,0.0%,100.0%,963000,963000 ( 100.0% ),107,107 ( 100.0% ),3098500,445,45
2016-04-11,1,0.0%,1,0%,293,0.0%,99.0%,2610000,2610000 ( 100.0% ),290,290 ( 100.0% ),5708500,735,27
2016-04-18,2,0.0%,2,0%,444,0.0%,86.0%,3384000,3384000 ( 100.0% ),382,382 ( 100.0% ),9092500,1117,22
2016-04-21,37,0.8%,86,0.5%,12361,0.5%,11.0%,9985500,9985500 ( 100.0% ),1356,1356 ( 100.0% ),19078000,2473,12
2016-04-22,39,0.8%,92,0.6%,12388,0.5%,13.9%,14392500,4407000 ( 44.1% ),1719,363 ( 26.8% ),33470500,4192,12
2016-04-23,40,0.8%,86,0.5%,12085,0.4%,24.5%,25513900,11121400 ( 77.3% ),2965,1246 ( 72.5% ),58984400,7157,14
2016-04-24,40,0.8%,89,0.5%,12315,0.4%,25.1%,26511700,997800 ( 3.9% ),3085,120 ( 4.0% ),85496100,10242,12
2016-04-25,39,0.9%,107,0.7%,14628,0.6%,12.3%,13496400,-13015300 ( -49.1% ),1799,-1286 ( -41.7% ),98992500,12041,11
2016-04-26,38,0.8%,104,0.7%,14320,0.6%,11.6%,12389400,-1107000 ( -8.2% ),1660,-139 ( -7.7% ),111381900,13701,12
2016-04-27,35,0.8%,89,0.6%,11757,0.5%,22.8%,15871000,3481600 ( 28.1% ),2681,1021 ( 61.5% ),127252900,16382,7
2016-04-28,32,0.7%,68,0.5%,9089,0.4%,13.5%,9255500,-6615500 ( -41.7% ),1227,-1454 ( -54.2% ),136508400,17609,10
2016-04-29,36,0.8%,72,0.5%,10855,0.5%,17.1%,15083200,5827700 ( 63.0% ),1858,631 ( 51.4% ),151591600,19467,10
2016-04-30,33,0.7%,72,0.5%,10586,0.4%,25.2%,22844900,7761700 ( 51.5% ),2671,813 ( 43.8% ),174436500,22138,9
2016-05-01,32,0.7%,70,0.5%,9884,0.4%,22.0%,18307700,-4537200 ( -19.9% ),2173,-498 ( -18.6% ),192744200,24311,10
2016-05-02,32,0.7%,85,0.6%,12004,0.5%,11.4%,10254000,-8053700 ( -44.0% ),1365,-808 ( -37.2% ),202998200,25676,12
2016-05-03,34,0.7%,79,0.6%,11182,0.5%,11.6%,9782500,-471500 ( -4.6% ),1293,-72 ( -5.3% ),212780700,26969,14
2016-05-04,32,0.7%,78,0.5%,10619,0.4%,14.9%,12408400,2625900 ( 26.8% ),1578,285 ( 22.0% ),225189100,28547,13
2016-05-05,26,0.5%,71,0.4%,8011,0.3%,36.7%,25913000,13504600 ( 108.8% ),2940,1362 ( 86.3% ),251102100,31487,10
2016-05-06,28,0.5%,68,0.4%,7932,0.3%,35.0%,24380200,-1532800 ( -5.9% ),2780,-160 ( -5.4% ),275482300,34267,9
2016-05-07,29,0.6%,69,0.4%,7982,0.3%,29.0%,20014700,-4365500 ( -17.9% ),2318,-462 ( -16.6% ),295497000,36585,9
2016-05-08,27,0.5%,64,0.4%,7013,0.3%,23.3%,14090700,-5924000 ( -29.6% ),1634,-684 ( -29.5% ),309587700,38219,11
2016-05-09,30,0.7%,70,0.5%,8256,0.4%,12.4%,7560600,-6530100 ( -46.3% ),1025,-609 ( -37.3% ),317148300,39244,13
2016-05-10,29,0.7%,70,0.5%,8016,0.4%,13.8%,8203000,642400 ( 8.5% ),1107,82 ( 8.0% ),325351300,40351,14
2016-05-11,29,0.6%,65,0.5%,8309,0.4%,12.0%,7406500,-796500 ( -9.7% ),997,-110 ( -9.9% ),332757800,41348,11
2016-05-12,28,0.6%,44,0.3%,4775,0.2%,13.7%,4796000,-2610500 ( -35.2% ),654,-343 ( -34.4% ),337553800,42002,13
2016-05-13,29,0.6%,52,0.4%,6712,0.3%,11.9%,6815600,2019600 ( 42.1% ),796,142 ( 21.7% ),344369400,42798,11
2016-05-14,26,0.5%,43,0.3%,5192,0.2%,26.8%,12417500,5601900 ( 82.2% ),1391,595 ( 74.7% ),356786900,44189,12
2016-05-15,26,0.5%,46,0.3%,5806,0.2%,20.1%,10269400,-2148100 ( -17.3% ),1169,-222 ( -16.0% ),367056300,45358,13
2016-05-16,30,0.7%,42,0.3%,5472,0.2%,13.9%,5631500,-4637900 ( -45.2% ),760,-409 ( -35.0% ),372687800,46118,10
2016-05-17,30,0.7%,44,0.3%,6112,0.3%,11.2%,5296000,-335500 ( -6.0% ),686,-74 ( -9.7% ),377983800,46804,12
2016-05-18,31,0.7%,41,0.3%,5315,0.2%,12.0%,4922000,-374000 ( -7.1% ),639,-47 ( -6.9% ),382905800,47443,15
2016-05-19,13,0.3%,19,0.1%,3170,0.1%,9.1%,2248000,-2674000 ( -54.3% ),288,-351 ( -54.9% ),385153800,47731,23
2016-05-20,12,0.3%,20,0.1%,3291,0.1%,9.9%,2700800,452800 ( 20.1% ),327,39 ( 13.5% ),387854600,48058,21
2016-05-21,13,0.2%,21,0.1%,4238,0.2%,16.3%,5984500,3283700 ( 121.6% ),689,362 ( 110.7% ),393839100,48747,19
2016-05-22,10,0.2%,17,0.1%,2127,0.1%,23.6%,4403000,-1581500 ( -26.4% ),502,-187 ( -27.1% ),398242100,49249,21
2016-05-23,13,0.3%,21,0.2%,3333,0.1%,7.5%,1872500,-2530500 ( -57.5% ),251,-251 ( -50.0% ),400114600,49500,23
2016-05-24,12,0.3%,18,0.1%,2319,0.1%,12.9%,2246500,374000 ( 20.0% ),298,47 ( 18.7% ),402361100,49798,27
2016-05-25,10,0.2%,16,0.1%,2635,0.1%,9.9%,1833000,-413500 ( -18.4% ),262,-36 ( -12.1% ),404194100,50060,28
2016-05-26,4,0.1%,6,0%,489,0.0%,18.4%,725500,-1107500 ( -60.4% ),90,-172 ( -65.6% ),404919600,50150,43
2016-05-27,4,0.1%,6,0%,489,0.0%,28.6%,1254000,528500 ( 72.8% ),140,50 ( 55.6% ),406173600,50290,34
2016-05-28,4,0.1%,6,0%,489,0.0%,53.2%,2345000,1091000 ( 87.0% ),260,120 ( 85.7% ),408518600,50550,22
2016-05-29,4,0.1%,5,0%,407,0.0%,44.0%,1661000,-684000 ( -29.2% ),179,-81 ( -31.2% ),410179600,50729,30
2016-05-30,4,0.1%,5,0%,407,0.0%,29.5%,888000,-773000 ( -46.5% ),120,-59 ( -33.0% ),411067600,50849,41
2016-05-31,4,0.1%,6,0%,489,0.0%,26.2%,998000,110000 ( 12.4% ),128,8 ( 6.7% ),412065600,50977,37
2016-06-01,3,0.1%,4,0%,345,0.0%,13.9%,366000,-632000 ( -63.3% ),48,-80 ( -62.5% ),412431600,51025,55
2016-06-02,1,0.0%,1,0%,73,0.0%,9.6%,41000,-325000 ( -88.8% ),7,-41 ( -85.4% ),412472600,51032,83
2016-06-04,1,0.0%,1,0%,73,0.0%,37.0%,188000,188000 ( 100.0% ),27,27 ( 100.0% ),412660600,51059,57
2016-06-05,1,0.0%,1,0%,73,0.0%,64.4%,325000,137000 ( 72.9% ),47,20 ( 74.1% ),412985600,51106,42
