날짜,스크린수,스크린점유율,상영횟수,상영점유율,좌석수,좌석점유율,좌석판매율,매출액,매출액증감(전일대비),관객수,관객수증감(전일대비),누적매출액,누적관객수,순위
2017-09-29,1,0.0%,1,0%,414,0.0%,98.1%,3248000,3248000 ( 100.0% ),406,406 ( 100.0% ),3248000,406,22
2017-10-06,153,2.4%,153,0.8%,21429,0.7%,54.4%,101636000,101636000 ( 100.0% ),11660,11660 ( 100.0% ),104884000,12066,8
2017-10-07,155,2.4%,155,0.8%,21817,0.7%,40.6%,77295600,-24340400 ( -23.9% ),8847,-2813 ( -24.1% ),182179600,20913,8
2017-10-08,153,2.3%,153,0.8%,21548,0.7%,40.9%,77539700,244100 ( 0.3% ),8823,-24 ( -0.3% ),259719300,29736,8
2017-10-10,1,0.0%,1,0%,624,0.0%,100.0%,9360000,9360000 ( 100.0% ),624,624 ( 100.0% ),269079300,30360,13
2017-10-11,1,0.0%,1,0%,624,0.0%,25.0%,2340000,-7020000 ( -75.0% ),156,-468 ( -75.0% ),271419300,30516,36
2017-10-12,635,12.4%,2198,13.1%,393203,14.3%,9.1%,288515000,286175000 ( 12229.7% ),35745,35589 ( 22813.5% ),559934300,66261,4
2017-10-13,664,12.6%,2184,12.9%,388474,14.1%,9.4%,324608429,36093429 ( 12.5% ),36650,905 ( 2.5% ),884542729,102911,4
2017-10-14,617,10.7%,2029,11.3%,346634,11.9%,18.7%,586350636,261742207 ( 80.6% ),64657,28007 ( 76.4% ),1470893365,167568,4
2017-10-15,590,10.4%,1921,10.9%,329986,11.6%,17.2%,503974000,-82376636 ( -14.0% ),56613,-8044 ( -12.4% ),1974867365,224181,4
2017-10-16,572,11.7%,1799,11.3%,326101,12.6%,4.9%,129309700,-374664300 ( -74.3% ),15930,-40683 ( -71.9% ),2104177065,240111,5
2017-10-17,564,11.1%,1759,11.1%,321592,12.4%,4.8%,124464800,-4844900 ( -3.7% ),15583,-347 ( -2.2% ),2228641865,255694,5
2017-10-18,549,10.7%,1712,10.8%,311268,12.0%,5.2%,133348600,8883800 ( 7.1% ),16299,716 ( 4.6% ),2361990465,271993,6
2017-10-19,266,4.6%,437,2.6%,67815,2.4%,6.8%,34446700,-98901900 ( -74.2% ),4585,-11714 ( -71.9% ),2396437165,276578,10
2017-10-20,267,4.4%,431,2.5%,65504,2.3%,9.3%,51498200,17051500 ( 49.5% ),6101,1516 ( 33.1% ),2447935365,282679,10
2017-10-21,248,3.8%,360,1.9%,49831,1.6%,19.3%,81690100,30191900 ( 58.6% ),9605,3504 ( 57.4% ),2529625465,292284,10
2017-10-22,243,3.8%,353,1.9%,48986,1.7%,18.6%,76492000,-5198100 ( -6.4% ),9120,-485 ( -5.0% ),2606117465,301404,10
2017-10-23,242,4.4%,380,2.3%,56488,2.1%,6.3%,26508400,-49983600 ( -65.3% ),3531,-5589 ( -61.3% ),2632625865,304935,9
2017-10-24,265,4.7%,404,2.5%,59634,2.2%,7.2%,32540700,6032300 ( 22.8% ),4309,778 ( 22.0% ),2665166565,309244,8
2017-10-25,19,0.4%,20,0.1%,2891,0.1%,26.4%,5327000,-27213700 ( -83.6% ),763,-3546 ( -82.3% ),2670493565,310007,18
2017-10-26,11,0.2%,12,0.1%,1966,0.1%,33.8%,4955000,-372000 ( -7.0% ),664,-99 ( -13.0% ),2675448565,310671,20
2017-10-27,12,0.2%,14,0.1%,2198,0.1%,33.5%,6805000,1850000 ( 37.3% ),736,72 ( 10.8% ),2682253565,311407,19
2017-10-28,13,0.2%,17,0.1%,2068,0.1%,48.3%,9310900,2505900 ( 36.8% ),998,262 ( 35.6% ),2691564465,312405,20
2017-10-29,14,0.3%,18,0.1%,2279,0.1%,39.4%,8102400,-1208500 ( -13.0% ),899,-99 ( -9.9% ),2699666865,313304,19
2017-10-30,14,0.3%,18,0.1%,2729,0.1%,16.8%,3608000,-4494400 ( -55.5% ),459,-440 ( -48.9% ),2703274865,313763,22
2017-10-31,13,0.3%,17,0.1%,2585,0.1%,15.6%,3042900,-565100 ( -15.7% ),403,-56 ( -12.2% ),2706317765,314166,28
2017-11-01,14,0.3%,21,0.1%,3945,0.1%,16.2%,4950500,1907600 ( 62.7% ),639,236 ( 58.6% ),2711268265,314805,20
2017-11-02,10,0.2%,12,0.1%,1526,0.1%,30.1%,3624100,-1326400 ( -26.8% ),459,-180 ( -28.2% ),2714892365,315264,23
2017-11-03,8,0.1%,12,0.1%,1240,0.0%,39.2%,4461500,837400 ( 23.1% ),486,27 ( 5.9% ),2719353865,315750,24
2017-11-04,9,0.2%,11,0.1%,1271,0.0%,41.9%,5048500,587000 ( 13.2% ),533,47 ( 9.7% ),2724402365,316283,26
2017-11-05,11,0.2%,13,0.1%,1749,0.1%,38.9%,6356000,1307500 ( 25.9% ),681,148 ( 27.8% ),2730758365,316964,20
2017-11-06,10,0.2%,14,0.1%,1807,0.1%,16.3%,2372500,-3983500 ( -62.7% ),294,-387 ( -56.8% ),2733130865,317258,26
2017-11-07,11,0.2%,15,0.1%,1847,0.1%,14.2%,2136000,-236500 ( -10.0% ),262,-32 ( -10.9% ),2735266865,317520,26
2017-11-08,8,0.2%,12,0.1%,1765,0.1%,12.6%,1779500,-356500 ( -16.7% ),223,-39 ( -14.9% ),2737046365,317743,34
2017-11-09,15,0.3%,16,0.1%,2740,0.1%,19.0%,3453000,1673500 ( 94.0% ),521,298 ( 133.6% ),2740499365,318264,21
2017-11-10,10,0.2%,11,0.1%,1794,0.1%,13.8%,2094500,-1358500 ( -39.3% ),247,-274 ( -52.6% ),2742593865,318511,37
2017-11-11,9,0.1%,12,0.1%,2008,0.1%,18.2%,3151500,1057000 ( 50.5% ),365,118 ( 47.8% ),2745745365,318876,34
2017-11-12,11,0.2%,12,0.1%,1698,0.1%,23.1%,3448000,296500 ( 9.4% ),392,27 ( 7.4% ),2749193365,319268,30
2017-11-13,8,0.1%,11,0.1%,1967,0.1%,11.1%,1589000,-1859000 ( -53.9% ),219,-173 ( -44.1% ),2750782365,319487,29
2017-11-14,8,0.1%,10,0.1%,1677,0.1%,9.3%,1147000,-442000 ( -27.8% ),156,-63 ( -28.8% ),2751929365,319643,46
2017-11-15,6,0.1%,6,0%,1044,0.0%,8.6%,605500,-541500 ( -47.2% ),90,-66 ( -42.3% ),2752534865,319733,61
2017-11-16,2,0.0%,2,0%,497,0.0%,19.9%,673000,67500 ( 11.1% ),99,9 ( 10.0% ),2753207865,319832,65
2017-11-17,3,0.1%,3,0%,543,0.0%,15.7%,628000,-45000 ( -6.7% ),85,-14 ( -14.1% ),2753835865,319917,63
2017-11-18,4,0.1%,5,0%,726,0.0%,22.5%,1261000,633000 ( 100.8% ),163,78 ( 91.8% ),2755096865,320080,49
2017-11-19,3,0.0%,4,0%,686,0.0%,20.8%,1121000,-140000 ( -11.1% ),143,-20 ( -12.3% ),2756217865,320223,48
2017-11-20,3,0.1%,5,0%,783,0.0%,13.3%,710000,-411000 ( -36.7% ),104,-39 ( -27.3% ),2756927865,320327,44
2017-11-21,3,0.1%,4,0%,698,0.0%,14.8%,680500,-29500 ( -4.2% ),103,-1 ( -1.0% ),2757608365,320430,63
2017-11-22,2,0.0%,3,0%,589,0.0%,12.6%,487000,-193500 ( -28.4% ),74,-29 ( -28.2% ),2758095365,320504,65
2017-11-23,2,0.0%,3,0%,589,0.0%,12.9%,484000,-3000 ( -0.6% ),76,2 ( 2.7% ),2758579365,320580,69
2017-11-24,2,0.0%,3,0%,589,0.0%,13.2%,538000,54000 ( 11.2% ),78,2 ( 2.6% ),2759117365,320658,67
2017-11-25,3,0.0%,3,0%,594,0.0%,15.3%,652000,114000 ( 21.2% ),91,13 ( 16.7% ),2759769365,320749,68
2017-11-26,3,0.0%,3,0%,537,0.0%,18.4%,721000,69000 ( 10.6% ),99,8 ( 8.8% ),2760490365,320848,64
2017-11-27,3,0.1%,3,0%,595,0.0%,11.4%,438000,-283000 ( -39.3% ),68,-31 ( -31.3% ),2760928365,320916,59
2017-11-28,2,0.0%,3,0%,589,0.0%,13.4%,519000,81000 ( 18.5% ),79,11 ( 16.2% ),2761447365,320995,70
2017-11-29,1,0.0%,1,0%,405,0.0%,12.3%,300000,-219000 ( -42.2% ),50,-29 ( -36.7% ),2761747365,321045,79
2017-11-30,1,0.0%,1,0%,405,0.0%,12.3%,300000,0 ( 0.0% ),50,0 ( 0.0% ),2762047365,321095,78
2017-12-01,1,0.0%,1,0%,405,0.0%,12.3%,300000,0 ( 0.0% ),50,0 ( 0.0% ),2762347365,321145,77
2017-12-02,1,0.0%,1,0%,405,0.0%,12.3%,300000,0 ( 0.0% ),50,0 ( 0.0% ),2762647365,321195,84
2017-12-03,2,0.0%,2,0%,445,0.0%,13.3%,372000,72000 ( 24.0% ),59,9 ( 18.0% ),2763019365,321254,80
2017-12-04,1,0.0%,1,0%,405,0.0%,12.3%,300000,-72000 ( -19.4% ),50,-9 ( -15.3% ),2763319365,321304,75
2017-12-05,1,0.0%,1,0%,405,0.0%,12.3%,300000,0 ( 0.0% ),50,0 ( 0.0% ),2763619365,321354,81
2017-12-06,1,0.0%,1,0%,405,0.0%,12.3%,300000,0 ( 0.0% ),50,0 ( 0.0% ),2763919365,321404,79
2017-12-09,1,0.0%,1,0%,40,0.0%,50.0%,174000,174000 ( 100.0% ),20,20 ( 100.0% ),2764093365,321424,102
2018-01-12,1,0.0%,1,0%,126,0.0%,2.4%,17000,17000 ( 100.0% ),3,3 ( 100.0% ),2764110365,321427,69
2018-01-13,1,0.0%,1,0%,126,0.0%,4.0%,35000,18000 ( 105.9% ),5,2 ( 66.7% ),2764145365,321432,72
2018-01-14,1,0.0%,1,0%,126,0.0%,7.9%,70000,35000 ( 100.0% ),10,5 ( 100.0% ),2764215365,321442,67
2018-01-15,1,0.0%,1,0%,126,0.0%,2.4%,21000,-49000 ( -70.0% ),3,-7 ( -70.0% ),2764236365,321445,65
2018-01-16,1,0.0%,1,0%,126,0.0%,4.8%,38000,17000 ( 81.0% ),6,3 ( 100.0% ),2764274365,321451,79
2018-01-17,1,0.0%,1,0%,126,0.0%,3.2%,26000,-12000 ( -31.6% ),4,-2 ( -33.3% ),2764300365,321455,78
2018-01-19,1,0.0%,1,0%,126,0.0%,4.0%,35000,35000 ( 100.0% ),5,5 ( 100.0% ),2764335365,321460,79
2018-01-23,1,0.0%,1,0%,126,0.0%,2.4%,19000,19000 ( 100.0% ),3,3 ( 100.0% ),2764354365,321463,82
2018-01-24,1,0.0%,1,0%,126,0.0%,2.4%,19000,0 ( 0.0% ),3,0 ( 0.0% ),2764373365,321466,84
2018-02-10,1,0.0%,1,0%,59,0.0%,1.7%,10000,10000 ( 100.0% ),1,1 ( 100.0% ),2764383365,321467,111
2018-02-11,4,0.1%,4,0%,464,0.0%,14.7%,603800,593800 ( 5938.0% ),68,67 ( 6700.0% ),2764987165,321535,66
2018-02-12,1,0.0%,1,0%,160,0.0%,22.5%,300000,-303800 ( -50.3% ),36,-32 ( -47.1% ),2765287165,321571,57
2018-02-13,3,0.0%,3,0%,368,0.0%,10.3%,324500,24500 ( 8.2% ),38,2 ( 5.6% ),2765611665,321609,66
2018-02-15,10,0.2%,13,0.1%,1238,0.0%,13.6%,1510000,1510000 ( 100.0% ),168,168 ( 100.0% ),2767121665,321777,36
2018-02-16,11,0.2%,11,0.1%,1148,0.0%,18.3%,1960800,450800 ( 29.9% ),210,42 ( 25.0% ),2769082465,321987,29
2018-02-17,6,0.1%,6,0%,622,0.0%,12.1%,697200,-1263600 ( -64.4% ),75,-135 ( -64.3% ),2769779665,322062,53
2018-02-18,9,0.1%,9,0%,967,0.0%,22.5%,2002000,1304800 ( 187.1% ),218,143 ( 190.7% ),2771781665,322280,36
2018-02-19,3,0.1%,3,0%,405,0.0%,12.1%,374000,-1628000 ( -81.3% ),49,-169 ( -77.5% ),2772155665,322329,56
2018-02-20,1,0.0%,1,0%,127,0.0%,22.0%,214500,-159500 ( -42.6% ),28,-21 ( -42.9% ),2772370165,322357,76
2018-02-21,3,0.1%,3,0%,401,0.0%,18.2%,543000,328500 ( 153.1% ),73,45 ( 160.7% ),2772913165,322430,57
2018-02-22,3,0.1%,3,0%,300,0.0%,18.3%,422000,-121000 ( -22.3% ),55,-18 ( -24.7% ),2773335165,322485,63
2018-02-24,1,0.0%,1,0%,112,0.0%,17.0%,161000,161000 ( 100.0% ),19,19 ( 100.0% ),2773496165,322504,92
2018-02-25,4,0.1%,4,0%,394,0.0%,22.1%,816100,655100 ( 406.9% ),87,68 ( 357.9% ),2774312265,322591,45
2018-02-27,2,0.0%,2,0%,161,0.0%,16.8%,233500,233500 ( 100.0% ),27,27 ( 100.0% ),2774545765,322618,72
2018-03-04,2,0.0%,2,0%,161,0.0%,28.6%,425000,425000 ( 100.0% ),46,46 ( 100.0% ),2774970765,322664,57
