날짜,스크린수,스크린점유율,상영횟수,상영점유율,좌석수,좌석점유율,좌석판매율,매출액,매출액증감(전일대비),관객수,관객수증감(전일대비),누적매출액,누적관객수,순위
2018-08-16,1,0.0%,1,0%,262,0.0%,100.0%,2358000,2358000 ( 100.0% ),262,262 ( 100.0% ),2358000,262,26
2018-08-21,4,0.1%,5,0%,945,0.0%,98.3%,8361000,8361000 ( 100.0% ),929,929 ( 100.0% ),10719000,1191,16
2018-08-23,1,0.0%,1,0%,160,0.0%,100.0%,1280000,1280000 ( 100.0% ),160,160 ( 100.0% ),11999000,1351,29
2018-08-24,1,0.0%,2,0%,436,0.0%,100.0%,4578000,3298000 ( 257.7% ),436,276 ( 172.5% ),16577000,1787,21
2018-08-27,6,0.1%,6,0%,1525,0.1%,98.4%,13509000,13509000 ( 100.0% ),1501,1501 ( 100.0% ),30086000,3288,12
2018-08-29,867,14.6%,3691,20.1%,663105,22.6%,19.9%,843052500,843052500 ( 100.0% ),131795,131795 ( 100.0% ),873138500,135083,2
2018-08-30,820,13.8%,3590,19.4%,650664,22.0%,12.7%,679783300,-163269200 ( -19.4% ),82912,-48883 ( -37.1% ),1552921800,217995,2
2018-08-31,841,14.0%,3634,19.2%,654126,21.7%,13.6%,791758200,111974900 ( 16.5% ),89069,6157 ( 7.4% ),2344680000,307064,2
2018-09-01,797,12.4%,3510,17.8%,618856,19.7%,16.1%,907570913,115812713 ( 14.6% ),99858,10789 ( 12.1% ),3252250913,406922,3
2018-09-02,773,12.0%,3307,17.1%,580946,18.9%,17.5%,931357450,23786537 ( 2.6% ),101729,1871 ( 1.9% ),4183608363,508651,3
2018-09-03,736,13.1%,3113,17.6%,531664,18.7%,7.8%,333814700,-597542750 ( -64.2% ),41450,-60279 ( -59.3% ),4517423063,550101,3
2018-09-04,726,12.6%,2994,17%,510754,18.0%,6.8%,279305600,-54509100 ( -16.3% ),34856,-6594 ( -15.9% ),4796728663,584957,3
2018-09-05,688,12.3%,2775,15.8%,457987,16.2%,5.8%,213014600,-66291000 ( -23.7% ),26714,-8142 ( -23.4% ),5009743263,611671,3
2018-09-06,562,9.7%,2077,11.7%,301756,10.5%,6.6%,160464700,-52549900 ( -24.7% ),20053,-6661 ( -24.9% ),5170207963,631724,3
2018-09-07,565,9.4%,2071,11.3%,297854,10.0%,7.4%,197051800,36587100 ( 22.8% ),22159,2106 ( 10.5% ),5367259763,653883,3
2018-09-08,573,8.7%,1934,9.8%,267457,8.5%,12.2%,296361950,99310150 ( 50.4% ),32703,10544 ( 47.6% ),5663621713,686586,4
2018-09-09,561,8.5%,1864,9.6%,257995,8.3%,11.9%,232502000,-63859950 ( -21.5% ),30701,-2002 ( -6.1% ),5896123713,717287,4
2018-09-10,522,9.3%,1720,10.1%,234857,8.5%,5.0%,92504550,-139997450 ( -60.2% ),11682,-19019 ( -61.9% ),5988628263,728969,3
2018-09-11,521,9.1%,1720,10.1%,233313,8.4%,4.5%,83458950,-9045600 ( -9.8% ),10587,-1095 ( -9.4% ),6072087213,739556,3
2018-09-12,338,6.6%,560,3%,66950,2.3%,5.5%,28672800,-54786150 ( -65.6% ),3708,-6879 ( -65.0% ),6100760013,743264,6
2018-09-13,335,6.4%,539,2.9%,63264,2.1%,5.5%,27501650,-1171150 ( -4.1% ),3511,-197 ( -5.3% ),6128261663,746775,9
2018-09-14,332,6.3%,546,2.9%,64217,2.1%,6.5%,37091350,9589700 ( 34.9% ),4155,644 ( 18.3% ),6165353013,750930,7
2018-09-15,310,5.5%,502,2.5%,57518,1.8%,9.3%,47579550,10488200 ( 28.3% ),5357,1202 ( 28.9% ),6212932563,756287,9
2018-09-16,301,5.4%,487,2.5%,57727,1.8%,8.1%,41788900,-5790650 ( -12.2% ),4658,-699 ( -13.0% ),6254721463,760945,9
2018-09-17,298,6.0%,469,2.7%,56572,2.0%,4.1%,17973900,-23815000 ( -57.0% ),2342,-2316 ( -49.7% ),6272695363,763287,10
2018-09-18,310,6.1%,468,2.8%,55785,2.0%,3.7%,16423400,-1550500 ( -8.6% ),2091,-251 ( -10.7% ),6289118763,765378,12
2018-09-19,2,0.0%,3,0%,480,0.0%,5.0%,182800,-16240600 ( -98.9% ),24,-2067 ( -98.9% ),6289301563,765402,58
2018-09-20,2,0.0%,3,0%,452,0.0%,7.7%,264500,81700 ( 44.7% ),35,11 ( 45.8% ),6289566063,765437,62
2018-09-21,2,0.0%,4,0%,512,0.0%,7.2%,388000,123500 ( 46.7% ),37,2 ( 5.7% ),6289954063,765474,56
2018-09-22,2,0.0%,4,0%,512,0.0%,11.9%,566000,178000 ( 45.9% ),61,24 ( 64.9% ),6290520063,765535,43
2018-09-23,3,0.0%,5,0%,578,0.0%,10.7%,582000,16000 ( 2.8% ),62,1 ( 1.6% ),6291102063,765597,42
2018-09-24,2,0.0%,3,0%,444,0.0%,6.1%,242500,-339500 ( -58.3% ),27,-35 ( -56.5% ),6291344563,765624,54
2018-09-25,2,0.0%,3,0%,444,0.0%,19.8%,785000,542500 ( 223.7% ),88,61 ( 225.9% ),6292129563,765712,38
2018-09-26,2,0.0%,3,0%,452,0.0%,10.0%,331500,-453500 ( -57.8% ),45,-43 ( -48.9% ),6292461063,765757,53
2018-09-27,1,0.0%,2,0%,320,0.0%,6.6%,177000,-154500 ( -46.6% ),21,-24 ( -53.3% ),6292638063,765778,69
2018-09-28,1,0.0%,1,0%,81,0.0%,14.8%,109000,-68000 ( -38.4% ),12,-9 ( -42.9% ),6292747063,765790,79
2018-09-29,1,0.0%,1,0%,81,0.0%,16.0%,119000,10000 ( 9.2% ),13,1 ( 8.3% ),6292866063,765803,86
2018-09-30,1,0.0%,1,0%,81,0.0%,8.6%,65000,-54000 ( -45.4% ),7,-6 ( -46.2% ),6292931063,765810,86
2018-10-01,21,0.4%,21,0.1%,2780,0.1%,10.3%,2312800,2247800 ( 3458.2% ),285,278 ( 3971.4% ),6295243863,766095,19
2018-10-02,8,0.2%,8,0%,1459,0.1%,45.3%,4121500,1808700 ( 78.2% ),661,376 ( 131.9% ),6299365363,766756,19
2018-10-03,7,0.1%,7,0%,1048,0.0%,9.3%,771500,-3350000 ( -81.3% ),97,-564 ( -85.3% ),6300136863,766853,40
2018-10-04,5,0.1%,5,0%,580,0.0%,11.6%,522300,-249200 ( -32.3% ),67,-30 ( -30.9% ),6300659163,766920,34
2018-10-05,6,0.1%,6,0%,807,0.0%,8.7%,588500,66200 ( 12.7% ),70,3 ( 4.5% ),6301247663,766990,36
2018-10-06,5,0.1%,5,0%,580,0.0%,12.8%,638000,49500 ( 8.4% ),74,4 ( 5.7% ),6301885663,767064,41
2018-10-07,6,0.1%,6,0%,711,0.0%,8.6%,520000,-118000 ( -18.5% ),61,-13 ( -17.6% ),6302405663,767125,41
2018-10-08,5,0.1%,5,0%,572,0.0%,11.5%,505000,-15000 ( -2.9% ),66,5 ( 8.2% ),6302910663,767191,41
2018-10-09,5,0.1%,5,0%,669,0.0%,9.9%,550000,45000 ( 8.9% ),66,0 ( 0.0% ),6303460663,767257,42
2018-10-10,5,0.1%,5,0%,674,0.0%,10.4%,548000,-2000 ( -0.4% ),70,4 ( 6.1% ),6304008663,767327,43
2018-10-11,5,0.1%,5,0%,601,0.0%,10.3%,487000,-61000 ( -11.1% ),62,-8 ( -11.4% ),6304495663,767389,52
2018-10-12,5,0.1%,5,0%,601,0.0%,10.6%,544000,57000 ( 11.7% ),64,2 ( 3.2% ),6305039663,767453,44
2018-10-13,5,0.1%,5,0%,580,0.0%,12.2%,633500,89500 ( 16.5% ),71,7 ( 10.9% ),6305673163,767524,46
2018-10-14,5,0.1%,5,0%,689,0.0%,9.4%,560500,-73000 ( -11.5% ),65,-6 ( -8.5% ),6306233663,767589,41
2018-10-15,5,0.1%,5,0%,712,0.0%,9.3%,517000,-43500 ( -7.8% ),66,1 ( 1.5% ),6306750663,767655,46
2018-10-16,5,0.1%,5,0%,712,0.0%,8.4%,486000,-31000 ( -6.0% ),60,-6 ( -9.1% ),6307236663,767715,51
2018-10-30,1,0.0%,1,0%,268,0.0%,90.3%,2057000,2057000 ( 100.0% ),242,242 ( 100.0% ),6309293663,767957,35
2018-10-31,1,0.0%,1,0%,389,0.0%,62.2%,2057000,0 ( 0.0% ),242,0 ( 0.0% ),6311350663,768199,34
2018-11-01,1,0.0%,1,0%,268,0.0%,90.7%,2065500,8500 ( 0.4% ),243,1 ( 0.4% ),6313416163,768442,34
