날짜,스크린수,스크린점유율,상영횟수,상영점유율,좌석수,좌석점유율,좌석판매율,매출액,매출액증감(전일대비),관객수,관객수증감(전일대비),누적매출액,누적관객수,순위
2017-03-20,1,0.0%,1,0%,170,0.0%,100.0%,1190000,1190000 ( 100.0% ),170,170 ( 100.0% ),1190000,170,31
2017-04-03,2,0.0%,2,0%,527,0.0%,100.0%,4216000,4216000 ( 100.0% ),527,527 ( 100.0% ),5406000,697,16
2017-04-04,1,0.0%,1,0%,432,0.0%,100.0%,3456000,-760000 ( -18.0% ),432,-95 ( -18.0% ),8862000,1129,23
2017-04-17,3,0.1%,3,0%,1092,0.0%,97.8%,7422000,7422000 ( 100.0% ),1068,1068 ( 100.0% ),16284000,2197,13
2017-04-18,1,0.0%,1,0%,136,0.0%,100.0%,1224000,-6198000 ( -83.5% ),136,-932 ( -87.3% ),17508000,2333,44
2017-04-19,1,0.0%,1,0%,384,0.0%,100.0%,2304000,1080000 ( 88.2% ),384,248 ( 182.4% ),19812000,2717,24
2017-04-22,1,0.0%,2,0%,72,0.0%,12.5%,60000,60000 ( 100.0% ),9,9 ( 100.0% ),19872000,2726,107
2017-04-23,3,0.0%,4,0%,326,0.0%,77.0%,2059000,1999000 ( 3331.7% ),251,242 ( 2688.9% ),21931000,2977,37
2017-04-24,3,0.1%,3,0%,412,0.0%,49.0%,1382000,-677000 ( -32.9% ),202,-49 ( -19.5% ),23313000,3179,30
2017-04-25,1,0.0%,1,0%,207,0.0%,100.0%,1656000,274000 ( 19.8% ),207,5 ( 2.5% ),24969000,3386,36
2017-04-26,164,3.4%,221,1.4%,28110,1.1%,10.8%,18701700,17045700 ( 1029.3% ),3034,2827 ( 1365.7% ),43670700,6420,6
2017-04-27,197,4.2%,280,1.7%,36171,1.4%,16.1%,40888600,22186900 ( 118.6% ),5807,2773 ( 91.4% ),84559300,12227,5
2017-04-28,234,4.6%,317,1.9%,42351,1.6%,28.9%,93373700,52485100 ( 128.4% ),12253,6446 ( 111.0% ),177933000,24480,4
2017-04-29,197,3.6%,270,1.5%,33353,1.1%,23.7%,59894300,-33479400 ( -35.9% ),7912,-4341 ( -35.4% ),237827300,32392,8
2017-04-30,179,3.3%,252,1.4%,32030,1.1%,24.8%,62534000,2639700 ( 4.4% ),7954,42 ( 0.5% ),300361300,40346,8
2017-05-01,194,3.7%,287,1.7%,34678,1.2%,19.3%,47282900,-15251100 ( -24.4% ),6683,-1271 ( -16.0% ),347644200,47029,8
2017-05-02,186,3.0%,267,1.6%,32751,1.2%,15.7%,35569300,-11713600 ( -24.8% ),5134,-1549 ( -23.2% ),383213500,52163,8
2017-05-03,57,0.9%,77,0.4%,8512,0.3%,43.8%,29175500,-6393800 ( -18.0% ),3724,-1410 ( -27.5% ),412389000,55887,12
2017-05-04,92,1.5%,119,0.7%,14058,0.5%,22.3%,22634500,-6541000 ( -22.4% ),3134,-590 ( -15.8% ),435023500,59021,12
2017-05-05,70,1.0%,90,0.5%,11167,0.4%,31.8%,29077600,6443100 ( 28.5% ),3556,422 ( 13.5% ),464101100,62577,11
2017-05-06,96,1.4%,117,0.6%,14253,0.5%,23.8%,27328700,-1748900 ( -6.0% ),3388,-168 ( -4.7% ),491429800,65965,11
2017-05-07,102,1.5%,127,0.7%,15745,0.5%,22.8%,28101000,772300 ( 2.8% ),3588,200 ( 5.9% ),519530800,69553,10
2017-05-08,104,1.9%,145,0.8%,17080,0.6%,13.3%,16071500,-12029500 ( -42.8% ),2276,-1312 ( -36.6% ),535602300,71829,7
2017-05-09,84,1.4%,106,0.6%,12720,0.4%,29.5%,30627300,14555800 ( 90.6% ),3757,1481 ( 65.1% ),566229600,75586,13
2017-05-10,83,1.6%,113,0.7%,13886,0.5%,19.6%,18129800,-12497500 ( -40.8% ),2722,-1035 ( -27.5% ),584359400,78308,9
2017-05-11,79,1.5%,106,0.6%,13136,0.5%,12.6%,11919500,-6210300 ( -34.3% ),1649,-1073 ( -39.4% ),596278900,79957,11
2017-05-12,78,1.4%,105,0.6%,13030,0.5%,13.7%,13625900,1706400 ( 14.3% ),1784,135 ( 8.2% ),609904800,81741,10
2017-05-13,71,1.2%,95,0.5%,11727,0.4%,13.6%,13237800,-388100 ( -2.8% ),1599,-185 ( -10.4% ),623142600,83340,16
2017-05-14,79,1.3%,104,0.6%,12893,0.4%,22.0%,21692000,8454200 ( 63.9% ),2833,1234 ( 77.2% ),644834600,86173,13
2017-05-15,60,1.2%,86,0.5%,11184,0.4%,10.1%,7584000,-14108000 ( -65.0% ),1135,-1698 ( -59.9% ),652418600,87308,11
2017-05-16,61,1.2%,87,0.5%,11589,0.4%,13.1%,10656100,3072100 ( 40.5% ),1516,381 ( 33.6% ),663074700,88824,11
2017-05-17,33,0.7%,48,0.3%,5320,0.2%,25.9%,9952000,-704100 ( -6.6% ),1376,-140 ( -9.2% ),673026700,90200,11
2017-05-18,25,0.5%,35,0.2%,3437,0.1%,24.7%,5671000,-4281000 ( -43.0% ),848,-528 ( -38.4% ),678697700,91048,15
2017-05-19,26,0.5%,37,0.2%,4464,0.2%,17.9%,5261700,-409300 ( -7.2% ),798,-50 ( -5.9% ),683959400,91846,13
2017-05-20,28,0.5%,38,0.2%,3884,0.1%,26.2%,8399600,3137900 ( 59.6% ),1018,220 ( 27.6% ),692359000,92864,17
2017-05-21,26,0.4%,34,0.2%,3439,0.1%,21.6%,5303500,-3096100 ( -36.9% ),743,-275 ( -27.0% ),697662500,93607,16
2017-05-22,30,0.6%,39,0.2%,4051,0.1%,12.0%,3238000,-2065500 ( -38.9% ),488,-255 ( -34.3% ),700900500,94095,14
2017-05-23,31,0.6%,41,0.3%,4950,0.2%,19.2%,5888500,2650500 ( 81.9% ),948,460 ( 94.3% ),706789000,95043,13
2017-05-24,26,0.5%,34,0.2%,3723,0.1%,19.2%,5090500,-798000 ( -13.6% ),714,-234 ( -24.7% ),711879500,95757,14
2017-05-25,17,0.3%,22,0.1%,2369,0.1%,25.8%,3784000,-1306500 ( -25.7% ),611,-103 ( -14.4% ),715663500,96368,17
2017-05-26,19,0.4%,24,0.1%,2734,0.1%,26.2%,4008000,224000 ( 5.9% ),716,105 ( 17.2% ),719671500,97084,14
2017-05-27,15,0.3%,17,0.1%,1740,0.1%,22.3%,2981000,-1027000 ( -25.6% ),388,-328 ( -45.8% ),722652500,97472,25
2017-05-28,16,0.3%,19,0.1%,1957,0.1%,33.9%,4434000,1453000 ( 48.7% ),664,276 ( 71.1% ),727086500,98136,17
2017-05-29,17,0.3%,25,0.2%,2040,0.1%,24.7%,2795500,-1638500 ( -37.0% ),503,-161 ( -24.2% ),729882000,98639,17
2017-05-30,16,0.3%,27,0.2%,2774,0.1%,26.8%,4666000,1870500 ( 66.9% ),743,240 ( 47.7% ),734548000,99382,15
2017-05-31,15,0.3%,18,0.1%,2131,0.1%,24.4%,2750500,-1915500 ( -41.1% ),519,-224 ( -30.1% ),737298500,99901,18
2017-06-01,10,0.2%,11,0.1%,831,0.0%,12.2%,701000,-2049500 ( -74.5% ),101,-418 ( -80.5% ),737999500,100002,48
2017-06-02,16,0.3%,20,0.1%,2297,0.1%,36.8%,4505000,3804000 ( 542.7% ),845,744 ( 736.6% ),742504500,100847,14
2017-06-03,13,0.2%,15,0.1%,1654,0.1%,20.8%,2665500,-1839500 ( -40.8% ),344,-501 ( -59.3% ),745170000,101191,24
2017-06-04,12,0.2%,13,0.1%,1382,0.0%,70.3%,6032000,3366500 ( 126.3% ),971,627 ( 182.3% ),751202000,102162,16
2017-06-05,13,0.3%,18,0.1%,1852,0.1%,30.3%,3193000,-2839000 ( -47.1% ),562,-409 ( -42.1% ),754395000,102724,18
2017-06-06,12,0.2%,14,0.1%,1363,0.0%,29.6%,3337500,144500 ( 4.5% ),403,-159 ( -28.3% ),757732500,103127,22
2017-06-07,15,0.3%,19,0.1%,1613,0.1%,45.8%,4663000,1325500 ( 39.7% ),738,335 ( 83.1% ),762395500,103865,11
2017-06-08,15,0.3%,18,0.1%,1963,0.1%,55.4%,6015000,1352000 ( 29.0% ),1088,350 ( 47.4% ),768410500,104953,11
2017-06-09,14,0.3%,18,0.1%,1631,0.1%,42.7%,4138000,-1877000 ( -31.2% ),697,-391 ( -35.9% ),772548500,105650,13
2017-06-10,12,0.2%,15,0.1%,1437,0.0%,42.3%,4784500,646500 ( 15.6% ),608,-89 ( -12.8% ),777333000,106258,22
2017-06-11,15,0.3%,18,0.1%,1854,0.1%,50.0%,6590000,1805500 ( 37.7% ),927,319 ( 52.5% ),783923000,107185,18
2017-06-12,16,0.3%,19,0.1%,2012,0.1%,36.8%,3898000,-2692000 ( -40.8% ),740,-187 ( -20.2% ),787821000,107925,11
2017-06-13,11,0.2%,16,0.1%,2130,0.1%,40.5%,4468500,570500 ( 14.6% ),863,123 ( 16.6% ),792289500,108788,15
2017-06-14,11,0.2%,12,0.1%,1338,0.0%,46.0%,3737000,-731500 ( -16.4% ),615,-248 ( -28.7% ),796026500,109403,16
2017-06-15,7,0.1%,8,0%,914,0.0%,53.8%,3723000,-14000 ( -0.4% ),492,-123 ( -20.0% ),799749500,109895,23
2017-06-16,7,0.1%,12,0.1%,909,0.0%,63.8%,2997500,-725500 ( -19.5% ),580,88 ( 17.9% ),802747000,110475,20
2017-06-17,8,0.1%,9,0%,979,0.0%,41.7%,3440000,442500 ( 14.8% ),408,-172 ( -29.7% ),806187000,110883,29
2017-06-18,15,0.2%,17,0.1%,2082,0.1%,53.0%,7790000,4350000 ( 126.5% ),1103,695 ( 170.3% ),813977000,111986,21
2017-06-19,7,0.1%,10,0.1%,756,0.0%,40.3%,1362000,-6428000 ( -82.5% ),305,-798 ( -72.3% ),815339000,112291,25
2017-06-20,6,0.1%,10,0.1%,747,0.0%,51.8%,1792000,430000 ( 31.6% ),387,82 ( 26.9% ),817131000,112678,23
2017-06-21,8,0.2%,10,0.1%,867,0.0%,31.7%,1697000,-95000 ( -5.3% ),275,-112 ( -28.9% ),818828000,112953,28
2017-06-22,6,0.1%,7,0%,603,0.0%,7.1%,326000,-1371000 ( -80.8% ),43,-232 ( -84.4% ),819154000,112996,67
2017-06-23,5,0.1%,9,0.1%,656,0.0%,30.6%,878000,552000 ( 169.3% ),201,158 ( 367.4% ),820032000,113197,34
2017-06-24,6,0.1%,8,0%,907,0.0%,46.5%,3030000,2152000 ( 245.1% ),422,221 ( 110.0% ),823062000,113619,26
2017-06-25,5,0.1%,6,0%,638,0.0%,37.5%,1660000,-1370000 ( -45.2% ),239,-183 ( -43.4% ),824722000,113858,29
2017-06-26,7,0.1%,9,0.1%,1071,0.0%,38.5%,2135400,475400 ( 28.6% ),412,173 ( 72.4% ),826857400,114270,18
2017-06-27,6,0.1%,10,0.1%,819,0.0%,16.6%,689000,-1446400 ( -67.7% ),136,-276 ( -67.0% ),827546400,114406,40
2017-06-28,7,0.1%,9,0.1%,610,0.0%,70.8%,1907000,1218000 ( 176.8% ),432,296 ( 217.6% ),829453400,114838,20
2017-06-29,8,0.2%,9,0.1%,1008,0.0%,44.7%,2662000,755000 ( 39.6% ),451,19 ( 4.4% ),832115400,115289,21
2017-06-30,8,0.2%,8,0%,913,0.0%,48.4%,3035500,373500 ( 14.0% ),442,-9 ( -2.0% ),835150900,115731,22
2017-07-01,5,0.1%,5,0%,500,0.0%,10.0%,324000,-2711500 ( -89.3% ),50,-392 ( -88.7% ),835474900,115781,66
2017-07-02,7,0.1%,7,0%,875,0.0%,66.5%,3360000,3036000 ( 937.0% ),582,532 ( 1064.0% ),838834900,116363,25
2017-07-03,5,0.1%,5,0%,353,0.0%,32.9%,590000,-2770000 ( -82.4% ),116,-466 ( -80.1% ),839424900,116479,41
2017-07-04,6,0.1%,8,0.1%,678,0.0%,28.3%,929000,339000 ( 57.5% ),192,76 ( 65.5% ),840353900,116671,37
2017-07-05,5,0.1%,7,0%,558,0.0%,28.0%,672000,-257000 ( -27.7% ),156,-36 ( -18.8% ),841025900,116827,31
2017-07-06,5,0.1%,6,0%,515,0.0%,18.1%,512000,-160000 ( -23.8% ),93,-63 ( -40.4% ),841537900,116920,39
2017-07-07,6,0.1%,8,0%,477,0.0%,53.7%,1206500,694500 ( 135.6% ),256,163 ( 175.3% ),842744400,117176,30
2017-07-08,6,0.1%,6,0%,831,0.0%,49.3%,3008500,1802000 ( 149.4% ),410,154 ( 60.2% ),845752900,117586,27
2017-07-09,4,0.1%,4,0%,319,0.0%,83.7%,2186000,-822500 ( -27.3% ),267,-143 ( -34.9% ),847938900,117853,28
2017-07-10,5,0.1%,7,0%,383,0.0%,38.1%,665000,-1521000 ( -69.6% ),146,-121 ( -45.3% ),848603900,117999,31
2017-07-11,6,0.1%,8,0.1%,645,0.0%,30.9%,826000,161000 ( 24.2% ),199,53 ( 36.3% ),849429900,118198,36
2017-07-12,5,0.1%,8,0.1%,497,0.0%,70.2%,1479500,653500 ( 79.1% ),349,150 ( 75.4% ),850909400,118547,24
2017-07-13,5,0.1%,8,0.1%,706,0.0%,39.4%,1292500,-187000 ( -12.6% ),278,-71 ( -20.3% ),852201900,118825,31
2017-07-14,6,0.1%,7,0%,622,0.0%,30.5%,1080000,-212500 ( -16.4% ),190,-88 ( -31.7% ),853281900,119015,37
2017-07-15,3,0.1%,3,0%,406,0.0%,6.7%,159000,-921000 ( -85.3% ),27,-163 ( -85.8% ),853440900,119042,63
2017-07-16,2,0.0%,2,0%,144,0.0%,35.4%,362000,203000 ( 127.7% ),51,24 ( 88.9% ),853802900,119093,49
2017-07-17,4,0.1%,5,0%,409,0.0%,35.5%,646000,284000 ( 78.5% ),145,94 ( 184.3% ),854448900,119238,38
2017-07-18,6,0.1%,6,0%,546,0.0%,32.4%,1082000,436000 ( 67.5% ),177,32 ( 22.1% ),855530900,119415,37
2017-07-19,6,0.1%,6,0%,780,0.0%,53.5%,2384000,1302000 ( 120.3% ),417,240 ( 135.6% ),857914900,119832,24
2017-07-20,3,0.1%,4,0%,261,0.0%,82.4%,916000,-1468000 ( -61.6% ),215,-202 ( -48.4% ),858830900,120047,31
2017-07-21,3,0.1%,4,0%,226,0.0%,54.9%,504000,-412000 ( -45.0% ),124,-91 ( -42.3% ),859334900,120171,39
2017-07-22,4,0.1%,4,0%,523,0.0%,21.4%,706500,202500 ( 40.2% ),112,-12 ( -9.7% ),860041400,120283,38
2017-07-23,2,0.0%,2,0%,316,0.0%,3.5%,96000,-610500 ( -86.4% ),11,-101 ( -90.2% ),860137400,120294,76
2017-07-24,3,0.1%,4,0%,428,0.0%,40.2%,690000,594000 ( 618.8% ),172,161 ( 1463.6% ),860827400,120466,31
2017-07-25,4,0.1%,4,0%,463,0.0%,34.3%,671000,-19000 ( -2.8% ),159,-13 ( -7.6% ),861498400,120625,37
2017-07-26,1,0.0%,2,0%,120,0.0%,100.0%,480000,-191000 ( -28.5% ),120,-39 ( -24.5% ),861978400,120745,46
2017-07-27,2,0.0%,4,0%,350,0.0%,80.6%,1332000,852000 ( 177.5% ),282,162 ( 135.0% ),863310400,121027,26
2017-07-28,3,0.1%,4,0%,582,0.0%,21.6%,501000,-831000 ( -62.4% ),126,-156 ( -55.3% ),863811400,121153,38
2017-07-29,4,0.1%,4,0%,489,0.0%,36.0%,1086000,585000 ( 116.8% ),176,50 ( 39.7% ),864897400,121329,33
2017-07-30,2,0.0%,2,0%,255,0.0%,17.3%,266000,-820000 ( -75.5% ),44,-132 ( -75.0% ),865163400,121373,51
2017-07-31,1,0.0%,1,0%,90,0.0%,11.1%,75000,-191000 ( -71.8% ),10,-34 ( -77.3% ),865238400,121383,61
2017-08-02,1,0.0%,1,0%,200,0.0%,0.5%,6000,6000 ( 100.0% ),1,1 ( 100.0% ),865244400,121384,79
2017-08-09,1,0.0%,1,0%,200,0.0%,1.5%,18000,18000 ( 100.0% ),3,3 ( 100.0% ),865262400,121387,74
2017-08-14,3,0.1%,3,0%,570,0.0%,100.0%,3880000,3880000 ( 100.0% ),570,570 ( 100.0% ),869142400,121957,16
2017-08-17,1,0.0%,1,0%,52,0.0%,57.7%,210000,210000 ( 100.0% ),30,30 ( 100.0% ),869352400,121987,66
2017-08-19,1,0.0%,1,0%,164,0.0%,79.3%,910000,910000 ( 100.0% ),130,130 ( 100.0% ),870262400,122117,40
2017-08-26,1,0.0%,1,0%,52,0.0%,61.5%,224000,224000 ( 100.0% ),32,32 ( 100.0% ),870486400,122149,82
2017-08-28,1,0.0%,1,0%,90,0.0%,6.7%,54000,54000 ( 100.0% ),6,6 ( 100.0% ),870540400,122155,71
2017-08-29,1,0.0%,1,0%,90,0.0%,2.2%,18000,-36000 ( -66.7% ),2,-4 ( -66.7% ),870558400,122157,90
2017-08-30,1,0.0%,1,0%,200,0.0%,35.5%,426000,408000 ( 2266.7% ),71,69 ( 3450.0% ),870984400,122228,59
2017-09-01,1,0.0%,1,0%,123,0.0%,100.0%,738000,738000 ( 100.0% ),123,123 ( 100.0% ),871722400,122351,40
2017-09-21,1,0.0%,1,0%,172,0.0%,100.0%,1000000,1000000 ( 100.0% ),172,172 ( 100.0% ),872722400,122523,52
2017-09-24,1,0.0%,1,0%,146,0.0%,91.8%,670000,670000 ( 100.0% ),134,134 ( 100.0% ),873392400,122657,52
2017-10-08,1,0.0%,1,0%,160,0.0%,75.0%,600000,600000 ( 100.0% ),120,120 ( 100.0% ),873992400,122777,44
2017-10-13,1,0.0%,1,0%,52,0.0%,50.0%,156000,156000 ( 100.0% ),26,26 ( 100.0% ),874148400,122803,63
2017-10-21,1,0.0%,1,0%,52,0.0%,71.2%,267000,267000 ( 100.0% ),37,37 ( 100.0% ),874415400,122840,68
2017-10-26,1,0.0%,1,0%,172,0.0%,100.0%,1000000,1000000 ( 100.0% ),172,172 ( 100.0% ),875415400,123012,40
2017-11-05,1,0.0%,1,0%,118,0.0%,62.7%,740000,740000 ( 100.0% ),74,74 ( 100.0% ),876155400,123086,77
2017-11-15,1,0.0%,1,0%,247,0.0%,48.6%,720000,720000 ( 100.0% ),120,120 ( 100.0% ),876875400,123206,53
2017-12-17,1,0.0%,1,0%,83,0.0%,100.0%,830000,830000 ( 100.0% ),83,83 ( 100.0% ),877705400,123289,41
2017-12-19,1,0.0%,1,0%,133,0.0%,41.4%,385000,385000 ( 100.0% ),55,55 ( 100.0% ),878090400,123344,63
2018-01-20,1,0.0%,1,0%,90,0.0%,55.6%,350000,350000 ( 100.0% ),50,50 ( 100.0% ),878440400,123394,59
2018-02-21,1,0.0%,1,0%,90,0.0%,20.0%,108000,108000 ( 100.0% ),18,18 ( 100.0% ),878548400,123412,82
2018-03-16,1,0.0%,1,0%,90,0.0%,78.9%,426000,426000 ( 100.0% ),71,71 ( 100.0% ),878974400,123483,46
2018-03-25,1,0.0%,1,0%,133,0.0%,75.2%,500000,500000 ( 100.0% ),100,100 ( 100.0% ),879474400,123583,49
2018-04-10,1,0.0%,1,0%,90,0.0%,14.4%,91000,91000 ( 100.0% ),13,13 ( 100.0% ),879565400,123596,83
2018-04-23,1,0.0%,1,0%,220,0.0%,45.5%,700000,700000 ( 100.0% ),100,100 ( 100.0% ),880265400,123696,48
2018-05-06,1,0.0%,1,0%,63,0.0%,69.8%,308000,308000 ( 100.0% ),44,44 ( 100.0% ),880573400,123740,57
2018-05-15,1,0.0%,1,0%,112,0.0%,89.3%,500000,500000 ( 100.0% ),100,100 ( 100.0% ),881073400,123840,39
2018-07-30,1,0.0%,1,0%,118,0.0%,100.0%,590000,590000 ( 100.0% ),118,118 ( 100.0% ),881663400,123958,33
