날짜,스크린수,스크린점유율,상영횟수,상영점유율,좌석수,좌석점유율,좌석판매율,매출액,매출액증감(전일대비),관객수,관객수증감(전일대비),누적매출액,누적관객수,순위
2018-11-08,17,0.3%,18,0.1%,4969,0.2%,97.2%,40012000,40012000 ( 100.0% ),4830,4830 ( 100.0% ),40012000,4830,8
2018-11-09,11,0.2%,11,0.1%,2157,0.1%,104.7%,17827000,-22185000 ( -55.4% ),2258,-2572 ( -53.3% ),57839000,7088,11
2018-11-10,3,0.0%,3,0%,395,0.0%,87.3%,2905000,-14922000 ( -83.7% ),345,-1913 ( -84.7% ),60744000,7433,27
2018-11-11,1,0.0%,1,0%,113,0.0%,76.1%,688000,-2217000 ( -76.3% ),86,-259 ( -75.1% ),61432000,7519,54
2018-11-12,19,0.4%,19,0.1%,3949,0.1%,98.8%,31405000,30717000 ( 4464.7% ),3901,3815 ( 4436.0% ),92837000,11420,6
2018-11-13,28,0.5%,28,0.2%,5347,0.2%,96.1%,43034000,11629000 ( 37.0% ),5137,1236 ( 31.7% ),135871000,16557,5
2018-11-14,14,0.3%,15,0.1%,2742,0.1%,92.0%,20538000,-22496000 ( -52.3% ),2524,-2613 ( -50.9% ),156409000,19081,7
2018-11-15,14,0.2%,14,0.1%,2520,0.1%,92.1%,19014000,-1524000 ( -7.4% ),2322,-202 ( -8.0% ),175423000,21403,10
2018-11-16,21,0.4%,22,0.1%,3410,0.1%,84.4%,24342000,5328000 ( 28.0% ),2879,557 ( 24.0% ),199765000,24282,9
2018-11-17,310,5.0%,495,2.7%,65454,2.3%,36.8%,212186100,187844100 ( 771.7% ),24098,21219 ( 737.0% ),411951100,48380,5
2018-11-18,311,5.1%,497,2.8%,65067,2.3%,46.5%,270673950,58487850 ( 27.6% ),30226,6128 ( 25.4% ),682625050,78606,5
2018-11-19,4,0.1%,4,0%,764,0.0%,100.0%,6404000,-264269950 ( -97.6% ),764,-29462 ( -97.5% ),689029050,79370,12
2018-11-20,18,0.3%,18,0.1%,4092,0.2%,93.7%,30882000,24478000 ( 382.2% ),3833,3069 ( 401.7% ),719911050,83203,9
2018-11-21,5,0.1%,6,0%,1607,0.1%,83.7%,11139300,-19742700 ( -63.9% ),1345,-2488 ( -64.9% ),731050350,84548,13
2018-11-22,978,18.0%,4455,26%,737248,27.3%,18.4%,1063308250,1052168950 ( 9445.6% ),135764,134419 ( 9994.0% ),1794358600,220312,1
2018-11-23,987,17.9%,4558,25.8%,752671,27.1%,20.1%,1309860882,246552632 ( 23.2% ),151350,15586 ( 11.5% ),3104219482,371662,2
2018-11-24,1006,17.3%,4676,25.2%,765223,26.3%,36.9%,2499051604,1189190722 ( 90.8% ),282197,130847 ( 86.5% ),5603271086,653859,2
2018-11-25,1010,17.6%,4639,25.5%,760787,26.7%,35.1%,2368503500,-130548104 ( -5.2% ),267159,-15038 ( -5.3% ),7971774586,921018,2
2018-11-26,972,19.0%,4501,26.8%,743760,27.9%,12.9%,756285200,-1612218300 ( -68.1% ),96214,-170945 ( -64.0% ),8728059786,1017232,2
2018-11-27,992,18.1%,4271,26.2%,702351,27.3%,11.8%,650848900,-105436300 ( -13.9% ),82845,-13369 ( -13.9% ),9378908686,1100077,2
2018-11-28,695,12.1%,2467,13.9%,351404,12.5%,23.8%,503819700,-147029200 ( -22.6% ),83461,616 ( 0.7% ),9882728386,1183538,3
2018-11-29,673,11.8%,2408,13.5%,339147,12.0%,13.0%,339691200,-164128500 ( -32.6% ),43961,-39500 ( -47.3% ),10222419586,1227499,3
2018-11-30,669,11.5%,2382,13.1%,331064,11.5%,16.6%,455146926,115455726 ( 34.0% ),54861,10900 ( 24.8% ),10677566512,1282360,3
2018-12-01,635,10.5%,2151,11.4%,288851,9.7%,30.1%,758416725,303269799 ( 66.6% ),87084,32223 ( 58.7% ),11435983237,1369444,3
2018-12-02,633,10.5%,2086,11.2%,276904,9.5%,29.7%,720162200,-38254525 ( -5.0% ),82221,-4863 ( -5.6% ),12156145437,1451665,3
2018-12-03,605,11.1%,2072,11.9%,273770,9.9%,11.6%,247351750,-472810450 ( -65.7% ),31745,-50476 ( -61.4% ),12403497187,1483410,3
2018-12-04,617,10.8%,2037,11.7%,268913,9.7%,10.6%,217915450,-29436300 ( -11.9% ),28533,-3212 ( -10.1% ),12621412637,1511943,3
2018-12-05,405,7.6%,845,4.7%,100417,3.5%,10.6%,76882750,-141032700 ( -64.7% ),10630,-17903 ( -62.7% ),12698295387,1522573,5
2018-12-06,362,5.9%,623,3.4%,73928,2.6%,11.7%,62854200,-14028550 ( -18.2% ),8656,-1974 ( -18.6% ),12761149587,1531229,8
2018-12-07,351,5.7%,604,3.2%,69874,2.4%,12.7%,68886300,6032100 ( 9.6% ),8858,202 ( 2.3% ),12830035887,1540087,7
2018-12-08,317,4.9%,511,2.6%,57338,1.8%,24.1%,109863350,40977050 ( 59.5% ),13790,4932 ( 55.7% ),12939899237,1553877,9
2018-12-09,309,4.8%,489,2.5%,54279,1.8%,24.7%,106848850,-3014500 ( -2.7% ),13387,-403 ( -2.9% ),13046748087,1567264,8
2018-12-10,312,5.1%,500,2.8%,57300,2.0%,9.1%,37230550,-69618300 ( -65.2% ),5194,-8193 ( -61.2% ),13083978637,1572458,9
2018-12-11,309,4.9%,494,2.8%,56584,2.0%,9.3%,38738750,1508200 ( 4.1% ),5279,85 ( 1.6% ),13122717387,1577737,8
2018-12-12,125,2.1%,188,1%,20783,0.7%,14.3%,20832300,-17906450 ( -46.2% ),2965,-2314 ( -43.8% ),13143549687,1580702,11
2018-12-13,106,1.7%,151,0.8%,17809,0.6%,17.3%,22859450,2027150 ( 9.7% ),3079,114 ( 3.8% ),13166409137,1583781,10
2018-12-14,98,1.4%,150,0.8%,16127,0.6%,13.2%,15288500,-7570950 ( -33.1% ),2125,-954 ( -31.0% ),13181697637,1585906,16
2018-12-15,79,1.1%,127,0.6%,13940,0.5%,17.2%,18696400,3407900 ( 22.3% ),2399,274 ( 12.9% ),13200394037,1588305,18
2018-12-16,76,1.0%,121,0.6%,12876,0.4%,17.8%,16836350,-1860050 ( -9.9% ),2286,-113 ( -4.7% ),13217230387,1590591,17
2018-12-17,90,1.5%,132,0.8%,14954,0.5%,10.9%,11322400,-5513950 ( -32.8% ),1628,-658 ( -28.8% ),13228552787,1592219,14
2018-12-18,88,1.3%,130,0.7%,14092,0.5%,6.7%,6574950,-4747450 ( -41.9% ),951,-677 ( -41.6% ),13235127737,1593170,24
2018-12-19,1,0.0%,1,0%,84,0.0%,3.6%,27000,-6547950 ( -99.6% ),3,-948 ( -99.7% ),13235154737,1593173,105
2018-12-20,1,0.0%,1,0%,84,0.0%,8.3%,63000,36000 ( 133.3% ),7,4 ( 133.3% ),13235217737,1593180,97
2018-12-21,3,0.0%,3,0%,408,0.0%,13.7%,317000,254000 ( 403.2% ),56,49 ( 700.0% ),13235534737,1593236,53
2018-12-22,2,0.0%,2,0%,241,0.0%,10.4%,142000,-175000 ( -55.2% ),25,-31 ( -55.4% ),13235676737,1593261,71
2018-12-23,2,0.0%,2,0%,241,0.0%,25.3%,355000,213000 ( 150.0% ),61,36 ( 144.0% ),13236031737,1593322,49
2018-12-24,1,0.0%,1,0%,84,0.0%,4.8%,35000,-320000 ( -90.1% ),4,-57 ( -93.4% ),13236066737,1593326,85
2018-12-25,1,0.0%,1,0%,84,0.0%,14.3%,94000,59000 ( 168.6% ),12,8 ( 200.0% ),13236160737,1593338,76
2018-12-26,2,0.0%,2,0%,169,0.0%,28.4%,330000,236000 ( 251.1% ),48,36 ( 300.0% ),13236490737,1593386,55
