날짜,스크린수,스크린점유율,상영횟수,상영점유율,좌석수,좌석점유율,좌석판매율,매출액,매출액증감(전일대비),관객수,관객수증감(전일대비),누적매출액,누적관객수,순위
2018-09-15,5,0.1%,5,0%,1016,0.0%,100.0%,10112000,10112000 ( 100.0% ),1016,1016 ( 100.0% ),10112000,1016,17
2018-09-17,3,0.1%,3,0%,560,0.0%,80.4%,3556000,3556000 ( 100.0% ),450,450 ( 100.0% ),13668000,1466,19
2018-09-19,5,0.1%,5,0%,901,0.0%,91.2%,7248000,7248000 ( 100.0% ),822,822 ( 100.0% ),20916000,2288,8
2018-09-20,3,0.1%,3,0%,994,0.0%,98.2%,8784000,1536000 ( 21.2% ),976,154 ( 18.7% ),29700000,3264,14
2018-09-30,5,0.1%,5,0%,988,0.0%,100.0%,7904000,7904000 ( 100.0% ),988,988 ( 100.0% ),37604000,4252,14
2018-10-02,6,0.1%,6,0%,1318,0.0%,101.5%,10773000,10773000 ( 100.0% ),1338,1338 ( 100.0% ),48377000,5590,9
2018-10-03,440,7.5%,646,3.2%,75669,2.4%,34.1%,197847050,187074050 ( 1736.5% ),25769,24431 ( 1825.9% ),246224050,31359,6
2018-10-04,174,3.5%,186,1%,23289,0.8%,8.1%,13315800,-184531250 ( -93.3% ),1896,-23873 ( -92.6% ),259539850,33255,8
2018-10-05,197,3.8%,212,1.1%,26008,0.9%,4.6%,8867200,-4448600 ( -33.4% ),1187,-709 ( -37.4% ),268407050,34442,10
2018-10-06,410,7.3%,552,2.7%,63477,2.0%,20.2%,99473850,90606650 ( 1021.8% ),12803,11616 ( 978.6% ),367880900,47245,6
2018-10-07,414,7.4%,562,2.8%,65353,2.1%,18.5%,93605600,-5868250 ( -5.9% ),12093,-710 ( -5.5% ),461486500,59338,6
2018-10-08,331,6.3%,389,2%,45504,1.5%,16.4%,49921200,-43684400 ( -46.7% ),7447,-4646 ( -38.4% ),511407700,66785,6
2018-10-09,213,3.7%,248,1.3%,27669,0.9%,34.0%,71534750,21613550 ( 43.3% ),9415,1968 ( 26.4% ),582942450,76200,8
2018-10-10,50,1.0%,53,0.3%,6065,0.2%,12.0%,4417500,-67117250 ( -93.8% ),730,-8685 ( -92.2% ),587359950,76930,12
2018-10-11,23,0.4%,23,0.1%,2398,0.1%,7.5%,1098700,-3318800 ( -75.1% ),179,-551 ( -75.5% ),588458650,77109,31
2018-10-12,31,0.6%,32,0.2%,3369,0.1%,27.9%,5613000,4514300 ( 410.9% ),939,760 ( 424.6% ),594071650,78048,15
2018-10-13,104,1.6%,116,0.6%,12582,0.4%,24.9%,21551100,15938100 ( 283.9% ),3130,2191 ( 233.3% ),615622750,81178,12
2018-10-14,97,1.6%,115,0.6%,12762,0.4%,20.9%,19678400,-1872700 ( -8.7% ),2668,-462 ( -14.8% ),635301150,83846,13
2018-10-15,17,0.3%,18,0.1%,1997,0.1%,2.9%,385000,-19293400 ( -98.0% ),57,-2611 ( -97.9% ),635686150,83903,48
2018-10-16,14,0.3%,14,0.1%,1432,0.1%,9.1%,931000,546000 ( 141.8% ),131,74 ( 129.8% ),636617150,84034,37
2018-10-17,22,0.4%,23,0.1%,2451,0.1%,12.7%,1824500,893500 ( 96.0% ),312,181 ( 138.2% ),638441650,84346,24
2018-10-18,10,0.2%,11,0.1%,867,0.0%,28.5%,1360000,-464500 ( -25.5% ),247,-65 ( -20.8% ),639801650,84593,30
2018-10-19,10,0.2%,11,0.1%,1062,0.0%,37.5%,2446100,1086100 ( 79.9% ),398,151 ( 61.1% ),642247750,84991,22
2018-10-20,40,0.6%,47,0.2%,4955,0.2%,27.9%,9907350,7461250 ( 305.0% ),1382,984 ( 247.2% ),652155100,86373,17
2018-10-21,34,0.5%,41,0.2%,4303,0.1%,26.6%,8573750,-1333600 ( -13.5% ),1146,-236 ( -17.1% ),660728850,87519,17
2018-10-22,8,0.1%,11,0.1%,1173,0.0%,14.0%,1090100,-7483650 ( -87.3% ),164,-982 ( -85.7% ),661818950,87683,34
2018-10-23,10,0.2%,12,0.1%,1223,0.0%,14.3%,1059000,-31100 ( -2.9% ),175,11 ( 6.7% ),662877950,87858,33
2018-10-24,9,0.2%,9,0.1%,1130,0.0%,26.8%,1670400,611400 ( 57.7% ),303,128 ( 73.1% ),664548350,88161,24
2018-10-25,4,0.1%,4,0%,421,0.0%,64.1%,1463000,-207400 ( -12.4% ),270,-33 ( -10.9% ),666011350,88431,31
2018-10-26,2,0.0%,2,0%,159,0.0%,23.9%,255000,-1208000 ( -82.6% ),38,-232 ( -85.9% ),666266350,88469,78
2018-10-27,13,0.2%,17,0.1%,1585,0.1%,38.9%,3684000,3429000 ( 1344.7% ),617,579 ( 1523.7% ),669950350,89086,23
2018-10-28,11,0.2%,17,0.1%,1521,0.1%,29.2%,3022700,-661300 ( -18.0% ),444,-173 ( -28.0% ),672973050,89530,25
2018-10-29,3,0.1%,3,0%,200,0.0%,61.0%,524000,-2498700 ( -82.7% ),122,-322 ( -72.5% ),673497050,89652,38
2018-10-30,4,0.1%,4,0%,454,0.0%,30.2%,697000,173000 ( 33.0% ),137,15 ( 12.3% ),674194050,89789,45
2018-10-31,3,0.1%,3,0%,221,0.0%,65.2%,720000,23000 ( 3.3% ),144,7 ( 5.1% ),674914050,89933,43
2018-11-01,4,0.1%,6,0%,497,0.0%,59.8%,1693000,973000 ( 135.1% ),297,153 ( 106.3% ),676607050,90230,27
2018-11-02,1,0.0%,3,0%,105,0.0%,13.3%,98000,-1595000 ( -94.2% ),14,-283 ( -95.3% ),676705050,90244,85
2018-11-03,2,0.0%,4,0%,192,0.0%,51.0%,629000,531000 ( 541.8% ),98,84 ( 600.0% ),677334050,90342,58
2018-11-04,1,0.0%,3,0%,105,0.0%,36.2%,280000,-349000 ( -55.5% ),38,-60 ( -61.2% ),677614050,90380,73
2018-11-05,1,0.0%,2,0%,70,0.0%,8.6%,40000,-240000 ( -85.7% ),6,-32 ( -84.2% ),677654050,90386,90
2018-11-06,1,0.0%,1,0%,35,0.0%,5.7%,12000,-28000 ( -70.0% ),2,-4 ( -66.7% ),677666050,90388,107
2018-11-07,3,0.1%,4,0%,238,0.0%,63.0%,849150,837150 ( 6976.3% ),150,148 ( 7400.0% ),678515200,90538,38
2018-11-08,1,0.0%,1,0%,35,0.0%,20.0%,38000,-811150 ( -95.5% ),7,-143 ( -95.3% ),678553200,90545,89
2018-11-09,1,0.0%,1,0%,35,0.0%,11.4%,28000,-10000 ( -26.3% ),4,-3 ( -42.9% ),678581200,90549,93
2018-11-10,1,0.0%,1,0%,35,0.0%,77.1%,202000,174000 ( 621.4% ),27,23 ( 575.0% ),678783200,90576,85
2018-11-11,1,0.0%,1,0%,35,0.0%,25.7%,63000,-139000 ( -68.8% ),9,-18 ( -66.7% ),678846200,90585,91
2018-11-12,1,0.0%,1,0%,35,0.0%,5.7%,12000,-51000 ( -81.0% ),2,-7 ( -77.8% ),678858200,90587,86
2018-11-13,2,0.0%,2,0%,335,0.0%,83.0%,2325000,2313000 ( 19275.0% ),278,276 ( 13800.0% ),681183200,90865,32
2018-11-15,1,0.0%,1,0%,220,0.0%,11.8%,144000,144000 ( 100.0% ),26,26 ( 100.0% ),681327200,90891,79
2018-11-16,1,0.0%,1,0%,98,0.0%,56.1%,275000,131000 ( 91.0% ),55,29 ( 111.5% ),681602200,90946,57
2018-11-17,1,0.0%,1,0%,93,0.0%,96.8%,663000,388000 ( 141.1% ),90,35 ( 63.6% ),682265200,91036,54
