날짜,스크린수,스크린점유율,상영횟수,상영점유율,좌석수,좌석점유율,좌석판매율,매출액,매출액증감(전일대비),관객수,관객수증감(전일대비),누적매출액,누적관객수,순위
2016-10-19,1,0.0%,1,0%,186,0.0%,100.0%,1527000,1527000 ( 100.0% ),186,186 ( 100.0% ),1527000,186,40
2016-10-25,1,0.0%,1,0%,126,0.0%,100.0%,1008000,1008000 ( 100.0% ),126,126 ( 100.0% ),2535000,312,51
2016-11-01,3,0.1%,3,0%,495,0.0%,85.1%,2786000,2786000 ( 100.0% ),421,421 ( 100.0% ),5321000,733,23
2016-11-03,2,0.0%,2,0%,331,0.0%,100.0%,2437000,2437000 ( 100.0% ),331,331 ( 100.0% ),7758000,1064,26
2016-11-07,2,0.0%,2,0%,277,0.0%,100.0%,1939000,1939000 ( 100.0% ),277,277 ( 100.0% ),9697000,1341,24
2016-11-08,5,0.1%,5,0%,897,0.0%,94.4%,6603000,4664000 ( 240.5% ),847,570 ( 205.8% ),16300000,2188,15
2016-11-10,8,0.2%,8,0.1%,1349,0.1%,91.2%,7962000,7962000 ( 100.0% ),1230,1230 ( 100.0% ),24262000,3418,15
2016-11-11,1,0.0%,1,0%,137,0.0%,87.6%,600000,-7362000 ( -92.5% ),120,-1110 ( -90.2% ),24862000,3538,48
2016-11-14,5,0.1%,5,0%,858,0.0%,92.3%,5578000,5578000 ( 100.0% ),792,792 ( 100.0% ),30440000,4330,15
2016-11-15,1,0.0%,1,0%,151,0.0%,88.7%,800000,-4778000 ( -85.7% ),134,-658 ( -83.1% ),31240000,4464,50
2016-11-16,2,0.0%,2,0%,325,0.0%,52.0%,1018000,218000 ( 27.3% ),169,35 ( 26.1% ),32258000,4633,37
2016-11-17,102,2.0%,144,0.9%,18101,0.7%,14.1%,17498500,16480500 ( 1618.9% ),2554,2385 ( 1411.2% ),49756500,7187,10
2016-11-18,101,1.9%,143,0.9%,18093,0.7%,16.1%,20311000,2812500 ( 16.1% ),2909,355 ( 13.9% ),70067500,10096,10
2016-11-19,103,1.9%,139,0.8%,16452,0.6%,13.8%,17949600,-2361400 ( -11.6% ),2274,-635 ( -21.8% ),88017100,12370,12
2016-11-20,96,1.8%,138,0.9%,16035,0.6%,22.6%,28446300,10496700 ( 58.5% ),3627,1353 ( 59.5% ),116463400,15997,11
2016-11-21,96,2.1%,135,0.9%,16744,0.7%,8.1%,9683900,-18762400 ( -66.0% ),1355,-2272 ( -62.6% ),126147300,17352,9
2016-11-22,104,2.2%,140,1%,18051,0.7%,13.1%,16538400,6854500 ( 70.8% ),2357,1002 ( 73.9% ),142685700,19709,8
2016-11-23,90,1.7%,115,0.8%,14352,0.6%,16.8%,16465000,-73400 ( -0.4% ),2404,47 ( 2.0% ),159150700,22113,9
2016-11-24,72,1.4%,79,0.5%,10288,0.4%,13.3%,9504400,-6960600 ( -42.3% ),1371,-1033 ( -43.0% ),168655100,23484,15
2016-11-25,65,1.3%,76,0.5%,8660,0.3%,15.9%,10187800,683400 ( 7.2% ),1374,3 ( 0.2% ),178842900,24858,14
2016-11-26,75,1.4%,90,0.5%,10938,0.4%,24.6%,20533100,10345300 ( 101.5% ),2693,1319 ( 96.0% ),199376000,27551,14
2016-11-27,77,1.4%,90,0.5%,10524,0.4%,34.2%,26862200,6329100 ( 30.8% ),3601,908 ( 33.7% ),226238200,31152,12
2016-11-28,72,1.5%,84,0.6%,10891,0.4%,11.3%,8512800,-18349400 ( -68.3% ),1235,-2366 ( -65.7% ),234751000,32387,12
2016-11-29,69,1.4%,82,0.5%,9607,0.4%,12.7%,8339800,-173000 ( -2.0% ),1224,-11 ( -0.9% ),243090800,33611,13
2016-11-30,32,0.6%,35,0.2%,3953,0.1%,24.4%,6150500,-2189300 ( -26.3% ),966,-258 ( -21.1% ),249241300,34577,17
2016-12-01,36,0.7%,44,0.3%,6028,0.2%,21.1%,7789200,1638700 ( 26.6% ),1274,308 ( 31.9% ),257030500,35851,11
2016-12-02,37,0.7%,41,0.2%,5066,0.2%,23.7%,7838200,49000 ( 0.6% ),1201,-73 ( -5.7% ),264868700,37052,11
2016-12-03,40,0.8%,51,0.3%,5880,0.2%,14.7%,6644600,-1193600 ( -15.2% ),863,-338 ( -28.1% ),271513300,37915,18
2016-12-04,45,0.9%,55,0.3%,6567,0.2%,28.3%,12493400,5848800 ( 88.0% ),1861,998 ( 115.6% ),284006700,39776,12
2016-12-05,37,0.8%,45,0.3%,5844,0.2%,7.0%,2851500,-9641900 ( -77.2% ),411,-1450 ( -77.9% ),286858200,40187,21
2016-12-06,38,0.8%,46,0.3%,5381,0.2%,12.6%,4614800,1763300 ( 61.8% ),676,265 ( 64.5% ),291473000,40863,19
2016-12-07,23,0.5%,29,0.2%,3220,0.1%,43.1%,8798500,4183700 ( 90.7% ),1388,712 ( 105.3% ),300271500,42251,8
2016-12-08,14,0.3%,18,0.1%,2328,0.1%,13.1%,2147400,-6651100 ( -75.6% ),304,-1084 ( -78.1% ),302418900,42555,24
2016-12-09,13,0.2%,16,0.1%,1719,0.1%,23.0%,2641700,494300 ( 23.0% ),396,92 ( 30.3% ),305060600,42951,17
2016-12-10,11,0.2%,14,0.1%,1471,0.1%,30.0%,3353800,712100 ( 27.0% ),441,45 ( 11.4% ),308414400,43392,20
2016-12-11,25,0.5%,28,0.2%,3323,0.1%,55.5%,12305300,8951500 ( 266.9% ),1844,1403 ( 318.1% ),320719700,45236,11
2016-12-12,13,0.3%,16,0.1%,1714,0.1%,11.3%,1200000,-11105300 ( -90.2% ),193,-1651 ( -89.5% ),321919700,45429,28
2016-12-13,10,0.2%,12,0.1%,1236,0.0%,13.8%,1169200,-30800 ( -2.6% ),171,-22 ( -11.4% ),323088900,45600,34
2016-12-14,20,0.4%,22,0.1%,3460,0.1%,46.0%,11994000,10824800 ( 925.8% ),1591,1420 ( 830.4% ),335082900,47191,12
2016-12-15,16,0.3%,21,0.1%,2517,0.1%,26.1%,4876500,-7117500 ( -59.3% ),658,-933 ( -58.6% ),339959400,47849,22
2016-12-16,14,0.3%,15,0.1%,2278,0.1%,37.5%,5278000,401500 ( 8.2% ),855,197 ( 29.9% ),345237400,48704,17
2016-12-17,10,0.2%,10,0.1%,1488,0.1%,33.0%,3491800,-1786200 ( -33.8% ),491,-364 ( -42.6% ),348729200,49195,21
2016-12-18,11,0.2%,11,0.1%,1711,0.1%,36.1%,3784000,292200 ( 8.4% ),618,127 ( 25.9% ),352513200,49813,21
2016-12-19,14,0.3%,19,0.1%,2714,0.1%,21.3%,3575000,-209000 ( -5.5% ),578,-40 ( -6.5% ),356088200,50391,18
2016-12-20,16,0.3%,20,0.1%,3116,0.1%,36.2%,7903000,4328000 ( 121.1% ),1127,549 ( 95.0% ),363991200,51518,17
2016-12-21,6,0.1%,8,0.1%,901,0.0%,40.0%,2766000,-5137000 ( -65.0% ),360,-767 ( -68.1% ),366757200,51878,23
2016-12-22,8,0.2%,12,0.1%,1308,0.1%,44.0%,3561000,795000 ( 28.7% ),576,216 ( 60.0% ),370318200,52454,19
2016-12-23,2,0.0%,5,0%,360,0.0%,17.5%,568000,-2993000 ( -84.0% ),63,-513 ( -89.1% ),370886200,52517,45
2016-12-24,4,0.1%,6,0%,468,0.0%,17.3%,497000,-71000 ( -12.5% ),81,18 ( 28.6% ),371383200,52598,49
2016-12-25,2,0.0%,4,0%,476,0.0%,6.5%,200000,-297000 ( -59.8% ),31,-50 ( -61.7% ),371583200,52629,55
2016-12-26,12,0.2%,13,0.1%,2149,0.1%,64.0%,10831000,10631000 ( 5315.5% ),1376,1345 ( 4338.7% ),382414200,54005,11
2016-12-27,2,0.0%,6,0%,580,0.0%,6.2%,241000,-10590000 ( -97.8% ),36,-1340 ( -97.4% ),382655200,54041,52
2016-12-28,4,0.1%,5,0%,381,0.0%,72.2%,1411000,1170000 ( 485.5% ),275,239 ( 663.9% ),384066200,54316,30
2016-12-29,1,0.0%,2,0%,104,0.0%,4.8%,45000,-1366000 ( -96.8% ),5,-270 ( -98.2% ),384111200,54321,83
2016-12-30,2,0.0%,4,0%,243,0.0%,45.3%,640000,595000 ( 1322.2% ),110,105 ( 2100.0% ),384751200,54431,42
2016-12-31,1,0.0%,3,0%,156,0.0%,16.0%,206000,-434000 ( -67.8% ),25,-85 ( -77.3% ),384957200,54456,57
2017-01-01,2,0.0%,2,0%,177,0.0%,41.2%,447000,241000 ( 117.0% ),73,48 ( 192.0% ),385404200,54529,38
2017-01-02,2,0.0%,3,0%,290,0.0%,5.2%,119000,-328000 ( -73.4% ),15,-58 ( -79.5% ),385523200,54544,49
2017-01-03,2,0.0%,3,0%,290,0.0%,2.8%,70000,-49000 ( -41.2% ),8,-7 ( -46.7% ),385593200,54552,73
2017-01-04,4,0.1%,7,0%,811,0.0%,26.4%,1778000,1708000 ( 2440.0% ),214,206 ( 2575.0% ),387371200,54766,30
2017-01-05,1,0.0%,2,0%,104,0.0%,7.7%,69000,-1709000 ( -96.1% ),8,-206 ( -96.3% ),387440200,54774,64
2017-01-06,2,0.0%,3,0%,344,0.0%,62.8%,2137000,2068000 ( 2997.1% ),216,208 ( 2600.0% ),389577200,54990,25
2017-01-07,1,0.0%,2,0%,104,0.0%,44.2%,348000,-1789000 ( -83.7% ),46,-170 ( -78.7% ),389925200,55036,48
2017-01-08,3,0.0%,3,0%,381,0.0%,67.5%,2299000,1951000 ( 560.6% ),257,211 ( 458.7% ),392224200,55293,23
2017-01-09,3,0.1%,4,0%,462,0.0%,44.6%,1645000,-654000 ( -28.4% ),206,-51 ( -19.8% ),393869200,55499,23
2017-01-10,9,0.1%,10,0.1%,1559,0.1%,39.3%,4981000,3336000 ( 202.8% ),613,407 ( 197.6% ),398850200,56112,22
2017-01-11,7,0.1%,7,0%,1099,0.0%,51.8%,4615000,-366000 ( -7.3% ),569,-44 ( -7.2% ),403465200,56681,23
2017-01-12,4,0.1%,4,0%,515,0.0%,61.2%,2529000,-2086000 ( -45.2% ),315,-254 ( -44.6% ),405994200,56996,28
2017-01-13,1,0.0%,1,0%,52,0.0%,3.8%,18000,-2511000 ( -99.3% ),2,-313 ( -99.4% ),406012200,56998,70
2017-01-14,2,0.0%,2,0%,235,0.0%,66.8%,1263000,1245000 ( 6916.7% ),157,155 ( 7750.0% ),407275200,57155,35
2017-01-15,1,0.0%,1,0%,52,0.0%,3.8%,18000,-1245000 ( -98.6% ),2,-155 ( -98.7% ),407293200,57157,69
2017-01-16,1,0.0%,1,0%,52,0.0%,3.8%,18000,0 ( 0.0% ),2,0 ( 0.0% ),407311200,57159,65
2017-01-17,1,0.0%,1,0%,52,0.0%,9.6%,39000,21000 ( 116.7% ),5,3 ( 150.0% ),407350200,57164,82
2017-01-18,3,0.1%,3,0%,463,0.0%,77.5%,2999000,2960000 ( 7589.7% ),359,354 ( 7080.0% ),410349200,57523,22
2017-01-19,1,0.0%,2,0%,104,0.0%,3.8%,30000,-2969000 ( -99.0% ),4,-355 ( -98.9% ),410379200,57527,84
2017-01-20,3,0.1%,3,0%,377,0.0%,68.4%,2522000,2492000 ( 8306.7% ),258,254 ( 6350.0% ),412901200,57785,28
2017-01-21,2,0.0%,2,0%,142,0.0%,16.9%,210000,-2312000 ( -91.7% ),24,-234 ( -90.7% ),413111200,57809,59
2017-01-24,1,0.0%,1,0%,52,0.0%,1.9%,6000,6000 ( 100.0% ),1,1 ( 100.0% ),413117200,57810,96
2017-01-26,1,0.0%,1,0%,52,0.0%,7.7%,35000,35000 ( 100.0% ),4,4 ( 100.0% ),413152200,57814,78
2017-01-27,1,0.0%,1,0%,52,0.0%,15.4%,67000,32000 ( 91.4% ),8,4 ( 100.0% ),413219200,57822,63
2017-01-28,1,0.0%,1,0%,52,0.0%,11.5%,51000,-16000 ( -23.9% ),6,-2 ( -25.0% ),413270200,57828,66
2017-01-30,1,0.0%,1,0%,52,0.0%,67.3%,302000,302000 ( 100.0% ),35,35 ( 100.0% ),413572200,57863,54
2017-01-31,1,0.0%,1,0%,153,0.0%,39.2%,300000,-2000 ( -0.7% ),60,25 ( 71.4% ),413872200,57923,48
2017-02-01,1,0.0%,1,0%,52,0.0%,7.7%,36000,-264000 ( -88.0% ),4,-56 ( -93.3% ),413908200,57927,79
2017-02-02,1,0.0%,1,0%,52,0.0%,1.9%,9000,-27000 ( -75.0% ),1,-3 ( -75.0% ),413917200,57928,91
2017-02-08,1,0.0%,1,0%,52,0.0%,9.6%,45000,45000 ( 100.0% ),5,5 ( 100.0% ),413962200,57933,72
2017-02-10,1,0.0%,1,0%,52,0.0%,11.5%,51000,51000 ( 100.0% ),6,6 ( 100.0% ),414013200,57939,75
2017-02-12,1,0.0%,1,0%,159,0.0%,100.0%,954000,954000 ( 100.0% ),159,159 ( 100.0% ),414967200,58098,40
2017-02-15,1,0.0%,1,0%,52,0.0%,5.8%,24000,24000 ( 100.0% ),3,3 ( 100.0% ),414991200,58101,89
2017-02-17,1,0.0%,1,0%,90,0.0%,43.3%,351000,351000 ( 100.0% ),39,39 ( 100.0% ),415342200,58140,67
2017-02-18,1,0.0%,1,0%,52,0.0%,17.3%,81000,-270000 ( -76.9% ),9,-30 ( -76.9% ),415423200,58149,96
2017-02-24,1,0.0%,1,0%,190,0.0%,100.0%,1140000,1140000 ( 100.0% ),190,190 ( 100.0% ),416563200,58339,39
2017-04-08,1,0.0%,1,0%,235,0.0%,100.0%,1645000,1645000 ( 100.0% ),235,235 ( 100.0% ),418208200,58574,33
2017-04-21,1,0.0%,3,0%,666,0.0%,9.0%,120000,120000 ( 100.0% ),60,60 ( 100.0% ),418328200,58634,62
2017-07-18,1,0.0%,5,0%,715,0.0%,0.0%,0,0 ( 0.0% ),0,0 ( 0.0% ),418328200,58634,101
2017-11-03,1,0.0%,1,0%,103,0.0%,1.9%,10000,10000 ( 100.0% ),2,2 ( 100.0% ),418338200,58636,146
2017-11-09,1,0.0%,1,0%,54,0.0%,1.9%,6000,6000 ( 100.0% ),1,1 ( 100.0% ),418344200,58637,123
2017-11-14,1,0.0%,1,0%,54,0.0%,13.0%,32000,32000 ( 100.0% ),7,7 ( 100.0% ),418376200,58644,98
