날짜,스크린수,스크린점유율,상영횟수,상영점유율,좌석수,좌석점유율,좌석판매율,매출액,매출액증감(전일대비),관객수,관객수증감(전일대비),누적매출액,누적관객수,순위
2016-01-08,1,0.0%,1,0%,238,0.0%,100.0%,2142000,2142000 ( 100.0% ),238,238 ( 100.0% ),2142000,238,29
2016-01-19,1,0.0%,1,0%,224,0.0%,100.0%,1792000,1792000 ( 100.0% ),224,224 ( 100.0% ),3934000,462,36
2016-01-21,381,7.3%,1102,7.3%,157479,6.3%,5.8%,68012600,68012600 ( 100.0% ),9164,9164 ( 100.0% ),71946600,9626,8
2016-01-22,384,7.2%,1058,6.9%,150986,5.9%,6.0%,73143751,5131151 ( 7.5% ),9126,-38 ( -0.4% ),145090351,18752,8
2016-01-23,370,6.4%,855,5.3%,119144,4.5%,11.2%,109006356,35862605 ( 49.0% ),13385,4259 ( 46.7% ),254096707,32137,10
2016-01-24,343,6.0%,768,4.9%,107189,4.2%,9.5%,82305400,-26700956 ( -24.5% ),10180,-3205 ( -23.9% ),336402107,42317,10
2016-01-25,327,6.4%,743,5.2%,102215,4.3%,4.5%,34089700,-48215700 ( -58.6% ),4588,-5592 ( -54.9% ),370491807,46905,9
2016-01-26,336,6.5%,735,5.1%,102177,4.3%,4.6%,35151700,1062000 ( 3.1% ),4720,132 ( 2.9% ),405643507,51625,9
2016-01-27,267,5.2%,508,3.5%,70079,2.9%,6.8%,29566400,-5585300 ( -15.9% ),4797,77 ( 1.6% ),435209907,56422,10
2016-01-28,42,0.9%,66,0.4%,8055,0.3%,13.8%,8757500,-20808900 ( -70.4% ),1114,-3683 ( -76.8% ),443967407,57536,13
2016-01-29,42,0.9%,68,0.4%,8532,0.3%,15.7%,10801069,2043569 ( 23.3% ),1339,225 ( 20.2% ),454768476,58875,14
2016-01-30,38,0.8%,62,0.4%,7428,0.3%,27.1%,16998000,6196931 ( 57.4% ),2015,676 ( 50.5% ),471766476,60890,12
2016-01-31,37,0.7%,62,0.4%,7592,0.3%,26.6%,17051700,53700 ( 0.3% ),2023,8 ( 0.4% ),488818176,62913,12
2016-02-01,39,0.9%,68,0.5%,8403,0.3%,10.8%,6766100,-10285600 ( -60.3% ),907,-1116 ( -55.2% ),495584276,63820,13
2016-02-02,39,0.9%,64,0.4%,8268,0.3%,7.9%,4906400,-1859700 ( -27.5% ),654,-253 ( -27.9% ),500490676,64474,17
2016-02-03,29,0.7%,48,0.3%,5802,0.2%,8.8%,3944400,-962000 ( -19.6% ),511,-143 ( -21.9% ),504435076,64985,16
2016-02-04,17,0.4%,19,0.1%,1882,0.1%,17.5%,2397800,-1546600 ( -39.2% ),330,-181 ( -35.4% ),506832876,65315,23
2016-02-05,14,0.3%,16,0.1%,1702,0.1%,12.6%,1813000,-584800 ( -24.4% ),214,-116 ( -35.2% ),508645876,65529,21
2016-02-06,11,0.2%,12,0.1%,1225,0.0%,19.4%,1970000,157000 ( 8.7% ),238,24 ( 11.2% ),510615876,65767,23
2016-02-07,13,0.2%,14,0.1%,1638,0.1%,15.2%,1951200,-18800 ( -1.0% ),249,11 ( 4.6% ),512567076,66016,23
2016-02-08,8,0.2%,9,0.1%,846,0.0%,46.7%,3488400,1537200 ( 78.8% ),395,146 ( 58.6% ),516055476,66411,18
2016-02-09,6,0.1%,7,0%,757,0.0%,27.9%,1748300,-1740100 ( -49.9% ),211,-184 ( -46.6% ),517803776,66622,30
2016-02-10,7,0.1%,8,0%,774,0.0%,38.9%,2493000,744700 ( 42.6% ),301,90 ( 42.7% ),520296776,66923,28
2016-02-11,3,0.1%,4,0%,172,0.0%,49.4%,614000,-1879000 ( -75.4% ),85,-216 ( -71.8% ),520910776,67008,39
2016-02-12,8,0.2%,10,0.1%,796,0.0%,24.1%,1605500,991500 ( 161.5% ),192,107 ( 125.9% ),522516276,67200,25
2016-02-13,3,0.1%,5,0%,202,0.0%,76.7%,1347000,-258500 ( -16.1% ),155,-37 ( -19.3% ),523863276,67355,38
2016-02-14,8,0.2%,10,0.1%,796,0.0%,44.5%,3126400,1779400 ( 132.1% ),354,199 ( 128.4% ),526989676,67709,25
2016-02-15,3,0.1%,5,0%,202,0.0%,35.1%,557000,-2569400 ( -82.2% ),71,-283 ( -79.9% ),527546676,67780,46
2016-02-16,3,0.1%,5,0%,202,0.0%,28.7%,410000,-147000 ( -26.4% ),58,-13 ( -18.3% ),527956676,67838,54
2016-02-17,4,0.1%,6,0%,329,0.0%,25.8%,707000,297000 ( 72.4% ),85,27 ( 46.6% ),528663676,67923,45
2016-02-18,2,0.0%,4,0%,138,0.0%,68.1%,702000,-5000 ( -0.7% ),94,9 ( 10.6% ),529365676,68017,44
2016-02-19,1,0.0%,3,0%,90,0.0%,53.3%,394000,-308000 ( -43.9% ),48,-46 ( -48.9% ),529759676,68065,48
2016-02-20,1,0.0%,3,0%,90,0.0%,81.1%,582000,188000 ( 47.7% ),73,25 ( 52.1% ),530341676,68138,44
2016-02-21,2,0.0%,4,0%,234,0.0%,35.0%,626000,44000 ( 7.6% ),82,9 ( 12.3% ),530967676,68220,41
2016-02-22,1,0.0%,3,0%,90,0.0%,32.2%,187000,-439000 ( -70.1% ),29,-53 ( -64.6% ),531154676,68249,47
2016-02-23,5,0.1%,6,0%,457,0.0%,20.1%,677500,490500 ( 262.3% ),92,63 ( 217.2% ),531832176,68341,42
2016-02-24,1,0.0%,3,0%,90,0.0%,54.4%,269000,-408500 ( -60.3% ),49,-43 ( -46.7% ),532101176,68390,50
2016-02-25,1,0.0%,2,0%,60,0.0%,26.7%,120000,-149000 ( -55.4% ),16,-33 ( -67.3% ),532221176,68406,64
2016-02-26,5,0.1%,6,0%,457,0.0%,27.8%,1050100,930100 ( 775.1% ),127,111 ( 693.8% ),533271276,68533,36
2016-02-27,1,0.0%,2,0%,60,0.0%,75.0%,373000,-677100 ( -64.5% ),45,-82 ( -64.6% ),533644276,68578,53
2016-02-28,1,0.0%,1,0%,30,0.0%,10.0%,22000,-351000 ( -94.1% ),3,-42 ( -93.3% ),533666276,68581,79
2016-02-29,1,0.0%,2,0%,60,0.0%,55.0%,227000,205000 ( 931.8% ),33,30 ( 1000.0% ),533893276,68614,57
2016-03-01,2,0.0%,3,0%,212,0.0%,29.7%,513000,286000 ( 126.0% ),63,30 ( 90.9% ),534406276,68677,46
2016-03-02,7,0.1%,8,0.1%,1129,0.0%,7.5%,576000,63000 ( 12.3% ),85,22 ( 34.9% ),534982276,68762,39
2016-03-04,5,0.1%,5,0%,506,0.0%,5.3%,223000,223000 ( 100.0% ),27,27 ( 100.0% ),535205276,68789,59
2016-03-08,1,0.0%,1,0%,413,0.0%,3.6%,91000,91000 ( 100.0% ),15,15 ( 100.0% ),535296276,68804,74
2016-03-10,1,0.0%,1,0%,413,0.0%,2.7%,55000,55000 ( 100.0% ),11,11 ( 100.0% ),535351276,68815,77
