날짜,스크린수,스크린점유율,상영횟수,상영점유율,좌석수,좌석점유율,좌석판매율,매출액,매출액증감(전일대비),관객수,관객수증감(전일대비),누적매출액,누적관객수,순위
2018-06-25,1,0.0%,1,0%,247,0.0%,100.0%,1976000,1976000 ( 100.0% ),247,247 ( 100.0% ),1976000,247,26
2018-06-26,39,0.7%,40,0.2%,6763,0.3%,79.8%,48476500,46500500 ( 2353.3% ),5394,5147 ( 2083.8% ),50452500,5641,6
2018-06-27,261,4.7%,1100,6.6%,176287,6.6%,21.1%,222528700,174052200 ( 359.0% ),37187,31793 ( 589.4% ),272981200,42828,6
2018-06-28,250,4.6%,1100,6.4%,184164,6.7%,10.9%,164990700,-57538000 ( -25.9% ),20091,-17096 ( -46.0% ),437971900,62919,4
2018-06-29,255,4.6%,1144,6.4%,189681,6.7%,12.0%,210159000,45168300 ( 27.4% ),22810,2719 ( 13.5% ),648130900,85729,6
2018-06-30,261,4.3%,1174,6.2%,195375,6.6%,19.6%,356615000,146456000 ( 69.7% ),38288,15478 ( 67.9% ),1004745900,124017,6
2018-07-01,249,4.2%,1116,6.1%,185061,6.4%,16.7%,288634000,-67981000 ( -19.1% ),30959,-7329 ( -19.1% ),1293379900,154976,6
2018-07-02,225,4.3%,1041,6.2%,170060,6.3%,7.2%,102778300,-185855700 ( -64.4% ),12226,-18733 ( -60.5% ),1396158200,167202,6
2018-07-03,232,4.3%,1024,6%,167294,6.2%,6.6%,94543800,-8234500 ( -8.0% ),11081,-1145 ( -9.4% ),1490702000,178283,6
2018-07-04,162,3.3%,381,2.1%,51501,1.8%,10.6%,44173000,-50370800 ( -53.3% ),5467,-5614 ( -50.7% ),1534875000,183750,6
2018-07-05,171,3.4%,379,2.1%,50634,1.8%,9.2%,38915300,-5257700 ( -11.9% ),4676,-791 ( -14.5% ),1573790300,188426,7
2018-07-06,162,3.2%,345,1.9%,45111,1.5%,10.2%,43235500,4320200 ( 11.1% ),4620,-56 ( -1.2% ),1617025800,193046,7
2018-07-07,161,3.0%,292,1.5%,37596,1.2%,20.7%,72906200,29670700 ( 68.6% ),7764,3144 ( 68.1% ),1689932000,200810,9
2018-07-08,156,3.0%,282,1.5%,36885,1.2%,19.8%,67892300,-5013900 ( -6.9% ),7321,-443 ( -5.7% ),1757824300,208131,9
2018-07-09,167,3.5%,326,1.9%,43967,1.6%,9.5%,32416700,-35475600 ( -52.3% ),4182,-3139 ( -42.9% ),1790241000,212313,7
2018-07-10,159,3.2%,316,1.8%,42520,1.5%,7.4%,26017900,-6398800 ( -19.7% ),3134,-1048 ( -25.1% ),1816258900,215447,7
2018-07-11,66,1.4%,136,0.8%,18284,0.6%,10.5%,15448200,-10569700 ( -40.6% ),1923,-1211 ( -38.6% ),1831707100,217370,10
2018-07-12,57,1.1%,105,0.6%,14471,0.5%,9.4%,11004800,-4443400 ( -28.8% ),1367,-556 ( -28.9% ),1842711900,218737,13
2018-07-13,54,1.1%,94,0.5%,12906,0.4%,10.2%,12340100,1335300 ( 12.1% ),1312,-55 ( -4.0% ),1855052000,220049,16
2018-07-14,54,1.0%,87,0.4%,11555,0.4%,16.9%,18389600,6049500 ( 49.0% ),1952,640 ( 48.8% ),1873441600,222001,16
2018-07-15,55,1.0%,88,0.5%,11667,0.4%,16.1%,17615000,-774600 ( -4.2% ),1874,-78 ( -4.0% ),1891056600,223875,15
2018-07-16,52,1.1%,82,0.5%,11425,0.4%,7.9%,7281400,-10333600 ( -58.7% ),899,-975 ( -52.0% ),1898338000,224774,15
2018-07-17,55,1.1%,93,0.5%,12652,0.4%,7.7%,8005500,724100 ( 9.9% ),977,78 ( 8.7% ),1906343500,225751,13
2018-07-18,23,0.4%,33,0.2%,5058,0.2%,9.1%,3598700,-4406800 ( -55.0% ),461,-516 ( -52.8% ),1909942200,226212,21
2018-07-19,13,0.2%,17,0.1%,2052,0.1%,8.8%,1429700,-2169000 ( -60.3% ),181,-280 ( -60.7% ),1911371900,226393,37
2018-07-20,12,0.2%,16,0.1%,2298,0.1%,12.8%,2689200,1259500 ( 88.1% ),293,112 ( 61.9% ),1914061100,226686,29
2018-07-21,15,0.2%,18,0.1%,2008,0.1%,20.8%,3738900,1049700 ( 39.0% ),418,125 ( 42.7% ),1917800000,227104,27
2018-07-22,13,0.2%,17,0.1%,2169,0.1%,15.4%,2758400,-980500 ( -26.2% ),334,-84 ( -20.1% ),1920558400,227438,29
2018-07-23,10,0.2%,17,0.1%,2490,0.1%,9.6%,1787500,-970900 ( -35.2% ),238,-96 ( -28.7% ),1922345900,227676,26
2018-07-24,8,0.1%,13,0.1%,1845,0.1%,10.6%,1521000,-266500 ( -14.9% ),196,-42 ( -17.6% ),1923866900,227872,36
2018-07-25,4,0.1%,4,0%,437,0.0%,16.0%,577500,-943500 ( -62.0% ),70,-126 ( -64.3% ),1924444400,227942,58
2018-07-26,2,0.0%,2,0%,268,0.0%,3.7%,87000,-490500 ( -84.9% ),10,-60 ( -85.7% ),1924531400,227952,82
2018-07-27,2,0.0%,2,0%,268,0.0%,7.5%,183000,96000 ( 110.3% ),20,10 ( 100.0% ),1924714400,227972,65
2018-07-28,3,0.1%,5,0%,688,0.0%,10.5%,671000,488000 ( 266.7% ),72,52 ( 260.0% ),1925385400,228044,45
2018-07-29,3,0.1%,5,0%,688,0.0%,8.6%,547000,-124000 ( -18.5% ),59,-13 ( -18.1% ),1925932400,228103,43
2018-07-30,3,0.1%,4,0%,528,0.0%,7.0%,307000,-240000 ( -43.9% ),37,-22 ( -37.3% ),1926239400,228140,55
2018-07-31,3,0.1%,4,0%,528,0.0%,11.6%,497000,190000 ( 61.9% ),61,24 ( 64.9% ),1926736400,228201,57
2018-08-01,2,0.0%,2,0%,268,0.0%,6.3%,145000,-352000 ( -70.8% ),17,-44 ( -72.1% ),1926881400,228218,69
2018-08-02,2,0.0%,2,0%,268,0.0%,17.9%,394000,249000 ( 171.7% ),48,31 ( 182.4% ),1927275400,228266,45
2018-08-03,1,0.0%,1,0%,92,0.0%,8.7%,75000,-319000 ( -81.0% ),8,-40 ( -83.3% ),1927350400,228274,76
2018-08-04,2,0.0%,2,0%,200,0.0%,11.0%,189000,114000 ( 152.0% ),22,14 ( 175.0% ),1927539400,228296,53
2018-08-05,2,0.0%,2,0%,244,0.0%,12.7%,304000,115000 ( 60.8% ),31,9 ( 40.9% ),1927843400,228327,42
2018-08-06,2,0.0%,2,0%,200,0.0%,4.5%,66000,-238000 ( -78.3% ),9,-22 ( -71.0% ),1927909400,228336,61
2018-08-07,1,0.0%,1,0%,92,0.0%,9.8%,75000,9000 ( 13.6% ),9,0 ( 0.0% ),1927984400,228345,67
2018-08-08,2,0.0%,2,0%,200,0.0%,6.5%,110000,35000 ( 46.7% ),13,4 ( 44.4% ),1928094400,228358,70
2018-08-09,1,0.0%,1,0%,108,0.0%,1.9%,16000,-94000 ( -85.5% ),2,-11 ( -84.6% ),1928110400,228360,85
2018-08-10,1,0.0%,1,0%,108,0.0%,2.8%,24000,8000 ( 50.0% ),3,1 ( 50.0% ),1928134400,228363,79
2018-08-11,1,0.0%,1,0%,108,0.0%,2.8%,24000,0 ( 0.0% ),3,0 ( 0.0% ),1928158400,228366,77
2018-08-12,1,0.0%,1,0%,108,0.0%,3.7%,32000,8000 ( 33.3% ),4,1 ( 33.3% ),1928190400,228370,77
2018-08-13,1,0.0%,1,0%,108,0.0%,2.8%,24000,-8000 ( -25.0% ),3,-1 ( -25.0% ),1928214400,228373,76
2018-08-14,1,0.0%,1,0%,108,0.0%,3.7%,32000,8000 ( 33.3% ),4,1 ( 33.3% ),1928246400,228377,86
2018-08-15,1,0.0%,1,0%,108,0.0%,5.6%,48000,16000 ( 50.0% ),6,2 ( 50.0% ),1928294400,228383,74
2018-08-17,1,0.0%,1,0%,108,0.0%,0.9%,8000,8000 ( 100.0% ),1,1 ( 100.0% ),1928302400,228384,103
2018-08-18,1,0.0%,1,0%,108,0.0%,1.9%,16000,8000 ( 100.0% ),2,1 ( 100.0% ),1928318400,228386,92
2018-08-19,1,0.0%,1,0%,108,0.0%,2.8%,24000,8000 ( 50.0% ),3,1 ( 50.0% ),1928342400,228389,94
2018-08-20,1,0.0%,1,0%,108,0.0%,2.8%,24000,0 ( 0.0% ),3,0 ( 0.0% ),1928366400,228392,90
2018-08-21,1,0.0%,1,0%,108,0.0%,1.9%,16000,-8000 ( -33.3% ),2,-1 ( -33.3% ),1928382400,228394,107
2018-08-22,1,0.0%,1,0%,108,0.0%,2.8%,24000,8000 ( 50.0% ),3,1 ( 50.0% ),1928406400,228397,95
2018-08-24,3,0.0%,3,0%,544,0.0%,55.5%,2716000,2716000 ( 100.0% ),302,302 ( 100.0% ),1931122400,228699,25
2018-08-25,2,0.0%,2,0%,535,0.0%,74.8%,3600000,884000 ( 32.5% ),400,98 ( 32.5% ),1934722400,229099,24
2018-08-26,1,0.0%,1,0%,108,0.0%,6.5%,56000,-3544000 ( -98.4% ),7,-393 ( -98.3% ),1934778400,229106,91
2018-08-28,4,0.1%,4,0%,594,0.0%,63.3%,3381000,3381000 ( 100.0% ),376,376 ( 100.0% ),1938159400,229482,23
2018-08-30,1,0.0%,1,0%,108,0.0%,0.9%,8000,8000 ( 100.0% ),1,1 ( 100.0% ),1938167400,229483,104
2018-08-31,1,0.0%,1,0%,108,0.0%,0.9%,8000,0 ( 0.0% ),1,0 ( 0.0% ),1938175400,229484,110
2018-09-01,1,0.0%,1,0%,108,0.0%,2.8%,24000,16000 ( 200.0% ),3,2 ( 200.0% ),1938199400,229487,100
2018-09-02,1,0.0%,2,0%,216,0.0%,1.4%,24000,0 ( 0.0% ),3,0 ( 0.0% ),1938223400,229490,91
2018-09-03,1,0.0%,1,0%,108,0.0%,0.9%,8000,-16000 ( -66.7% ),1,-2 ( -66.7% ),1938231400,229491,80
2018-09-04,1,0.0%,2,0%,216,0.0%,0.9%,16000,8000 ( 100.0% ),2,1 ( 100.0% ),1938247400,229493,90
2018-09-05,1,0.0%,2,0%,216,0.0%,1.4%,24000,8000 ( 50.0% ),3,1 ( 50.0% ),1938271400,229496,86
2018-09-06,1,0.0%,1,0%,108,0.0%,0.9%,8000,-16000 ( -66.7% ),1,-2 ( -66.7% ),1938279400,229497,104
2018-09-07,1,0.0%,2,0%,216,0.0%,2.3%,40000,32000 ( 400.0% ),5,4 ( 400.0% ),1938319400,229502,110
2018-09-08,1,0.0%,2,0%,216,0.0%,3.2%,56000,16000 ( 40.0% ),7,2 ( 40.0% ),1938375400,229509,117
2018-09-09,1,0.0%,2,0%,216,0.0%,2.8%,48000,-8000 ( -14.3% ),6,-1 ( -14.3% ),1938423400,229515,114
2018-09-10,1,0.0%,2,0%,216,0.0%,0.9%,16000,-32000 ( -66.7% ),2,-4 ( -66.7% ),1938439400,229517,106
2018-09-11,1,0.0%,2,0%,216,0.0%,0.9%,15000,-1000 ( -6.3% ),2,0 ( 0.0% ),1938454400,229519,117
2018-09-12,1,0.0%,1,0%,108,0.0%,1.9%,16000,1000 ( 6.7% ),2,0 ( 0.0% ),1938470400,229521,115
2018-09-13,1,0.0%,1,0%,108,0.0%,0.9%,8000,-8000 ( -50.0% ),1,-1 ( -50.0% ),1938478400,229522,123
2018-09-15,1,0.0%,1,0%,108,0.0%,1.9%,16000,16000 ( 100.0% ),2,2 ( 100.0% ),1938494400,229524,152
2018-09-17,1,0.0%,1,0%,108,0.0%,0.9%,8000,8000 ( 100.0% ),1,1 ( 100.0% ),1938502400,229525,105
2018-09-18,1,0.0%,2,0%,216,0.0%,1.4%,23000,15000 ( 187.5% ),3,2 ( 200.0% ),1938525400,229528,103
2018-09-19,1,0.0%,1,0%,108,0.0%,0.9%,8000,-15000 ( -65.2% ),1,-2 ( -66.7% ),1938533400,229529,100
2018-09-21,1,0.0%,1,0%,108,0.0%,0.9%,8000,8000 ( 100.0% ),1,1 ( 100.0% ),1938541400,229530,100
2018-09-23,1,0.0%,1,0%,108,0.0%,1.9%,16000,16000 ( 100.0% ),2,2 ( 100.0% ),1938557400,229532,84
2018-09-26,1,0.0%,1,0%,108,0.0%,1.9%,16000,16000 ( 100.0% ),2,2 ( 100.0% ),1938573400,229534,100
2018-09-27,1,0.0%,1,0%,108,0.0%,0.9%,8000,-8000 ( -50.0% ),1,-1 ( -50.0% ),1938581400,229535,102
2018-09-28,1,0.0%,1,0%,108,0.0%,1.9%,16000,8000 ( 100.0% ),2,1 ( 100.0% ),1938597400,229537,91
2018-09-29,1,0.0%,1,0%,108,0.0%,0.9%,8000,-8000 ( -50.0% ),1,-1 ( -50.0% ),1938605400,229538,102
2018-09-30,1,0.0%,1,0%,108,0.0%,0.9%,8000,0 ( 0.0% ),1,0 ( 0.0% ),1938613400,229539,97
2018-10-02,1,0.0%,1,0%,108,0.0%,0.9%,8000,8000 ( 100.0% ),1,1 ( 100.0% ),1938621400,229540,102
2018-10-03,1,0.0%,1,0%,108,0.0%,1.9%,16000,8000 ( 100.0% ),2,1 ( 100.0% ),1938637400,229542,87
