날짜,스크린수,스크린점유율,상영횟수,상영점유율,좌석수,좌석점유율,좌석판매율,매출액,매출액증감(전일대비),관객수,관객수증감(전일대비),누적매출액,누적관객수,순위
2018-07-16,8,0.2%,8,0%,1474,0.1%,99.2%,13158000,13158000 ( 100.0% ),1462,1462 ( 100.0% ),13158000,1462,13
2018-07-18,1,0.0%,1,0%,172,0.0%,100.0%,1548000,1548000 ( 100.0% ),172,172 ( 100.0% ),14706000,1634,38
2018-07-24,2,0.0%,2,0%,304,0.0%,65.8%,1800000,1800000 ( 100.0% ),200,200 ( 100.0% ),16506000,1834,34
2018-07-25,559,10.0%,985,5.7%,122248,4.5%,30.0%,244738500,242938500 ( 13496.6% ),36633,36433 ( 18216.5% ),261244500,38467,4
2018-07-26,587,10.5%,1127,6.4%,141131,5.1%,26.9%,263586200,18847700 ( 7.7% ),37938,1305 ( 3.6% ),524830700,76405,4
2018-07-27,650,11.5%,1323,7.4%,169261,6.1%,25.7%,334843200,71257000 ( 27.0% ),43498,5560 ( 14.7% ),859673900,119903,4
2018-07-28,733,12.7%,1817,9.7%,235677,8.1%,44.2%,809770400,474927200 ( 141.8% ),104068,60570 ( 139.2% ),1669444300,223971,4
2018-07-29,762,13.1%,1858,10.1%,242632,8.4%,39.1%,747125900,-62644500 ( -7.7% ),94962,-9106 ( -8.8% ),2416570200,318933,4
2018-07-30,682,12.3%,1676,9.4%,220402,7.9%,29.7%,458460600,-288665300 ( -38.6% ),65555,-29407 ( -31.0% ),2875030800,384488,3
2018-07-31,693,12.1%,1695,9.4%,222078,7.9%,27.5%,422903600,-35557000 ( -7.8% ),60997,-4558 ( -7.0% ),3297934400,445485,3
2018-08-01,490,8.9%,752,4.1%,91275,3.2%,43.3%,273460900,-149442700 ( -35.3% ),39482,-21515 ( -35.3% ),3571395300,484967,5
2018-08-02,477,8.5%,734,4%,88897,3.1%,41.8%,258846100,-14614800 ( -5.3% ),37195,-2287 ( -5.8% ),3830241400,522162,5
2018-08-03,467,8.5%,690,3.7%,82486,2.8%,38.5%,242379000,-16467100 ( -6.4% ),31721,-5474 ( -14.7% ),4072620400,553883,5
2018-08-04,460,8.1%,655,3.5%,78501,2.7%,43.8%,265663200,23284200 ( 9.6% ),34386,2665 ( 8.4% ),4338283600,588269,5
2018-08-05,469,8.3%,657,3.5%,78177,2.7%,43.1%,261984800,-3678400 ( -1.4% ),33691,-695 ( -2.0% ),4600268400,621960,5
2018-08-06,443,8.6%,609,3.4%,72744,2.6%,20.5%,103712900,-158271900 ( -60.4% ),14897,-18794 ( -55.8% ),4703981300,636857,5
2018-08-07,452,8.6%,622,3.5%,74870,2.7%,21.7%,112101900,8389000 ( 8.1% ),16225,1328 ( 8.9% ),4816083200,653082,5
2018-08-08,74,1.3%,78,0.4%,10414,0.4%,18.3%,13068200,-99033700 ( -88.3% ),1910,-14315 ( -88.2% ),4829151400,654992,11
2018-08-09,67,1.2%,72,0.4%,9921,0.3%,15.3%,10470900,-2597300 ( -19.9% ),1519,-391 ( -20.5% ),4839622300,656511,13
2018-08-10,72,1.2%,78,0.4%,10537,0.4%,14.6%,11374500,903600 ( 8.6% ),1543,24 ( 1.6% ),4850996800,658054,10
2018-08-11,98,1.6%,111,0.6%,13661,0.4%,34.6%,34832800,23458300 ( 206.2% ),4727,3184 ( 206.4% ),4885829600,662781,10
2018-08-12,97,1.6%,107,0.6%,13708,0.5%,37.2%,39284500,4451700 ( 12.8% ),5098,371 ( 7.8% ),4925114100,667879,9
2018-08-13,68,1.2%,74,0.4%,9497,0.3%,12.9%,8452200,-30832300 ( -78.5% ),1224,-3874 ( -76.0% ),4933566300,669103,11
2018-08-14,69,1.2%,78,0.4%,10382,0.4%,14.4%,10342200,1890000 ( 22.4% ),1490,266 ( 21.7% ),4943908500,670593,15
2018-08-15,46,0.7%,48,0.2%,6960,0.2%,41.3%,22374000,12031800 ( 116.3% ),2871,1381 ( 92.7% ),4966282500,673464,14
2018-08-16,24,0.4%,30,0.2%,4122,0.1%,12.3%,3352400,-19021600 ( -85.0% ),509,-2362 ( -82.3% ),4969634900,673973,19
2018-08-17,24,0.4%,31,0.2%,4185,0.1%,9.6%,3207900,-144500 ( -4.3% ),403,-106 ( -20.8% ),4972842800,674376,20
2018-08-18,39,0.6%,47,0.2%,6913,0.2%,15.9%,8803500,5595600 ( 174.4% ),1099,696 ( 172.7% ),4981646300,675475,16
2018-08-19,37,0.6%,47,0.2%,6802,0.2%,15.0%,8172800,-630700 ( -7.2% ),1022,-77 ( -7.0% ),4989819100,676497,16
2018-08-20,21,0.3%,23,0.1%,3166,0.1%,5.5%,1196600,-6976200 ( -85.4% ),175,-847 ( -82.9% ),4991015700,676672,26
2018-08-21,21,0.3%,22,0.1%,3094,0.1%,6.2%,1287300,90700 ( 7.6% ),191,16 ( 9.1% ),4992303000,676863,29
2018-08-22,9,0.2%,10,0.1%,1456,0.1%,11.1%,1109000,-178300 ( -13.9% ),161,-30 ( -15.7% ),4993412000,677024,35
2018-08-23,3,0.1%,3,0%,398,0.0%,7.0%,202000,-907000 ( -81.8% ),28,-133 ( -82.6% ),4993614000,677052,63
2018-08-24,4,0.1%,4,0%,561,0.0%,9.6%,434500,232500 ( 115.1% ),54,26 ( 92.9% ),4994048500,677106,60
2018-08-25,7,0.1%,8,0%,844,0.0%,18.8%,1259000,824500 ( 189.8% ),159,105 ( 194.4% ),4995307500,677265,42
2018-08-26,7,0.1%,8,0%,768,0.0%,29.6%,1927600,668600 ( 53.1% ),227,68 ( 42.8% ),4997235100,677492,32
2018-08-27,3,0.1%,3,0%,314,0.0%,2.2%,44000,-1883600 ( -97.7% ),7,-220 ( -96.9% ),4997279100,677499,74
2018-08-28,3,0.1%,4,0%,420,0.0%,10.0%,236000,192000 ( 436.4% ),42,35 ( 500.0% ),4997515100,677541,60
2018-08-29,4,0.1%,4,0%,462,0.0%,5.0%,164000,-72000 ( -30.5% ),23,-19 ( -45.2% ),4997679100,677564,69
2018-08-30,3,0.1%,3,0%,296,0.0%,13.2%,209000,45000 ( 27.4% ),39,16 ( 69.6% ),4997888100,677603,66
2018-08-31,3,0.0%,3,0%,296,0.0%,15.2%,238000,29000 ( 13.9% ),45,6 ( 15.4% ),4998126100,677648,72
2018-09-01,4,0.1%,4,0%,294,0.0%,16.0%,370000,132000 ( 55.5% ),47,2 ( 4.4% ),4998496100,677695,73
2018-09-02,6,0.1%,6,0%,532,0.0%,17.5%,722000,352000 ( 95.1% ),93,46 ( 97.9% ),4999218100,677788,50
2018-09-05,1,0.0%,1,0%,126,0.0%,1.6%,11000,11000 ( 100.0% ),2,2 ( 100.0% ),4999229100,677790,88
2018-09-06,1,0.0%,1,0%,126,0.0%,3.2%,22000,11000 ( 100.0% ),4,2 ( 100.0% ),4999251100,677794,92
2018-09-08,4,0.1%,4,0%,328,0.0%,9.8%,237500,237500 ( 100.0% ),32,32 ( 100.0% ),4999488600,677826,73
2018-09-09,7,0.1%,8,0%,1109,0.0%,5.9%,499000,261500 ( 110.1% ),65,33 ( 103.1% ),4999987600,677891,52
2018-09-10,1,0.0%,1,0%,126,0.0%,0.0%,0,-499000 ( -100.0% ),0,-65 ( -100.0% ),4999987600,677891,112
2018-09-11,1,0.0%,1,0%,126,0.0%,1.6%,12000,12000 ( 100.0% ),2,2 ( 100.0% ),4999999600,677893,117
2018-09-12,1,0.0%,2,0%,252,0.0%,1.6%,24000,12000 ( 100.0% ),4,2 ( 100.0% ),5000023600,677897,110
2018-09-15,1,0.0%,1,0%,126,0.0%,1.6%,13000,13000 ( 100.0% ),2,2 ( 100.0% ),5000036600,677899,152
2018-09-16,1,0.0%,1,0%,126,0.0%,9.5%,76000,63000 ( 484.6% ),12,10 ( 500.0% ),5000112600,677911,129
2018-09-19,1,0.0%,1,0%,126,0.0%,0.8%,5000,5000 ( 100.0% ),1,1 ( 100.0% ),5000117600,677912,100
2018-09-27,1,0.0%,2,0%,252,0.0%,1.6%,25000,25000 ( 100.0% ),4,4 ( 100.0% ),5000142600,677916,89
2018-09-29,1,0.0%,2,0%,252,0.0%,2.8%,44000,44000 ( 100.0% ),7,7 ( 100.0% ),5000186600,677923,91
2018-09-30,1,0.0%,2,0%,252,0.0%,6.3%,97000,53000 ( 120.5% ),16,9 ( 128.6% ),5000283600,677939,77
2018-10-02,1,0.0%,1,0%,126,0.0%,5.6%,41000,41000 ( 100.0% ),7,7 ( 100.0% ),5000324600,677946,88
2018-10-03,1,0.0%,1,0%,126,0.0%,9.5%,80000,39000 ( 95.1% ),12,5 ( 71.4% ),5000404600,677958,69
2018-10-13,1,0.0%,1,0%,126,0.0%,2.4%,18000,18000 ( 100.0% ),3,3 ( 100.0% ),5000422600,677961,81
2018-10-20,1,0.0%,1,0%,126,0.0%,9.5%,71000,71000 ( 100.0% ),12,12 ( 100.0% ),5000493600,677973,72
2018-10-21,1,0.0%,1,0%,126,0.0%,8.7%,63000,-8000 ( -11.3% ),11,-1 ( -8.3% ),5000556600,677984,72
2018-10-22,2,0.0%,2,0%,239,0.0%,1.3%,20000,-43000 ( -68.3% ),3,-8 ( -72.7% ),5000576600,677987,87
2018-10-24,1,0.0%,1,0%,116,0.0%,1.7%,10000,10000 ( 100.0% ),2,2 ( 100.0% ),5000586600,677989,101
2018-10-25,1,0.0%,1,0%,116,0.0%,2.6%,15000,5000 ( 50.0% ),3,1 ( 50.0% ),5000601600,677992,113
2018-10-27,1,0.0%,2,0%,252,0.0%,3.2%,50000,50000 ( 100.0% ),8,8 ( 100.0% ),5000651600,678000,123
2018-10-28,1,0.0%,2,0%,252,0.0%,4.8%,73000,23000 ( 46.0% ),12,4 ( 50.0% ),5000724600,678012,96
2018-10-29,1,0.0%,1,0%,116,0.0%,1.7%,9650,-63350 ( -86.8% ),2,-10 ( -83.3% ),5000734250,678014,101
2018-11-01,2,0.0%,2,0%,242,0.0%,3.3%,51000,51000 ( 100.0% ),8,8 ( 100.0% ),5000785250,678022,99
2018-11-02,1,0.0%,1,0%,116,0.0%,18.1%,152000,101000 ( 198.0% ),21,13 ( 162.5% ),5000937250,678043,75
2018-11-03,1,0.0%,1,0%,126,0.0%,1.6%,14000,-138000 ( -90.8% ),2,-19 ( -90.5% ),5000951250,678045,131
2018-11-04,1,0.0%,1,0%,126,0.0%,1.6%,13000,-1000 ( -7.1% ),2,0 ( 0.0% ),5000964250,678047,120
2018-11-06,2,0.0%,2,0%,242,0.0%,2.5%,39000,39000 ( 100.0% ),6,6 ( 100.0% ),5001003250,678053,90
2018-11-10,1,0.0%,1,0%,126,0.0%,1.6%,18000,18000 ( 100.0% ),2,2 ( 100.0% ),5001021250,678055,108
2018-11-11,1,0.0%,1,0%,126,0.0%,11.1%,92000,74000 ( 411.1% ),14,12 ( 600.0% ),5001113250,678069,86
2018-11-15,1,0.0%,1,0%,126,0.0%,1.6%,12000,12000 ( 100.0% ),2,2 ( 100.0% ),5001125250,678071,118
2018-11-16,1,0.0%,1,0%,116,0.0%,1.7%,10000,-2000 ( -16.7% ),2,0 ( 0.0% ),5001135250,678073,106
2018-11-17,1,0.0%,2,0%,252,0.0%,3.2%,53000,43000 ( 430.0% ),8,6 ( 300.0% ),5001188250,678081,115
2018-11-18,1,0.0%,1,0%,126,0.0%,4.0%,27000,-26000 ( -49.1% ),5,-3 ( -37.5% ),5001215250,678086,108
2018-11-22,1,0.0%,1,0%,126,0.0%,0.8%,8000,8000 ( 100.0% ),1,1 ( 100.0% ),5001223250,678087,120
2018-11-24,1,0.0%,1,0%,126,0.0%,2.4%,18000,18000 ( 100.0% ),3,3 ( 100.0% ),5001241250,678090,132
2018-11-28,1,0.0%,1,0%,126,0.0%,0.8%,6000,6000 ( 100.0% ),1,1 ( 100.0% ),5001247250,678091,129
