날짜,스크린수,스크린점유율,상영횟수,상영점유율,좌석수,좌석점유율,좌석판매율,매출액,매출액증감(전일대비),관객수,관객수증감(전일대비),누적매출액,누적관객수,순위
2016-09-03,1,0.0%,1,0%,102,0.0%,100.0%,993000,993000 ( 100.0% ),102,102 ( 100.0% ),993000,102,60
2016-09-06,1,0.0%,2,0%,364,0.0%,71.4%,2080000,2080000 ( 100.0% ),260,260 ( 100.0% ),3073000,362,41
2016-09-07,4,0.1%,4,0%,1001,0.0%,100.0%,8008000,5928000 ( 285.0% ),1001,741 ( 285.0% ),11081000,1363,14
2016-09-08,2,0.0%,2,0%,340,0.0%,100.0%,2720000,-5288000 ( -66.0% ),340,-661 ( -66.0% ),13801000,1703,27
2016-09-10,21,0.4%,23,0.1%,3262,0.1%,31.6%,6936700,6936700 ( 100.0% ),1031,1031 ( 100.0% ),20737700,2734,17
2016-09-11,19,0.3%,20,0.1%,2861,0.1%,29.0%,5624500,-1312200 ( -18.9% ),831,-200 ( -19.4% ),26362200,3565,19
2016-09-12,14,0.3%,15,0.1%,2187,0.1%,20.0%,2928000,-2696500 ( -47.9% ),437,-394 ( -47.4% ),29290200,4002,23
2016-09-13,15,0.3%,16,0.1%,2330,0.1%,30.4%,4714800,1786800 ( 61.0% ),709,272 ( 62.2% ),34005000,4711,22
2016-09-14,15,0.3%,17,0.1%,2301,0.1%,24.8%,3905700,-809100 ( -17.2% ),570,-139 ( -19.6% ),37910700,5281,23
2016-09-15,26,0.4%,27,0.2%,3589,0.1%,37.9%,9245200,5339500 ( 136.7% ),1362,792 ( 138.9% ),47155900,6643,19
2016-09-16,22,0.4%,23,0.1%,3080,0.1%,40.6%,8511900,-733300 ( -7.9% ),1249,-113 ( -8.3% ),55667800,7892,20
2016-09-17,19,0.3%,21,0.1%,3257,0.1%,42.4%,9394100,882200 ( 10.4% ),1381,132 ( 10.6% ),65061900,9273,18
2016-09-18,21,0.4%,21,0.1%,3040,0.1%,34.8%,7224800,-2169300 ( -23.1% ),1059,-322 ( -23.3% ),72286700,10332,18
2016-09-19,1,0.0%,1,0%,180,0.0%,0.0%,0,-7224800 ( -100.0% ),0,-1059 ( -100.0% ),72286700,10332,97
2016-09-20,1,0.0%,1,0%,126,0.0%,100.0%,1008000,1008000 ( 100.0% ),126,126 ( 100.0% ),73294700,10458,40
2016-09-21,172,3.8%,780,5.5%,130461,5.6%,13.6%,141122400,140114400 ( 13900.2% ),17795,17669 ( 14023.0% ),214417100,28253,4
2016-09-22,187,3.8%,786,5.4%,131304,5.5%,13.9%,145370200,4247800 ( 3.0% ),18235,440 ( 2.5% ),359787300,46488,4
2016-09-23,212,4.2%,840,5.6%,136859,5.5%,16.7%,203056700,57686500 ( 39.7% ),22860,4625 ( 25.4% ),562844000,69348,4
2016-09-24,263,4.1%,924,5.7%,148081,5.6%,27.8%,374408600,171351900 ( 84.4% ),41175,18315 ( 80.1% ),937252600,110523,4
2016-09-25,250,3.9%,891,5.6%,143313,5.5%,26.9%,352285800,-22122800 ( -5.9% ),38508,-2667 ( -6.5% ),1289538400,149031,3
2016-09-26,213,4.5%,879,6.3%,147030,6.4%,9.3%,109474000,-242811800 ( -68.9% ),13633,-24875 ( -64.6% ),1399012400,162664,4
2016-09-27,221,4.5%,865,6.2%,144840,6.3%,7.9%,91368200,-18105800 ( -16.5% ),11492,-2141 ( -15.7% ),1490380600,174156,4
2016-09-28,137,2.9%,321,2.1%,42210,1.7%,12.1%,31261600,-60106600 ( -65.8% ),5093,-6399 ( -55.7% ),1521642200,179249,7
2016-09-29,135,2.8%,316,2%,44166,1.7%,9.2%,32401000,1139400 ( 3.6% ),4068,-1025 ( -20.1% ),1554043200,183317,7
2016-09-30,129,2.6%,305,1.9%,41311,1.6%,12.9%,46348500,13947500 ( 43.0% ),5323,1255 ( 30.9% ),1600391700,188640,7
2016-10-01,116,2.1%,223,1.3%,28303,1.0%,21.6%,54230800,7882300 ( 17.0% ),6100,777 ( 14.6% ),1654622500,194740,11
2016-10-02,107,1.9%,204,1.2%,25641,0.9%,25.0%,57672500,3441700 ( 6.3% ),6405,305 ( 5.0% ),1712295000,201145,11
2016-10-03,101,1.8%,183,1.1%,23067,0.9%,17.3%,36184100,-21488400 ( -37.3% ),4002,-2403 ( -37.5% ),1748479100,205147,12
2016-10-04,118,2.5%,232,1.5%,30864,1.2%,5.8%,14223700,-21960400 ( -60.7% ),1791,-2211 ( -55.2% ),1762702800,206938,9
2016-10-05,55,1.2%,108,0.7%,14624,0.6%,4.6%,5377000,-8846700 ( -62.2% ),671,-1120 ( -62.5% ),1768079800,207609,15
2016-10-06,45,0.9%,77,0.5%,10900,0.4%,4.7%,4102700,-1274300 ( -23.7% ),509,-162 ( -24.1% ),1772182500,208118,21
2016-10-07,44,0.8%,71,0.4%,9290,0.4%,6.2%,5224100,1121400 ( 27.3% ),575,66 ( 13.0% ),1777406600,208693,21
2016-10-08,35,0.6%,50,0.3%,6294,0.2%,9.3%,5401000,176900 ( 3.4% ),588,13 ( 2.3% ),1782807600,209281,25
2016-10-09,37,0.6%,52,0.3%,6529,0.2%,7.0%,4201500,-1199500 ( -22.2% ),455,-133 ( -22.6% ),1787009100,209736,25
2016-10-10,39,0.8%,58,0.4%,7922,0.3%,3.4%,2187300,-2014200 ( -47.9% ),270,-185 ( -40.7% ),1789196400,210006,22
2016-10-11,36,0.7%,53,0.4%,7286,0.3%,3.3%,1911000,-276300 ( -12.6% ),244,-26 ( -9.6% ),1791107400,210250,22
2016-10-12,40,0.8%,61,0.4%,8520,0.3%,4.1%,2286000,375000 ( 19.6% ),347,103 ( 42.2% ),1793393400,210597,21
2016-10-13,1,0.0%,1,0%,173,0.0%,2.3%,27000,-2259000 ( -98.8% ),4,-343 ( -98.8% ),1793420400,210601,87
2016-10-14,1,0.0%,1,0%,173,0.0%,7.5%,109000,82000 ( 303.7% ),13,9 ( 225.0% ),1793529400,210614,85
2016-10-16,2,0.0%,2,0%,402,0.0%,5.7%,221000,221000 ( 100.0% ),23,23 ( 100.0% ),1793750400,210637,73
2016-10-17,1,0.0%,1,0%,247,0.0%,3.6%,78000,-143000 ( -64.7% ),9,-14 ( -60.9% ),1793828400,210646,63
2016-10-18,1,0.0%,1,0%,247,0.0%,2.8%,66000,-12000 ( -15.4% ),7,-2 ( -22.2% ),1793894400,210653,81
2016-11-02,20,0.5%,20,0.1%,2588,0.1%,18.0%,2512500,2512500 ( 100.0% ),465,465 ( 100.0% ),1796406900,211118,20
2016-11-03,5,0.1%,5,0%,568,0.0%,19.9%,591000,-1921500 ( -76.5% ),113,-352 ( -75.7% ),1796997900,211231,48
2016-11-04,1,0.0%,1,0%,93,0.0%,4.3%,26000,-565000 ( -95.6% ),4,-109 ( -96.5% ),1797023900,211235,92
2016-11-07,5,0.1%,5,0%,568,0.0%,20.2%,612000,612000 ( 100.0% ),115,115 ( 100.0% ),1797635900,211350,42
2016-11-09,5,0.1%,5,0%,568,0.0%,18.8%,550000,550000 ( 100.0% ),107,107 ( 100.0% ),1798185900,211457,45
2016-11-14,5,0.1%,5,0%,590,0.0%,18.5%,565000,565000 ( 100.0% ),109,109 ( 100.0% ),1798750900,211566,43
2016-11-16,4,0.1%,4,0%,427,0.0%,21.1%,480000,480000 ( 100.0% ),90,90 ( 100.0% ),1799230900,211656,52
2016-11-29,1,0.0%,1,0%,212,0.0%,9.4%,100000,100000 ( 100.0% ),20,20 ( 100.0% ),1799330900,211676,83
2016-11-30,8,0.2%,8,0%,1279,0.0%,64.3%,6584000,6484000 ( 6484.0% ),823,803 ( 4015.0% ),1805914900,212499,20
2016-12-01,1,0.0%,1,0%,187,0.0%,53.5%,800000,-5784000 ( -87.8% ),100,-723 ( -87.8% ),1806714900,212599,58
2016-12-19,1,0.0%,1,0%,99,0.0%,0.0%,0,0 ( 0.0% ),0,0 ( 0.0% ),1806714900,212599,100
2016-12-20,1,0.0%,1,0%,50,0.0%,0.0%,0,0 ( 0.0% ),0,0 ( 0.0% ),1806714900,212599,112
2017-03-28,1,0.0%,1,0%,116,0.0%,2.6%,18000,18000 ( 100.0% ),3,3 ( 100.0% ),1806732900,212602,125
2017-03-30,1,0.0%,1,0%,116,0.0%,4.3%,26000,26000 ( 100.0% ),5,5 ( 100.0% ),1806758900,212607,89
2019-04-17,4,0.1%,4,0%,520,0.0%,3.1%,83000,83000 ( 100.0% ),16,16 ( 100.0% ),1806841900,212623,78
2019-04-18,6,0.1%,6,0%,808,0.0%,3.6%,171000,88000 ( 106.0% ),29,13 ( 81.3% ),1807012900,212652,79
2019-04-19,4,0.1%,4,0%,520,0.0%,5.0%,165500,-5500 ( -3.2% ),26,-3 ( -10.3% ),1807178400,212678,75
2019-04-20,6,0.1%,6,0%,808,0.0%,7.7%,390000,224500 ( 135.6% ),62,36 ( 138.5% ),1807568400,212740,55
2019-04-21,4,0.1%,4,0%,508,0.0%,5.5%,169000,-221000 ( -56.7% ),28,-34 ( -54.8% ),1807737400,212768,72
2019-04-22,4,0.1%,4,0%,544,0.0%,4.4%,156500,-12500 ( -7.4% ),24,-4 ( -14.3% ),1807893900,212792,65
2019-04-23,3,0.0%,3,0%,376,0.0%,7.4%,181500,25000 ( 16.0% ),28,4 ( 16.7% ),1808075400,212820,70
2020-03-21,1,0.0%,1,0%,91,0.0%,3.3%,15000,15000 ( 100.0% ),3,3 ( 100.0% ),1808090400,212823,96
2020-03-25,1,0.0%,1,0%,91,0.0%,1.1%,5000,5000 ( 100.0% ),1,1 ( 100.0% ),1808095400,212824,103
2020-03-29,1,0.0%,1,0%,91,0.0%,1.1%,5000,5000 ( 100.0% ),1,1 ( 100.0% ),1808100400,212825,92
2020-04-09,21,0.7%,30,0.6%,4734,0.6%,2.2%,510000,510000 ( 100.0% ),102,102 ( 100.0% ),1808610400,212927,34
2020-04-10,24,0.8%,30,0.6%,4406,0.6%,2.0%,451000,-59000 ( -11.6% ),89,-13 ( -12.7% ),1809061400,213016,33
2020-04-11,23,0.7%,36,0.6%,5508,0.6%,2.7%,742000,291000 ( 64.5% ),146,57 ( 64.0% ),1809803400,213162,34
2020-04-12,21,0.6%,29,0.5%,4460,0.5%,2.7%,608500,-133500 ( -18.0% ),121,-25 ( -17.1% ),1810411900,213283,38
