날짜,스크린수,스크린점유율,상영횟수,상영점유율,좌석수,좌석점유율,좌석판매율,매출액,매출액증감(전일대비),관객수,관객수증감(전일대비),누적매출액,누적관객수,순위
2018-05-09,1,0.0%,1,0%,180,0.0%,100.0%,1260000,1260000 ( 100.0% ),180,180 ( 100.0% ),1260000,180,23
2018-05-16,116,2.3%,360,2.2%,47309,1.8%,11.0%,39197500,39197500 ( 100.0% ),5199,5199 ( 100.0% ),40457500,5379,5
2018-05-17,126,2.4%,348,2.1%,43799,1.6%,15.0%,48884500,9687000 ( 24.7% ),6560,1361 ( 26.2% ),89342000,11939,5
2018-05-18,137,2.5%,393,2.3%,50719,1.8%,18.5%,74666972,25782472 ( 52.7% ),9398,2838 ( 43.3% ),164008972,21337,5
2018-05-19,155,2.6%,441,2.4%,55410,1.9%,25.0%,112108462,37441490 ( 50.1% ),13880,4482 ( 47.7% ),276117434,35217,6
2018-05-20,153,2.6%,429,2.4%,53844,1.9%,25.3%,109246000,-2862462 ( -2.6% ),13618,-262 ( -1.9% ),385363434,48835,6
2018-05-21,149,2.7%,436,2.5%,56123,2.0%,19.9%,79741000,-29505000 ( -27.0% ),11183,-2435 ( -17.9% ),465104434,60018,6
2018-05-22,132,2.3%,301,1.6%,36343,1.2%,32.5%,94378500,14637500 ( 18.4% ),11818,635 ( 5.7% ),559482934,71836,7
2018-05-23,117,2.3%,276,1.6%,33215,1.2%,11.7%,30446500,-63932000 ( -67.7% ),3876,-7942 ( -67.2% ),589929434,75712,6
2018-05-24,100,1.9%,229,1.4%,27380,1.0%,9.9%,20047500,-10399000 ( -34.2% ),2710,-1166 ( -30.1% ),609976934,78422,8
2018-05-25,113,2.1%,249,1.4%,29810,1.1%,11.5%,28414000,8366500 ( 41.7% ),3422,712 ( 26.3% ),638390934,81844,7
2018-05-26,114,1.9%,259,1.4%,30816,1.0%,17.2%,43293000,14879000 ( 52.4% ),5312,1890 ( 55.2% ),681683934,87156,8
2018-05-27,115,1.9%,247,1.3%,29403,1.0%,15.9%,38610500,-4682500 ( -10.8% ),4688,-624 ( -11.7% ),720294434,91844,9
2018-05-28,109,2.2%,223,1.4%,27340,1.0%,6.1%,12666500,-25944000 ( -67.2% ),1667,-3021 ( -64.4% ),732960934,93511,7
2018-05-29,99,1.9%,217,1.3%,26714,1.0%,6.1%,12393500,-273000 ( -2.2% ),1622,-45 ( -2.7% ),745354434,95133,8
2018-05-30,98,1.7%,185,1.1%,22541,0.8%,12.1%,15208000,2814500 ( 22.7% ),2734,1112 ( 68.6% ),760562434,97867,11
2018-05-31,92,1.6%,161,1%,20278,0.8%,7.5%,11459000,-3749000 ( -24.7% ),1522,-1212 ( -44.3% ),772021434,99389,13
2018-06-01,87,1.5%,172,1%,21450,0.8%,8.2%,14380513,2921513 ( 25.5% ),1751,229 ( 15.0% ),786401947,101140,11
2018-06-02,94,1.5%,185,1%,22101,0.8%,12.9%,23647007,9266494 ( 64.4% ),2857,1106 ( 63.2% ),810048954,103997,12
2018-06-03,94,1.5%,176,1%,20585,0.7%,12.3%,20425500,-3221507 ( -13.6% ),2532,-325 ( -11.4% ),830474454,106529,12
2018-06-04,80,1.5%,144,0.9%,17283,0.7%,4.4%,5732500,-14693000 ( -71.9% ),756,-1776 ( -70.1% ),836206954,107285,13
2018-06-05,83,1.5%,159,1%,19148,0.7%,4.0%,5620500,-112000 ( -2.0% ),764,8 ( 1.1% ),841827454,108049,18
2018-06-06,53,1.0%,77,0.4%,8553,0.3%,12.7%,8858500,3238000 ( 57.6% ),1086,322 ( 42.1% ),850685954,109135,13
2018-06-07,47,1.0%,56,0.3%,6058,0.2%,3.0%,1245500,-7613000 ( -85.9% ),184,-902 ( -83.1% ),851931454,109319,30
2018-06-08,41,0.8%,55,0.3%,6238,0.2%,5.8%,2390000,1144500 ( 91.9% ),359,175 ( 95.1% ),854321454,109678,20
2018-06-09,40,0.7%,51,0.3%,5637,0.2%,6.4%,2680500,290500 ( 12.2% ),359,0 ( 0.0% ),857001954,110037,22
2018-06-10,41,0.8%,52,0.3%,5887,0.2%,7.1%,3139500,459000 ( 17.1% ),418,59 ( 16.4% ),860141454,110455,21
2018-06-11,39,0.8%,51,0.3%,5965,0.2%,3.2%,1391000,-1748500 ( -55.7% ),189,-229 ( -54.8% ),861532454,110644,26
2018-06-12,42,0.9%,59,0.4%,6236,0.2%,3.6%,1491000,100000 ( 7.2% ),222,33 ( 17.5% ),863023454,110866,27
2018-06-13,19,0.4%,23,0.1%,2519,0.1%,6.8%,1370500,-120500 ( -8.1% ),171,-51 ( -23.0% ),864393954,111037,30
2018-06-14,14,0.3%,17,0.1%,1455,0.1%,4.0%,458000,-912500 ( -66.6% ),58,-113 ( -66.1% ),864851954,111095,49
2018-06-15,15,0.3%,22,0.1%,2403,0.1%,3.0%,589500,131500 ( 28.7% ),72,14 ( 24.1% ),865441454,111167,45
2018-06-16,15,0.3%,20,0.1%,2199,0.1%,4.6%,813000,223500 ( 37.9% ),101,29 ( 40.3% ),866254454,111268,39
2018-06-17,17,0.3%,20,0.1%,1892,0.1%,6.0%,925000,112000 ( 13.8% ),113,12 ( 11.9% ),867179454,111381,29
2018-06-18,15,0.3%,18,0.1%,2010,0.1%,2.1%,298500,-626500 ( -67.7% ),43,-70 ( -61.9% ),867477954,111424,47
2018-06-19,15,0.3%,19,0.1%,1692,0.1%,4.1%,516000,217500 ( 72.9% ),70,27 ( 62.8% ),867993954,111494,45
2018-06-20,8,0.2%,10,0.1%,751,0.0%,6.3%,328000,-188000 ( -36.4% ),47,-23 ( -32.9% ),868321954,111541,47
2018-08-30,1,0.0%,1,0%,198,0.0%,100.0%,2014000,2014000 ( 100.0% ),198,198 ( 100.0% ),870335954,111739,35
2018-11-07,1,0.0%,1,0%,138,0.0%,2.2%,17000,17000 ( 100.0% ),3,3 ( 100.0% ),870352954,111742,104
2018-11-11,1,0.0%,1,0%,138,0.0%,1.4%,14000,14000 ( 100.0% ),2,2 ( 100.0% ),870366954,111744,107
2018-11-22,1,0.0%,1,0%,138,0.0%,5.1%,41000,41000 ( 100.0% ),7,7 ( 100.0% ),870407954,111751,100
2019-03-22,1,0.0%,1,0%,112,0.0%,1.8%,20000,20000 ( 100.0% ),2,2 ( 100.0% ),870427954,111753,92
2019-03-24,1,0.0%,1,0%,103,0.0%,4.9%,45000,45000 ( 100.0% ),5,5 ( 100.0% ),870472954,111758,103
2019-03-25,3,0.1%,3,0%,246,0.0%,12.6%,290000,245000 ( 544.4% ),31,26 ( 520.0% ),870762954,111789,64
2019-04-03,1,0.0%,1,0%,159,0.0%,3.1%,34000,34000 ( 100.0% ),5,5 ( 100.0% ),870796954,111794,82
