날짜,스크린수,스크린점유율,상영횟수,상영점유율,좌석수,좌석점유율,좌석판매율,매출액,매출액증감(전일대비),관객수,관객수증감(전일대비),누적매출액,누적관객수,순위
2018-09-10,1,0.0%,1,0%,414,0.0%,98.1%,2436000,2436000 ( 100.0% ),406,406 ( 100.0% ),2436000,406,21
2018-09-12,9,0.2%,12,0.1%,3196,0.1%,90.5%,26019000,26019000 ( 100.0% ),2891,2891 ( 100.0% ),28455000,3297,7
2018-09-13,29,0.6%,29,0.2%,7425,0.2%,100.0%,53821000,27802000 ( 106.9% ),7425,4534 ( 156.8% ),82276000,10722,5
2018-09-14,29,0.5%,29,0.2%,7162,0.2%,58.5%,43886900,-9934100 ( -18.5% ),4187,-3238 ( -43.6% ),126162900,14909,6
2018-09-17,31,0.6%,31,0.2%,6588,0.2%,88.1%,53218400,53218400 ( 100.0% ),5806,5806 ( 100.0% ),179381300,20715,5
2018-09-18,19,0.4%,21,0.1%,5335,0.2%,85.0%,31070500,-22147900 ( -41.6% ),4535,-1271 ( -21.9% ),210451800,25250,7
2018-09-19,1121,22.1%,4772,26%,859161,29.6%,14.3%,977031400,945960900 ( 3044.6% ),122859,118324 ( 2609.1% ),1187483200,148109,1
2018-09-20,1172,20.9%,4795,26%,859193,29.6%,15.5%,1020541800,43510400 ( 4.5% ),133051,10192 ( 8.3% ),2208025000,281160,1
2018-09-21,1175,21.0%,5107,26.7%,908872,30.2%,23.3%,1875047821,854506021 ( 83.7% ),211699,78648 ( 59.1% ),4083072821,492859,1
2018-09-22,1279,20.0%,5598,27.1%,1011070,31.4%,42.9%,3861432870,1986385049 ( 105.9% ),433290,221591 ( 104.7% ),7944505691,926149,1
2018-09-23,1344,21.2%,5942,29.2%,1077829,33.9%,44.9%,4388599150,527166280 ( 13.7% ),484415,51125 ( 11.8% ),12333104841,1410564,1
2018-09-24,1476,24.0%,6578,32.9%,1197084,38.3%,57.8%,6316161600,1927562450 ( 43.9% ),691357,206942 ( 42.7% ),18649266441,2101921,1
2018-09-25,1540,23.9%,6965,34%,1265109,39.7%,62.9%,7068100250,751938650 ( 11.9% ),795259,103902 ( 15.0% ),25717366691,2897180,1
2018-09-26,1430,23.5%,6354,31.9%,1167909,37.6%,56.2%,4761104650,-2306995600 ( -32.6% ),655960,-139299 ( -17.5% ),30478471341,3553140,1
2018-09-27,1264,24.1%,5794,31.4%,1073939,37.1%,15.2%,1282889100,-3478215550 ( -73.1% ),163516,-492444 ( -75.1% ),31761360441,3716656,1
2018-09-28,1318,24.8%,5982,32.1%,1110305,38.0%,15.4%,1471649166,188760066 ( 14.7% ),170503,6987 ( 4.3% ),33233009607,3887159,1
2018-09-29,1383,23.9%,6484,33.1%,1204052,39.5%,28.0%,2992112635,1520463469 ( 103.3% ),337367,166864 ( 97.9% ),36225122242,4224526,1
2018-09-30,1365,23.8%,6327,33.2%,1183710,39.7%,26.0%,2689375400,-302737235 ( -10.1% ),307431,-29936 ( -8.9% ),38914497642,4531957,1
2018-10-01,1277,26.7%,5805,33.8%,1086479,40.1%,8.6%,725899250,-1963476150 ( -73.0% ),93971,-213460 ( -69.4% ),39640396892,4625928,1
2018-10-02,1294,25.5%,5919,33.4%,1110010,39.8%,9.4%,819189800,93290550 ( 12.9% ),103875,9904 ( 10.5% ),40459586692,4729803,1
2018-10-03,657,11.2%,2395,11.8%,347517,10.8%,39.2%,1168592250,349402450 ( 42.7% ),136204,32329 ( 31.1% ),41628178942,4866007,3
2018-10-04,633,12.6%,2295,12.4%,324869,11.0%,10.2%,255152100,-913440150 ( -78.2% ),33082,-103122 ( -75.7% ),41883331042,4899089,3
2018-10-05,649,12.7%,2259,11.9%,313523,10.4%,15.5%,416228636,161076536 ( 63.1% ),48512,15430 ( 46.6% ),42299559678,4947601,3
2018-10-06,644,11.4%,2100,10.4%,274730,8.6%,37.7%,907016448,490787812 ( 117.9% ),103687,55175 ( 113.7% ),43206576126,5051288,3
2018-10-07,622,11.2%,2039,10.3%,267698,8.5%,30.9%,714441150,-192575298 ( -21.2% ),82669,-21018 ( -20.3% ),43921017276,5133957,3
2018-10-08,635,12.0%,2095,10.8%,269904,8.8%,19.0%,391234800,-323206350 ( -45.2% ),51263,-31406 ( -38.0% ),44312252076,5185220,3
2018-10-09,584,10.0%,1550,7.8%,196854,6.3%,33.0%,548971600,157736800 ( 40.3% ),64896,13633 ( 26.6% ),44861223676,5250116,3
2018-10-10,544,11.0%,1518,8.6%,193232,6.8%,9.8%,141179150,-407792450 ( -74.3% ),18852,-46044 ( -71.0% ),45002402826,5268968,3
2018-10-11,484,9.0%,1048,5.8%,132295,4.6%,9.9%,98065450,-43113700 ( -30.5% ),13036,-5816 ( -30.9% ),45100468276,5282004,5
2018-10-12,522,9.4%,1117,6%,141114,4.8%,11.9%,135498700,37433250 ( 38.2% ),16843,3807 ( 29.2% ),45235966976,5298847,5
2018-10-13,535,8.4%,1231,6.1%,152883,4.8%,18.9%,251992850,116494150 ( 86.0% ),28823,11980 ( 71.1% ),45487959826,5327670,5
2018-10-14,528,8.5%,1194,6%,149571,4.8%,17.8%,233984650,-18008200 ( -7.1% ),26620,-2203 ( -7.6% ),45721944476,5354290,5
2018-10-15,489,9.2%,1142,6.4%,145048,5.1%,6.7%,74871550,-159113100 ( -68.0% ),9655,-16965 ( -63.7% ),45796816026,5363945,5
2018-10-16,492,9.2%,1098,6.3%,138473,4.9%,6.5%,68390750,-6480800 ( -8.7% ),8984,-671 ( -6.9% ),45865206776,5372929,5
2018-10-17,470,8.8%,1099,6.3%,137590,4.9%,7.0%,73148650,4757900 ( 7.0% ),9682,698 ( 7.8% ),45938355426,5382611,5
2018-10-18,248,4.3%,422,2.5%,51365,1.9%,10.4%,36294350,-36854300 ( -50.4% ),5337,-4345 ( -44.9% ),45974649776,5387948,7
2018-10-19,260,4.3%,414,2.4%,50429,1.8%,12.4%,43876700,7582350 ( 20.9% ),6243,906 ( 17.0% ),46018526476,5394191,8
2018-10-20,262,4.1%,423,2.2%,50230,1.7%,19.1%,70276450,26399750 ( 60.2% ),9575,3332 ( 53.4% ),46088802926,5403766,7
2018-10-21,269,4.2%,424,2.3%,50182,1.7%,19.1%,70731350,454900 ( 0.6% ),9604,29 ( 0.3% ),46159534276,5413370,7
2018-10-22,261,4.8%,433,2.7%,53706,2.1%,7.3%,25835550,-44895800 ( -63.5% ),3936,-5668 ( -59.0% ),46185369826,5417306,6
2018-10-23,271,4.9%,434,2.7%,53649,2.1%,9.7%,32873000,7037450 ( 27.2% ),5222,1286 ( 32.7% ),46218242826,5422528,6
2018-10-24,256,4.6%,432,2.7%,53320,2.1%,7.7%,27630500,-5242500 ( -15.9% ),4093,-1129 ( -21.6% ),46245873326,5426621,9
2018-10-25,91,1.7%,120,0.7%,14302,0.5%,12.0%,10708150,-16922350 ( -61.2% ),1720,-2373 ( -58.0% ),46256581476,5428341,11
2018-10-26,87,1.6%,119,0.7%,14164,0.5%,12.3%,11351700,643550 ( 6.0% ),1746,26 ( 1.5% ),46267933176,5430087,11
2018-10-27,72,1.2%,96,0.5%,11482,0.4%,13.5%,11192650,-159050 ( -1.4% ),1545,-201 ( -11.5% ),46279125826,5431632,13
2018-10-28,67,1.1%,94,0.5%,10920,0.4%,12.8%,10362850,-829800 ( -7.4% ),1402,-143 ( -9.3% ),46289488676,5433034,13
2018-10-29,67,1.3%,94,0.6%,11402,0.4%,10.5%,8390500,-1972350 ( -19.0% ),1196,-206 ( -14.7% ),46297879176,5434230,12
2018-10-30,66,1.3%,94,0.6%,11367,0.4%,12.4%,9369850,979350 ( 11.7% ),1410,214 ( 17.9% ),46307249026,5435640,11
2018-10-31,14,0.2%,16,0.1%,1838,0.1%,41.0%,4836000,-4533850 ( -48.4% ),754,-656 ( -46.5% ),46312085026,5436394,18
2018-11-01,9,0.2%,11,0.1%,1265,0.0%,47.1%,4160000,-676000 ( -14.0% ),596,-158 ( -21.0% ),46316245026,5436990,19
2018-11-02,8,0.1%,9,0%,1088,0.0%,32.9%,1819000,-2341000 ( -56.3% ),358,-238 ( -39.9% ),46318064026,5437348,20
2018-11-03,4,0.1%,5,0%,547,0.0%,11.2%,522000,-1297000 ( -71.3% ),61,-297 ( -83.0% ),46318586026,5437409,73
2018-11-04,5,0.1%,6,0%,669,0.0%,7.5%,367000,-155000 ( -29.7% ),50,-11 ( -18.0% ),46318953026,5437459,70
2018-11-05,4,0.1%,5,0%,987,0.0%,1.3%,91000,-276000 ( -75.2% ),13,-37 ( -74.0% ),46319044026,5437472,77
2018-11-06,8,0.1%,9,0.1%,1514,0.1%,28.5%,2198000,2107000 ( 2315.4% ),431,418 ( 3215.4% ),46321242026,5437903,20
2018-11-07,5,0.1%,5,0%,596,0.0%,4.0%,137000,-2061000 ( -93.8% ),24,-407 ( -94.4% ),46321379026,5437927,71
2018-11-08,8,0.1%,8,0%,1355,0.0%,33.7%,2579000,2442000 ( 1782.5% ),456,432 ( 1800.0% ),46323958026,5438383,27
2018-11-09,6,0.1%,6,0%,695,0.0%,31.7%,1477000,-1102000 ( -42.7% ),220,-236 ( -51.8% ),46325435026,5438603,33
2018-11-10,3,0.0%,3,0%,371,0.0%,1.9%,44000,-1433000 ( -97.0% ),7,-213 ( -96.8% ),46325479026,5438610,98
2018-11-11,4,0.1%,4,0%,457,0.0%,21.4%,741000,697000 ( 1584.1% ),98,91 ( 1300.0% ),46326220026,5438708,49
2018-11-12,2,0.0%,2,0%,298,0.0%,0.7%,13000,-728000 ( -98.2% ),2,-96 ( -98.0% ),46326233026,5438710,86
2018-11-13,3,0.1%,3,0%,381,0.0%,2.6%,57000,44000 ( 338.5% ),10,8 ( 400.0% ),46326290026,5438720,83
2018-11-14,4,0.1%,4,0%,376,0.0%,46.0%,1168000,1111000 ( 1949.1% ),173,163 ( 1630.0% ),46327458026,5438893,31
2018-11-15,1,0.0%,1,0%,85,0.0%,0.0%,0,-1168000 ( -100.0% ),0,-173 ( -100.0% ),46327458026,5438893,130
2018-11-16,5,0.1%,5,0%,546,0.0%,3.3%,92000,92000 ( 100.0% ),18,18 ( 100.0% ),46327550026,5438911,82
2018-11-17,1,0.0%,1,0%,106,0.0%,7.5%,50000,-42000 ( -45.7% ),8,-10 ( -55.6% ),46327600026,5438919,115
2018-11-19,1,0.0%,2,0%,212,0.0%,1.4%,23000,23000 ( 100.0% ),3,3 ( 100.0% ),46327623026,5438922,104
2018-11-20,1,0.0%,1,0%,117,0.0%,0.9%,7000,-16000 ( -69.6% ),1,-2 ( -66.7% ),46327630026,5438923,126
2018-11-22,1,0.0%,1,0%,227,0.0%,88.1%,1000000,1000000 ( 100.0% ),200,200 ( 100.0% ),46328630026,5439123,34
2018-11-25,1,0.0%,1,0%,185,0.0%,100.0%,1295000,1295000 ( 100.0% ),185,185 ( 100.0% ),46329925026,5439308,33
2018-11-28,2,0.0%,2,0%,323,0.0%,55.7%,1448000,1448000 ( 100.0% ),180,180 ( 100.0% ),46331373026,5439488,31
2018-11-29,3,0.1%,3,0%,427,0.0%,100.0%,2512000,1064000 ( 73.5% ),427,247 ( 137.2% ),46333885026,5439915,26
2018-11-30,1,0.0%,1,0%,86,0.0%,100.0%,516000,-1996000 ( -79.5% ),86,-341 ( -79.9% ),46334401026,5440001,57
2018-12-13,1,0.0%,1,0%,185,0.0%,100.0%,933000,933000 ( 100.0% ),185,185 ( 100.0% ),46335334026,5440186,46
2019-01-24,2,0.0%,2,0%,366,0.0%,92.9%,2720000,2720000 ( 100.0% ),340,340 ( 100.0% ),46338054026,5440526,28
2019-01-27,1,0.0%,1,0%,250,0.0%,93.6%,1872000,1872000 ( 100.0% ),234,234 ( 100.0% ),46339926026,5440760,33
2019-01-28,2,0.0%,2,0%,319,0.0%,81.5%,2080000,208000 ( 11.1% ),260,26 ( 11.1% ),46342006026,5441020,29
