날짜,스크린수,스크린점유율,상영횟수,상영점유율,좌석수,좌석점유율,좌석판매율,매출액,매출액증감(전일대비),관객수,관객수증감(전일대비),누적매출액,누적관객수,순위
2018-04-24,1,0.0%,1,0%,624,0.0%,100.0%,9360000,9360000 ( 100.0% ),624,624 ( 100.0% ),9360000,624,24
2018-04-25,2460,46.3%,11429,72.8%,1966995,78.9%,49.8%,6929271100,6919911100 ( 73930.7% ),980042,979418 ( 156958.0% ),6938631100,980666,1
2018-04-26,2394,47.8%,11628,73.5%,1996462,79.6%,29.8%,5195838900,-1733432200 ( -25.0% ),595668,-384374 ( -39.2% ),12134470000,1576334,1
2018-04-27,2460,49.3%,12188,75.2%,2083514,81.1%,35.5%,7026026870,1830187970 ( 35.2% ),739908,144240 ( 24.2% ),19160496870,2316242,1
2018-04-28,2553,49.2%,13184,77.1%,2227049,82.6%,59.9%,12300421261,5274394391 ( 75.1% ),1333307,593399 ( 80.2% ),31460918131,3649549,1
2018-04-29,2548,49.7%,12945,77.4%,2182019,82.9%,51.1%,10307417400,-1993003861 ( -16.2% ),1114946,-218361 ( -16.4% ),41768335531,4764495,1
2018-04-30,2462,49.5%,12255,75.9%,2083482,81.6%,23.8%,4360209000,-5947208400 ( -57.7% ),495787,-619159 ( -55.5% ),46128544531,5260282,1
2018-05-01,2141,45.6%,10730,63.1%,1858728,69.7%,38.6%,6013244200,1653035200 ( 37.9% ),717324,221537 ( 44.7% ),52141788731,5977606,1
2018-05-02,2114,47.8%,10387,63.6%,1797776,69.6%,15.4%,2454649900,-3558594300 ( -59.2% ),276967,-440357 ( -61.4% ),54596438631,6254573,1
2018-05-03,2138,46.2%,10189,63.2%,1775897,69.4%,14.9%,2340404400,-114245500 ( -4.7% ),265430,-11537 ( -4.2% ),56936843031,6520003,1
2018-05-04,2156,43.9%,10648,63%,1854399,69.5%,22.6%,3916977653,1576573253 ( 67.4% ),419443,154013 ( 58.0% ),60853820684,6939446,1
2018-05-05,2224,39.4%,10842,59.3%,1886207,66.1%,43.5%,7551540860,3634563207 ( 92.8% ),820839,401396 ( 95.7% ),68405361544,7760285,1
2018-05-06,2186,39.1%,10778,59.9%,1879483,66.9%,39.2%,6910907600,-640633260 ( -8.5% ),737625,-83214 ( -10.1% ),75316269144,8497910,1
2018-05-07,2122,38.6%,10159,58.5%,1777469,65.6%,29.1%,4752880200,-2158027400 ( -31.2% ),516678,-220947 ( -30.0% ),80069149344,9014588,1
2018-05-08,2056,44.4%,9345,60.8%,1654449,67.7%,7.6%,1130374300,-3622505900 ( -76.2% ),125615,-391063 ( -75.7% ),81199523644,9140203,1
2018-05-09,1615,38.5%,7363,46.3%,1331801,52.6%,8.2%,982911400,-147462900 ( -13.0% ),109370,-16245 ( -12.9% ),82182435044,9249573,1
2018-05-10,1554,35.6%,6993,44%,1281160,50.6%,7.9%,914913200,-67998200 ( -6.9% ),101160,-8210 ( -7.5% ),83097348244,9350733,1
2018-05-11,1551,34.7%,7223,43.7%,1319072,50.4%,10.9%,1382669274,467756074 ( 51.1% ),144261,43101 ( 42.6% ),84480017518,9494994,1
2018-05-12,1602,31.4%,7628,42.5%,1381417,49.3%,25.2%,3302689583,1920020309 ( 138.9% ),348486,204225 ( 141.6% ),87782707101,9843480,1
2018-05-13,1583,31.2%,7426,42.6%,1347318,49.4%,21.6%,2739216300,-563473283 ( -17.1% ),290488,-57998 ( -16.6% ),90521923401,10133968,1
2018-05-14,1508,35.7%,6737,44.7%,1237949,51.2%,6.4%,729622500,-2009593800 ( -73.4% ),79245,-211243 ( -72.7% ),91251545901,10213213,1
2018-05-15,1529,34.4%,6681,44.1%,1229964,50.9%,6.8%,756993200,27370700 ( 3.8% ),83822,4577 ( 5.8% ),92008539101,10297035,1
2018-05-16,943,18.8%,3081,19.3%,472054,18.3%,10.1%,386108600,-370884600 ( -49.0% ),47865,-35957 ( -42.9% ),92394647701,10344900,2
2018-05-17,690,13.2%,2245,13.4%,345112,12.8%,11.9%,335911000,-50197600 ( -13.0% ),41149,-6716 ( -14.0% ),92730558701,10386049,3
2018-05-18,691,12.8%,2255,13%,344238,12.4%,17.3%,521157876,185246876 ( 55.1% ),59412,18263 ( 44.4% ),93251716577,10445461,3
2018-05-19,742,12.7%,2341,12.7%,349909,11.9%,36.8%,1139207892,618050016 ( 118.6% ),128719,69307 ( 116.7% ),94390924469,10574180,2
2018-05-20,760,13.0%,2376,13.1%,352539,12.2%,32.8%,1021836600,-117371292 ( -10.3% ),115791,-12928 ( -10.0% ),95412761069,10689971,2
2018-05-21,734,13.1%,2394,13.5%,356963,12.6%,25.9%,725464300,-296372300 ( -29.0% ),92626,-23165 ( -20.0% ),96138225369,10782597,2
2018-05-22,590,10.3%,1561,8.5%,215623,7.4%,42.1%,785647400,60183100 ( 8.3% ),90877,-1749 ( -1.9% ),96923872769,10873474,3
2018-05-23,532,10.6%,1416,8.4%,197538,7.3%,9.2%,148602400,-637045000 ( -81.1% ),18213,-72664 ( -80.0% ),97072475169,10891687,3
2018-05-24,491,9.4%,1100,6.6%,150055,5.6%,9.6%,116521500,-32080900 ( -21.6% ),14346,-3867 ( -21.2% ),97188996669,10906033,5
2018-05-25,511,9.5%,1157,6.7%,155985,5.6%,12.2%,172229900,55708400 ( 47.8% ),19045,4699 ( 32.8% ),97361226569,10925078,5
2018-05-26,541,8.9%,1241,6.6%,164250,5.5%,28.6%,416923600,244693700 ( 142.1% ),46992,27947 ( 146.7% ),97778150169,10972070,3
2018-05-27,546,9.1%,1223,6.7%,161951,5.6%,26.0%,372314900,-44608700 ( -10.7% ),42144,-4848 ( -10.3% ),98150465069,11014214,3
2018-05-28,492,9.7%,1178,7.2%,160923,6.1%,8.0%,103996500,-268318400 ( -72.1% ),12833,-29311 ( -69.5% ),98254461569,11027047,3
2018-05-29,509,9.8%,1149,7%,155491,5.9%,7.2%,89898900,-14097600 ( -13.6% ),11182,-1651 ( -12.9% ),98344360469,11038229,3
2018-05-30,422,7.3%,849,5%,119304,4.4%,13.7%,100945600,11046700 ( 12.3% ),16391,5209 ( 46.6% ),98445306069,11054620,3
2018-05-31,399,7.1%,837,5.1%,121542,4.6%,8.3%,81158600,-19787000 ( -19.6% ),10136,-6255 ( -38.2% ),98526464669,11064756,3
2018-06-01,419,7.3%,911,5.3%,132782,4.8%,10.1%,129378100,48219500 ( 59.4% ),13433,3297 ( 32.5% ),98655842769,11078189,3
2018-06-02,445,6.9%,1001,5.4%,141542,4.8%,21.9%,292740600,163362500 ( 126.3% ),31033,17600 ( 131.0% ),98948583369,11109222,3
2018-06-03,451,7.2%,991,5.5%,139030,4.9%,19.6%,254241800,-38498800 ( -13.2% ),27224,-3809 ( -12.3% ),99202825169,11136446,3
2018-06-04,407,7.7%,940,5.9%,138861,5.4%,6.2%,77870800,-176371000 ( -69.4% ),8637,-18587 ( -68.3% ),99280695969,11145083,3
2018-06-05,421,7.5%,968,5.8%,140691,5.3%,8.9%,110038300,32167500 ( 41.3% ),12503,3866 ( 44.8% ),99390734269,11157586,3
2018-06-06,133,2.5%,196,1.1%,22533,0.8%,33.0%,65921600,-44116700 ( -40.1% ),7434,-5069 ( -40.5% ),99456655869,11165020,7
2018-06-07,125,2.6%,185,1.1%,22985,0.9%,8.9%,16809000,-49112600 ( -74.5% ),2055,-5379 ( -72.4% ),99473464869,11167075,7
2018-06-08,118,2.4%,171,1%,20603,0.8%,10.9%,20600600,3791600 ( 22.6% ),2241,186 ( 9.1% ),99494065469,11169316,6
2018-06-09,110,2.0%,146,0.8%,16162,0.6%,25.1%,36498800,15898200 ( 77.2% ),4062,1821 ( 81.3% ),99530564269,11173378,8
2018-06-10,110,2.0%,145,0.8%,15926,0.6%,22.4%,31151600,-5347200 ( -14.7% ),3575,-487 ( -12.0% ),99561715869,11176953,8
2018-06-11,134,2.9%,185,1.1%,22306,0.9%,8.8%,15495700,-15655900 ( -50.3% ),1954,-1621 ( -45.3% ),99577211569,11178907,8
2018-06-12,125,2.6%,189,1.1%,22414,0.8%,10.1%,18831400,3335700 ( 21.5% ),2271,317 ( 16.2% ),99596042969,11181178,8
2018-06-13,40,0.8%,49,0.3%,4989,0.2%,32.6%,14452200,-4379200 ( -23.3% ),1627,-644 ( -28.4% ),99610495169,11182805,12
2018-06-14,42,0.9%,50,0.3%,4966,0.2%,10.5%,4293800,-10158400 ( -70.3% ),521,-1106 ( -68.0% ),99614788969,11183326,15
2018-06-15,41,0.9%,46,0.3%,4933,0.2%,13.2%,5909800,1616000 ( 37.6% ),650,129 ( 24.8% ),99620698769,11183976,14
2018-06-16,40,0.8%,49,0.3%,4713,0.2%,25.6%,10892300,4982500 ( 84.3% ),1207,557 ( 85.7% ),99631591069,11185183,13
2018-06-17,41,0.8%,52,0.3%,4959,0.2%,24.5%,10623200,-269100 ( -2.5% ),1214,7 ( 0.6% ),99642214269,11186397,11
2018-06-18,37,0.8%,48,0.3%,4872,0.2%,8.4%,3305800,-7317400 ( -68.9% ),411,-803 ( -66.1% ),99645520069,11186808,16
2018-06-19,42,0.9%,57,0.3%,6082,0.2%,9.4%,4579400,1273600 ( 38.5% ),571,160 ( 38.9% ),99650099469,11187379,14
2018-06-20,33,0.7%,50,0.3%,5361,0.2%,9.8%,4370300,-209100 ( -4.6% ),524,-47 ( -8.2% ),99654469769,11187903,16
2018-06-21,19,0.4%,21,0.1%,2137,0.1%,12.2%,2136000,-2234300 ( -51.1% ),260,-264 ( -50.4% ),99656605769,11188163,23
2018-06-22,20,0.4%,21,0.1%,2289,0.1%,11.9%,2468000,332000 ( 15.5% ),272,12 ( 4.6% ),99659073769,11188435,25
2018-06-23,39,0.6%,66,0.4%,16914,0.6%,17.2%,33959500,31491500 ( 1276.0% ),2904,2632 ( 967.6% ),99693033269,11191339,13
2018-06-24,39,0.6%,66,0.4%,17174,0.6%,16.2%,32141800,-1817700 ( -5.4% ),2774,-130 ( -4.5% ),99725175069,11194113,14
2018-06-25,35,0.7%,63,0.4%,16351,0.6%,7.3%,13789600,-18352200 ( -57.1% ),1201,-1573 ( -56.7% ),99738964669,11195314,14
2018-06-26,36,0.7%,66,0.4%,17549,0.7%,6.7%,13326900,-462700 ( -3.4% ),1169,-32 ( -2.7% ),99752291569,11196483,15
2018-06-27,26,0.5%,51,0.3%,15070,0.6%,7.9%,13853500,526600 ( 4.0% ),1193,24 ( 2.1% ),99766145069,11197676,17
2018-06-28,25,0.5%,50,0.3%,14440,0.5%,6.0%,10146000,-3707500 ( -26.8% ),867,-326 ( -27.3% ),99776291069,11198543,14
2018-06-29,25,0.5%,52,0.3%,15384,0.5%,8.9%,16392100,6246100 ( 61.6% ),1373,506 ( 58.4% ),99792683169,11199916,12
2018-06-30,24,0.4%,53,0.3%,15771,0.5%,17.3%,32409700,16017600 ( 97.7% ),2721,1348 ( 98.2% ),99825092869,11202637,13
2018-07-01,25,0.4%,52,0.3%,15209,0.5%,15.4%,27811400,-4598300 ( -14.2% ),2335,-386 ( -14.2% ),99852904269,11204972,11
2018-07-02,26,0.5%,53,0.3%,15301,0.6%,6.9%,12278300,-15533100 ( -55.9% ),1055,-1280 ( -54.8% ),99865182569,11206027,11
2018-07-03,27,0.5%,57,0.3%,16216,0.6%,8.4%,15984500,3706200 ( 30.2% ),1360,305 ( 28.9% ),99881167069,11207387,12
2018-07-04,7,0.1%,8,0%,796,0.0%,12.7%,831300,-15153200 ( -94.8% ),101,-1259 ( -92.6% ),99881998369,11207488,40
2018-07-05,7,0.1%,8,0%,790,0.0%,19.1%,1286800,455500 ( 54.8% ),151,50 ( 49.5% ),99883285169,11207639,32
2018-07-06,6,0.1%,7,0%,720,0.0%,17.8%,1160300,-126500 ( -9.8% ),128,-23 ( -15.2% ),99884445469,11207767,31
2018-07-07,6,0.1%,7,0%,984,0.0%,25.1%,2218000,1057700 ( 91.2% ),247,119 ( 93.0% ),99886663469,11208014,24
2018-07-08,5,0.1%,6,0%,621,0.0%,35.4%,1995500,-222500 ( -10.0% ),220,-27 ( -10.9% ),99888658969,11208234,27
2018-07-09,6,0.1%,9,0.1%,1019,0.0%,17.7%,1495500,-500000 ( -25.1% ),180,-40 ( -18.2% ),99890154469,11208414,32
2018-07-10,6,0.1%,9,0.1%,779,0.0%,24.8%,1536300,40800 ( 2.7% ),193,13 ( 7.2% ),99891690769,11208607,32
2018-07-11,6,0.1%,7,0%,745,0.0%,18.4%,1071300,-465000 ( -30.3% ),137,-56 ( -29.0% ),99892762069,11208744,40
2018-07-12,6,0.1%,7,0%,745,0.0%,19.5%,1150500,79200 ( 7.4% ),145,8 ( 5.8% ),99893912569,11208889,41
2018-07-13,7,0.1%,8,0%,869,0.0%,19.6%,1562400,411900 ( 35.8% ),170,25 ( 17.2% ),99895474969,11209059,35
2018-07-14,6,0.1%,8,0%,858,0.0%,29.1%,2163300,600900 ( 38.5% ),250,80 ( 47.1% ),99897638269,11209309,37
2018-07-15,7,0.1%,11,0.1%,1020,0.0%,26.2%,2312000,148700 ( 6.9% ),267,17 ( 6.8% ),99899950269,11209576,35
2018-07-16,5,0.1%,11,0.1%,1195,0.0%,13.1%,1322100,-989900 ( -42.8% ),156,-111 ( -41.6% ),99901272369,11209732,37
2018-07-17,6,0.1%,12,0.1%,1292,0.0%,14.9%,1627500,305400 ( 23.1% ),193,37 ( 23.7% ),99902899869,11209925,39
2018-07-18,5,0.1%,8,0%,698,0.0%,21.3%,1195300,-432200 ( -26.6% ),149,-44 ( -22.8% ),99904095169,11210074,41
2018-07-19,5,0.1%,8,0%,698,0.0%,20.6%,1178100,-17200 ( -1.4% ),144,-5 ( -3.4% ),99905273269,11210218,42
2018-07-20,5,0.1%,6,0%,587,0.0%,18.4%,898000,-280100 ( -23.8% ),108,-36 ( -25.0% ),99906171269,11210326,44
2018-07-21,5,0.1%,8,0%,703,0.0%,34.0%,2215800,1317800 ( 146.7% ),239,131 ( 121.3% ),99908387069,11210565,41
2018-07-22,5,0.1%,8,0%,703,0.0%,33.3%,2091800,-124000 ( -5.6% ),234,-5 ( -2.1% ),99910478869,11210799,36
2018-07-23,5,0.1%,7,0%,603,0.0%,19.7%,906300,-1185500 ( -56.7% ),119,-115 ( -49.1% ),99911385169,11210918,35
2018-07-24,5,0.1%,8,0%,673,0.0%,18.6%,960100,53800 ( 5.9% ),125,6 ( 5.0% ),99912345269,11211043,46
2018-07-25,4,0.1%,4,0%,372,0.0%,16.4%,472000,-488100 ( -50.8% ),61,-64 ( -51.2% ),99912817269,11211104,62
2018-07-26,2,0.0%,2,0%,231,0.0%,35.5%,690000,218000 ( 46.2% ),82,21 ( 34.4% ),99913507269,11211186,50
2018-07-27,2,0.0%,2,0%,231,0.0%,28.1%,552500,-137500 ( -19.9% ),65,-17 ( -20.7% ),99914059769,11211251,46
2018-07-28,2,0.0%,2,0%,226,0.0%,38.9%,759500,207000 ( 37.5% ),88,23 ( 35.4% ),99914819269,11211339,39
2018-07-29,2,0.0%,2,0%,270,0.0%,33.0%,787000,27500 ( 3.6% ),89,1 ( 1.1% ),99915606269,11211428,36
2018-07-30,2,0.0%,2,0%,226,0.0%,21.7%,377500,-409500 ( -52.0% ),49,-40 ( -44.9% ),99915983769,11211477,52
2018-07-31,2,0.0%,2,0%,226,0.0%,22.1%,361000,-16500 ( -4.4% ),50,1 ( 2.0% ),99916344769,11211527,63
2018-08-01,2,0.0%,2,0%,226,0.0%,17.7%,276500,-84500 ( -23.4% ),40,-10 ( -20.0% ),99916621269,11211567,50
2018-08-02,2,0.0%,2,0%,226,0.0%,23.0%,385000,108500 ( 39.2% ),52,12 ( 30.0% ),99917006269,11211619,44
2018-08-03,2,0.0%,2,0%,226,0.0%,22.1%,437000,52000 ( 13.5% ),50,-2 ( -3.8% ),99917443269,11211669,47
2018-08-04,1,0.0%,1,0%,134,0.0%,3.7%,40000,-397000 ( -90.8% ),5,-45 ( -90.0% ),99917483269,11211674,73
2018-08-05,1,0.0%,1,0%,134,0.0%,7.5%,75000,35000 ( 87.5% ),10,5 ( 100.0% ),99917558269,11211684,60
2018-08-06,2,0.0%,2,0%,226,0.0%,10.2%,192000,117000 ( 156.0% ),23,13 ( 130.0% ),99917750269,11211707,53
2018-08-07,2,0.0%,2,0%,270,0.0%,14.1%,286500,94500 ( 49.2% ),38,15 ( 65.2% ),99918036769,11211745,46
2018-08-09,1,0.0%,1,0%,134,0.0%,10.4%,102000,102000 ( 100.0% ),14,14 ( 100.0% ),99918138769,11211759,70
2018-08-11,1,0.0%,1,0%,134,0.0%,14.2%,142000,142000 ( 100.0% ),19,19 ( 100.0% ),99918280769,11211778,61
2018-08-13,1,0.0%,1,0%,134,0.0%,6.0%,51000,51000 ( 100.0% ),8,8 ( 100.0% ),99918331769,11211786,68
2018-08-15,1,0.0%,1,0%,178,0.0%,6.7%,88000,88000 ( 100.0% ),12,12 ( 100.0% ),99918419769,11211798,69
2018-08-17,1,0.0%,1,0%,134,0.0%,5.2%,53000,53000 ( 100.0% ),7,7 ( 100.0% ),99918472769,11211805,83
2018-08-20,1,0.0%,1,0%,134,0.0%,5.2%,49000,49000 ( 100.0% ),7,7 ( 100.0% ),99918521769,11211812,78
2018-08-22,1,0.0%,1,0%,178,0.0%,3.4%,40000,40000 ( 100.0% ),6,6 ( 100.0% ),99918561769,11211818,88
2018-08-24,1,0.0%,1,0%,178,0.0%,3.4%,48000,48000 ( 100.0% ),6,6 ( 100.0% ),99918609769,11211824,100
2018-08-26,1,0.0%,1,0%,134,0.0%,4.5%,45000,45000 ( 100.0% ),6,6 ( 100.0% ),99918654769,11211830,94
2018-08-28,1,0.0%,1,0%,134,0.0%,3.7%,35000,35000 ( 100.0% ),5,5 ( 100.0% ),99918689769,11211835,86
2018-08-30,1,0.0%,1,0%,134,0.0%,4.5%,41000,41000 ( 100.0% ),6,6 ( 100.0% ),99918730769,11211841,93
2018-09-01,1,0.0%,1,0%,134,0.0%,3.0%,30000,30000 ( 100.0% ),4,4 ( 100.0% ),99918760769,11211845,99
2018-09-05,1,0.0%,1,0%,134,0.0%,3.7%,34000,34000 ( 100.0% ),5,5 ( 100.0% ),99918794769,11211850,83
2018-09-08,1,0.0%,1,0%,134,0.0%,3.0%,32000,32000 ( 100.0% ),4,4 ( 100.0% ),99918826769,11211854,125
2018-09-10,1,0.0%,1,0%,134,0.0%,5.2%,47000,47000 ( 100.0% ),7,7 ( 100.0% ),99918873769,11211861,84
2018-09-12,1,0.0%,1,0%,178,0.0%,1.1%,12000,12000 ( 100.0% ),2,2 ( 100.0% ),99918885769,11211863,115
2018-09-14,1,0.0%,1,0%,134,0.0%,3.0%,32000,32000 ( 100.0% ),4,4 ( 100.0% ),99918917769,11211867,131
2018-09-15,1,0.0%,1,0%,134,0.0%,2.2%,19000,-13000 ( -40.6% ),3,-1 ( -25.0% ),99918936769,11211870,149
2018-09-16,1,0.0%,1,0%,134,0.0%,2.2%,24000,5000 ( 26.3% ),3,0 ( 0.0% ),99918960769,11211873,142
2018-09-17,1,0.0%,1,0%,134,0.0%,3.7%,32000,8000 ( 33.3% ),5,2 ( 66.7% ),99918992769,11211878,95
2018-09-18,1,0.0%,1,0%,134,0.0%,1.5%,14000,-18000 ( -56.3% ),2,-3 ( -60.0% ),99919006769,11211880,106
2018-10-26,1,0.0%,1,0%,192,0.0%,6.8%,106500,106500 ( 100.0% ),13,13 ( 100.0% ),99919113269,11211893,105
2018-10-27,1,0.0%,1,0%,192,0.0%,45.8%,837000,730500 ( 685.9% ),88,75 ( 576.9% ),99919950269,11211981,64
2018-10-28,1,0.0%,1,0%,192,0.0%,39.6%,737000,-100000 ( -11.9% ),76,-12 ( -13.6% ),99920687269,11212057,58
2018-10-29,1,0.0%,1,0%,192,0.0%,20.8%,340500,-396500 ( -53.8% ),40,-36 ( -47.4% ),99921027769,11212097,57
2018-10-30,1,0.0%,1,0%,192,0.0%,4.7%,80000,-260500 ( -76.5% ),9,-31 ( -77.5% ),99921107769,11212106,98
2018-10-31,1,0.0%,1,0%,192,0.0%,4.7%,65000,-15000 ( -18.8% ),9,0 ( 0.0% ),99921172769,11212115,91
2018-11-01,1,0.0%,1,0%,220,0.0%,14.5%,269500,204500 ( 314.6% ),32,23 ( 255.6% ),99921442269,11212147,75
2018-11-02,2,0.0%,2,0%,848,0.0%,7.5%,577000,307500 ( 114.1% ),64,32 ( 100.0% ),99922019269,11212211,53
2018-11-03,2,0.0%,2,0%,848,0.0%,16.5%,1364500,787500 ( 136.5% ),140,76 ( 118.8% ),99923383769,11212351,38
2018-11-04,1,0.0%,1,0%,628,0.0%,14.8%,846500,-518000 ( -38.0% ),93,-47 ( -33.6% ),99924230269,11212444,50
2018-11-05,2,0.0%,2,0%,848,0.0%,8.8%,605500,-241000 ( -28.5% ),75,-18 ( -19.4% ),99924835769,11212519,37
2018-11-06,2,0.0%,2,0%,848,0.0%,3.4%,241500,-364000 ( -60.1% ),29,-46 ( -61.3% ),99925077269,11212548,64
2018-11-07,3,0.1%,3,0%,1040,0.0%,15.6%,1322500,1081000 ( 447.6% ),162,133 ( 458.6% ),99926399769,11212710,37
