날짜,스크린수,스크린점유율,상영횟수,상영점유율,좌석수,좌석점유율,좌석판매율,매출액,매출액증감(전일대비),관객수,관객수증감(전일대비),누적매출액,누적관객수,순위
2016-10-30,1,0.0%,1,0%,850,0.0%,6.1%,330000,330000 ( 100.0% ),52,52 ( 100.0% ),330000,52,56
2016-11-19,1,0.0%,1,0%,138,0.0%,94.2%,780000,780000 ( 100.0% ),130,130 ( 100.0% ),1110000,182,43
2016-11-21,1,0.0%,1,0%,138,0.0%,89.1%,738000,738000 ( 100.0% ),123,123 ( 100.0% ),1848000,305,36
2016-11-24,1,0.0%,1,0%,293,0.0%,33.4%,588000,588000 ( 100.0% ),98,98 ( 100.0% ),2436000,403,56
2016-12-01,1,0.0%,1,0%,293,0.0%,66.6%,1604000,1604000 ( 100.0% ),195,195 ( 100.0% ),4040000,598,42
2016-12-04,1,0.0%,1,0%,293,0.0%,92.2%,2610000,2610000 ( 100.0% ),270,270 ( 100.0% ),6650000,868,35
2016-12-06,1,0.0%,1,0%,293,0.0%,71.0%,1777000,1777000 ( 100.0% ),208,208 ( 100.0% ),8427000,1076,31
2016-12-13,1,0.0%,1,0%,151,0.0%,100.0%,1057000,1057000 ( 100.0% ),151,151 ( 100.0% ),9484000,1227,37
2016-12-15,1,0.0%,1,0%,293,0.0%,25.3%,662000,662000 ( 100.0% ),74,74 ( 100.0% ),10146000,1301,56
2016-12-17,1,0.0%,1,0%,112,0.0%,33.0%,270200,270200 ( 100.0% ),37,37 ( 100.0% ),10416200,1338,58
2016-12-19,1,0.0%,1,0%,124,0.0%,70.2%,737000,737000 ( 100.0% ),87,87 ( 100.0% ),11153200,1425,43
2016-12-20,1,0.0%,1,0%,191,0.0%,100.0%,1146000,409000 ( 55.5% ),191,104 ( 119.5% ),12299200,1616,37
2016-12-21,6,0.1%,10,0.1%,1056,0.0%,16.3%,1351000,205000 ( 17.9% ),172,-19 ( -9.9% ),13650200,1788,38
2016-12-22,50,1.0%,84,0.5%,10381,0.4%,20.6%,16291500,14940500 ( 1105.9% ),2138,1966 ( 1143.0% ),29941700,3926,8
2016-12-23,49,0.9%,80,0.5%,10050,0.4%,22.8%,19089100,2797600 ( 17.2% ),2290,152 ( 7.1% ),49030800,6216,9
2016-12-24,44,0.8%,68,0.4%,9004,0.3%,29.9%,23573100,4484000 ( 23.5% ),2695,405 ( 17.7% ),72603900,8911,11
2016-12-25,42,0.7%,63,0.4%,8301,0.3%,34.0%,24298500,725400 ( 3.1% ),2819,124 ( 4.6% ),96902400,11730,11
2016-12-26,42,0.8%,77,0.5%,9938,0.4%,19.1%,14403300,-9895200 ( -40.7% ),1899,-920 ( -32.6% ),111305700,13629,10
2016-12-27,49,0.9%,74,0.5%,9849,0.4%,18.1%,13341500,-1061800 ( -7.4% ),1783,-116 ( -6.1% ),124647200,15412,9
2016-12-28,44,0.8%,74,0.5%,9929,0.4%,22.1%,14572500,1231000 ( 9.2% ),2191,408 ( 22.9% ),139219700,17603,10
2016-12-29,46,0.9%,68,0.4%,8984,0.3%,22.9%,15099600,527100 ( 3.6% ),2053,-138 ( -6.3% ),154319300,19656,12
2016-12-30,47,0.9%,67,0.4%,8746,0.3%,23.3%,16917200,1817600 ( 12.0% ),2040,-13 ( -0.6% ),171236500,21696,12
2016-12-31,45,0.8%,61,0.4%,8168,0.3%,27.4%,19188600,2271400 ( 13.4% ),2235,195 ( 9.6% ),190425100,23931,15
2017-01-01,48,0.8%,66,0.4%,9070,0.3%,18.6%,14501600,-4687000 ( -24.4% ),1687,-548 ( -24.5% ),204926700,25618,14
2017-01-02,43,0.8%,67,0.4%,8999,0.3%,14.9%,10415400,-4086200 ( -28.2% ),1345,-342 ( -20.3% ),215342100,26963,11
2017-01-03,48,0.9%,73,0.5%,9586,0.4%,15.2%,10823400,408000 ( 3.9% ),1454,109 ( 8.1% ),226165500,28417,13
2017-01-04,44,0.7%,61,0.4%,8196,0.3%,14.7%,9187200,-1636200 ( -15.1% ),1208,-246 ( -16.9% ),235352700,29625,15
2017-01-05,42,0.7%,61,0.4%,8099,0.3%,12.8%,7768500,-1418700 ( -15.4% ),1039,-169 ( -14.0% ),243121200,30664,18
2017-01-06,41,0.6%,58,0.3%,7873,0.3%,16.8%,10974000,3205500 ( 41.3% ),1324,285 ( 27.4% ),254095200,31988,15
2017-01-07,44,0.7%,58,0.3%,7887,0.3%,23.0%,15516500,4542500 ( 41.4% ),1814,490 ( 37.0% ),269611700,33802,16
2017-01-08,44,0.7%,58,0.3%,7978,0.3%,20.5%,13674500,-1842000 ( -11.9% ),1635,-179 ( -9.9% ),283286200,35437,16
2017-01-09,35,0.6%,54,0.3%,7353,0.3%,13.6%,7505000,-6169500 ( -45.1% ),1002,-633 ( -38.7% ),290791200,36439,15
2017-01-10,43,0.7%,65,0.4%,8455,0.3%,13.7%,8335000,830000 ( 11.1% ),1161,159 ( 15.9% ),299126200,37600,18
2017-01-11,41,0.7%,61,0.4%,7594,0.3%,12.8%,7188500,-1146500 ( -13.8% ),975,-186 ( -16.0% ),306314700,38575,20
2017-01-12,22,0.4%,32,0.2%,4282,0.2%,14.0%,4590200,-2598300 ( -36.1% ),598,-377 ( -38.7% ),310904900,39173,25
2017-01-13,22,0.4%,34,0.2%,4546,0.2%,15.0%,5539600,949400 ( 20.7% ),680,82 ( 13.7% ),316444500,39853,19
2017-01-14,24,0.4%,33,0.2%,4283,0.1%,19.7%,7282600,1743000 ( 31.5% ),843,163 ( 24.0% ),323727100,40696,21
2017-01-15,23,0.4%,34,0.2%,4438,0.2%,18.4%,6820500,-462100 ( -6.3% ),816,-27 ( -3.2% ),330547600,41512,20
2017-01-16,18,0.3%,27,0.2%,3862,0.1%,11.8%,3359500,-3461000 ( -50.7% ),456,-360 ( -44.1% ),333907100,41968,25
2017-01-17,20,0.3%,28,0.2%,3895,0.1%,12.0%,3543200,183700 ( 5.5% ),469,13 ( 2.9% ),337450300,42437,26
2017-01-18,19,0.3%,26,0.2%,3669,0.1%,12.8%,3530400,-12800 ( -0.4% ),469,0 ( 0.0% ),340980700,42906,21
2017-01-19,10,0.2%,17,0.1%,2325,0.1%,14.0%,2601500,-928900 ( -26.3% ),325,-144 ( -30.7% ),343582200,43231,28
2017-01-20,10,0.2%,15,0.1%,2030,0.1%,13.6%,2431000,-170500 ( -6.6% ),277,-48 ( -14.8% ),346013200,43508,27
2017-01-21,13,0.2%,20,0.1%,3188,0.1%,17.9%,4964500,2533500 ( 104.2% ),571,294 ( 106.1% ),350977700,44079,18
2017-01-22,10,0.2%,15,0.1%,2476,0.1%,17.0%,3561000,-1403500 ( -28.3% ),420,-151 ( -26.4% ),354538700,44499,19
2017-01-23,8,0.1%,14,0.1%,1960,0.1%,13.0%,2095000,-1466000 ( -41.2% ),255,-165 ( -39.3% ),356633700,44754,27
2017-01-24,12,0.2%,19,0.1%,2401,0.1%,13.7%,2587000,492000 ( 23.5% ),328,73 ( 28.6% ),359220700,45082,24
2017-01-25,7,0.1%,13,0.1%,2012,0.1%,14.8%,2082500,-504500 ( -19.5% ),298,-30 ( -9.1% ),361303200,45380,27
2017-01-26,9,0.1%,12,0.1%,1253,0.0%,15.6%,1552000,-530500 ( -25.5% ),195,-103 ( -34.6% ),362855200,45575,26
2017-01-27,8,0.1%,11,0.1%,1409,0.0%,21.3%,2697200,1145200 ( 73.8% ),300,105 ( 53.8% ),365552400,45875,22
2017-01-28,7,0.1%,10,0.1%,1045,0.0%,22.5%,2149000,-548200 ( -20.3% ),235,-65 ( -21.7% ),367701400,46110,24
2017-01-29,9,0.1%,12,0.1%,1485,0.0%,24.2%,3155000,1006000 ( 46.8% ),359,124 ( 52.8% ),370856400,46469,23
2017-01-30,8,0.1%,10,0.1%,1124,0.0%,41.3%,4050000,895000 ( 28.4% ),464,105 ( 29.2% ),374906400,46933,24
2017-01-31,8,0.1%,11,0.1%,1229,0.0%,19.3%,1860000,-2190000 ( -54.1% ),237,-227 ( -48.9% ),376766400,47170,31
2017-02-01,7,0.1%,9,0.1%,1231,0.0%,17.1%,1589700,-270300 ( -14.5% ),210,-27 ( -11.4% ),378356100,47380,30
2017-02-02,4,0.1%,4,0%,446,0.0%,18.4%,700000,-889700 ( -56.0% ),82,-128 ( -61.0% ),379056100,47462,56
2017-02-03,4,0.1%,5,0%,739,0.0%,17.5%,1191000,491000 ( 70.1% ),129,47 ( 57.3% ),380247100,47591,42
2017-02-04,5,0.1%,6,0%,769,0.0%,22.1%,1528000,337000 ( 28.3% ),170,41 ( 31.8% ),381775100,47761,36
2017-02-05,4,0.1%,5,0%,799,0.0%,19.4%,1332000,-196000 ( -12.8% ),155,-15 ( -8.8% ),383107100,47916,34
2017-02-06,3,0.1%,4,0%,467,0.0%,15.8%,614000,-718000 ( -53.9% ),74,-81 ( -52.3% ),383721100,47990,46
2017-02-07,4,0.1%,5,0%,739,0.0%,11.8%,707000,93000 ( 15.1% ),87,13 ( 17.6% ),384428100,48077,49
2017-02-08,4,0.1%,5,0%,799,0.0%,12.0%,743000,36000 ( 5.1% ),96,9 ( 10.3% ),385171100,48173,47
2017-02-09,4,0.1%,5,0%,424,0.0%,17.0%,476000,-267000 ( -35.9% ),72,-24 ( -25.0% ),385647100,48245,58
2017-02-10,1,0.0%,2,0%,144,0.0%,33.3%,443000,-33000 ( -6.9% ),48,-24 ( -33.3% ),386090100,48293,54
2017-02-11,2,0.0%,3,0%,294,0.0%,35.4%,957000,514000 ( 116.0% ),104,56 ( 116.7% ),387047100,48397,46
2017-02-12,5,0.1%,6,0%,574,0.0%,26.3%,1211000,254000 ( 26.5% ),151,47 ( 45.2% ),388258100,48548,41
2017-02-13,1,0.0%,2,0%,144,0.0%,32.6%,390000,-821000 ( -67.8% ),47,-104 ( -68.9% ),388648100,48595,52
2017-02-14,4,0.1%,5,0%,473,0.0%,16.9%,634000,244000 ( 62.6% ),80,33 ( 70.2% ),389282100,48675,58
2017-02-15,1,0.0%,2,0%,144,0.0%,33.3%,401000,-233000 ( -36.8% ),48,-32 ( -40.0% ),389683100,48723,62
2017-02-16,2,0.0%,2,0%,224,0.0%,11.6%,217000,-184000 ( -45.9% ),26,-22 ( -45.8% ),389900100,48749,71
2017-02-17,3,0.0%,3,0%,350,0.0%,16.9%,499000,282000 ( 130.0% ),59,33 ( 126.9% ),390399100,48808,62
2017-02-18,3,0.0%,3,0%,374,0.0%,20.9%,724000,225000 ( 45.1% ),78,19 ( 32.2% ),391123100,48886,64
2017-02-19,3,0.0%,3,0%,374,0.0%,21.9%,778000,54000 ( 7.5% ),82,4 ( 5.1% ),391901100,48968,59
2017-02-20,1,0.0%,1,0%,72,0.0%,38.9%,236000,-542000 ( -69.7% ),28,-54 ( -65.9% ),392137100,48996,64
2017-02-21,2,0.0%,2,0%,278,0.0%,4.7%,93000,-143000 ( -60.6% ),13,-15 ( -53.6% ),392230100,49009,85
2017-02-22,1,0.0%,1,0%,72,0.0%,98.6%,605000,512000 ( 550.5% ),71,58 ( 446.2% ),392835100,49080,57
2017-02-23,1,0.0%,1,0%,152,0.0%,7.9%,72000,-533000 ( -88.1% ),12,-59 ( -83.1% ),392907100,49092,80
2017-02-25,2,0.0%,2,0%,224,0.0%,35.3%,755000,755000 ( 100.0% ),79,79 ( 100.0% ),393662100,49171,50
2017-02-27,1,0.0%,1,0%,72,0.0%,44.4%,284000,284000 ( 100.0% ),32,32 ( 100.0% ),393946100,49203,64
2017-02-28,2,0.0%,2,0%,224,0.0%,33.9%,666000,382000 ( 134.5% ),76,44 ( 137.5% ),394612100,49279,59
2017-03-03,1,0.0%,1,0%,152,0.0%,5.9%,54000,54000 ( 100.0% ),9,9 ( 100.0% ),394666100,49288,90
2017-03-08,1,0.0%,1,0%,152,0.0%,2.6%,24000,24000 ( 100.0% ),4,4 ( 100.0% ),394690100,49292,87
2017-03-09,1,0.0%,1,0%,152,0.0%,5.9%,66000,42000 ( 175.0% ),9,5 ( 125.0% ),394756100,49301,83
2017-03-11,1,0.0%,1,0%,152,0.0%,4.6%,42000,42000 ( 100.0% ),7,7 ( 100.0% ),394798100,49308,86
2017-04-06,1,0.0%,1,0%,40,0.0%,30.0%,84000,84000 ( 100.0% ),12,12 ( 100.0% ),394882100,49320,81
2017-04-07,1,0.0%,1,0%,40,0.0%,90.0%,329000,245000 ( 291.7% ),36,24 ( 200.0% ),395211100,49356,60
2017-04-12,1,0.0%,1,0%,40,0.0%,35.0%,98000,98000 ( 100.0% ),14,14 ( 100.0% ),395309100,49370,71
2017-04-15,1,0.0%,1,0%,40,0.0%,45.0%,126000,126000 ( 100.0% ),18,18 ( 100.0% ),395435100,49388,74
2018-04-20,1,0.0%,1,0%,841,0.0%,6.4%,331000,331000 ( 100.0% ),54,54 ( 100.0% ),395766100,49442,66
2018-04-22,1,0.0%,1,0%,413,0.0%,22.3%,564000,564000 ( 100.0% ),92,92 ( 100.0% ),396330100,49534,59
2018-09-10,1,0.0%,1,0%,293,0.0%,4.8%,120000,120000 ( 100.0% ),14,14 ( 100.0% ),396450100,49548,71
2019-05-23,1,0.0%,1,0%,144,0.0%,13.9%,140000,140000 ( 100.0% ),20,20 ( 100.0% ),396590100,49568,66
2019-10-15,1,0.0%,2,0%,80,0.0%,57.5%,304000,304000 ( 100.0% ),46,46 ( 100.0% ),396894100,49614,65
2019-10-20,1,0.0%,1,0%,40,0.0%,100.0%,375000,375000 ( 100.0% ),40,40 ( 100.0% ),397269100,49654,73
