날짜,스크린수,스크린점유율,상영횟수,상영점유율,좌석수,좌석점유율,좌석판매율,매출액,매출액증감(전일대비),관객수,관객수증감(전일대비),누적매출액,누적관객수,순위
2017-05-20,1,0.0%,1,0%,118,0.0%,79.7%,769000,769000 ( 100.0% ),94,94 ( 100.0% ),769000,94,46
2017-05-23,1,0.0%,1,0%,118,0.0%,81.4%,864000,864000 ( 100.0% ),96,96 ( 100.0% ),1633000,190,43
2017-05-26,1,0.0%,1,0%,118,0.0%,47.5%,464000,464000 ( 100.0% ),56,56 ( 100.0% ),2097000,246,56
2017-06-03,1,0.0%,1,0%,112,0.0%,28.6%,277500,277500 ( 100.0% ),32,32 ( 100.0% ),2374500,278,71
2017-06-04,2,0.0%,2,0%,241,0.0%,42.3%,830500,553000 ( 199.3% ),102,70 ( 218.8% ),3205000,380,38
2017-06-08,1,0.0%,1,0%,214,0.0%,100.0%,1712000,1712000 ( 100.0% ),214,214 ( 100.0% ),4917000,594,29
2017-06-10,1,0.0%,1,0%,118,0.0%,27.1%,638000,638000 ( 100.0% ),32,32 ( 100.0% ),5555000,626,67
2017-06-11,2,0.0%,2,0%,211,0.0%,33.2%,625500,-12500 ( -2.0% ),70,38 ( 118.8% ),6180500,696,50
2017-06-14,17,0.4%,17,0.1%,2513,0.1%,48.7%,11001100,11001100 ( 100.0% ),1223,1223 ( 100.0% ),17181600,1919,10
2017-06-15,49,0.9%,133,0.8%,17721,0.6%,10.6%,13215200,2214100 ( 20.1% ),1874,651 ( 53.2% ),30396800,3793,8
2017-06-16,52,1.0%,138,0.8%,18586,0.6%,9.7%,14622200,1407000 ( 10.6% ),1801,-73 ( -3.9% ),45019000,5594,9
2017-06-17,53,0.9%,129,0.7%,17259,0.6%,16.1%,23060600,8438400 ( 57.7% ),2776,975 ( 54.1% ),68079600,8370,14
2017-06-18,56,0.9%,128,0.7%,16883,0.6%,15.6%,22148600,-912000 ( -4.0% ),2634,-142 ( -5.1% ),90228200,11004,13
2017-06-19,48,1.0%,126,0.8%,16990,0.6%,8.3%,10214000,-11934600 ( -53.9% ),1404,-1230 ( -46.7% ),100442200,12408,9
2017-06-20,47,0.9%,125,0.7%,16784,0.6%,8.8%,10546500,332500 ( 3.3% ),1473,69 ( 4.9% ),110988700,13881,10
2017-06-21,31,0.6%,85,0.5%,11856,0.5%,13.1%,11496900,950400 ( 9.0% ),1548,75 ( 5.1% ),122485600,15429,9
2017-06-22,28,0.5%,67,0.4%,9847,0.4%,13.3%,9731700,-1765200 ( -15.4% ),1307,-241 ( -15.6% ),132217300,16736,13
2017-06-23,30,0.6%,70,0.4%,9940,0.4%,15.2%,12682000,2950300 ( 30.3% ),1512,205 ( 15.7% ),144899300,18248,11
2017-06-24,27,0.5%,64,0.4%,8560,0.3%,29.4%,22012500,9330500 ( 73.6% ),2516,1004 ( 66.4% ),166911800,20764,15
2017-06-25,29,0.5%,70,0.4%,10363,0.4%,22.6%,20154600,-1857900 ( -8.4% ),2338,-178 ( -7.1% ),187066400,23102,15
2017-06-26,26,0.5%,73,0.5%,10951,0.4%,11.2%,9144000,-11010600 ( -54.6% ),1224,-1114 ( -47.6% ),196210400,24326,12
2017-06-27,26,0.5%,72,0.5%,10617,0.4%,12.3%,9814500,670500 ( 7.3% ),1307,83 ( 6.8% ),206024900,25633,13
2017-06-28,28,0.6%,47,0.3%,6048,0.2%,20.6%,7457000,-2357500 ( -24.0% ),1246,-61 ( -4.7% ),213481900,26879,12
2017-06-29,22,0.4%,34,0.2%,3993,0.2%,13.5%,3959500,-3497500 ( -46.9% ),541,-705 ( -56.6% ),217441400,27420,18
2017-06-30,27,0.5%,40,0.2%,5168,0.2%,14.6%,6156500,2197000 ( 55.5% ),755,214 ( 39.6% ),223597900,28175,17
2017-07-01,26,0.5%,41,0.2%,4725,0.2%,23.4%,9168500,3012000 ( 48.9% ),1107,352 ( 46.6% ),232766400,29282,20
2017-07-02,25,0.5%,39,0.2%,4404,0.2%,21.8%,7917500,-1251000 ( -13.6% ),961,-146 ( -13.2% ),240683900,30243,21
2017-07-03,22,0.5%,32,0.2%,3460,0.1%,12.7%,3200000,-4717500 ( -59.6% ),441,-520 ( -54.1% ),243883900,30684,17
2017-07-04,46,1.0%,57,0.4%,6918,0.3%,19.2%,8894700,5694700 ( 178.0% ),1328,887 ( 201.1% ),252778600,32012,12
2017-07-05,23,0.5%,33,0.2%,3529,0.1%,12.0%,3150100,-5744600 ( -64.6% ),423,-905 ( -68.1% ),255928700,32435,16
2017-07-06,10,0.2%,11,0.1%,1271,0.0%,9.3%,880500,-2269600 ( -72.0% ),118,-305 ( -72.1% ),256809200,32553,35
2017-07-07,12,0.3%,13,0.1%,1472,0.1%,13.2%,1673000,792500 ( 90.0% ),194,76 ( 64.4% ),258482200,32747,36
2017-07-08,12,0.3%,14,0.1%,1636,0.1%,26.5%,3768500,2095500 ( 125.3% ),434,240 ( 123.7% ),262250700,33181,26
2017-07-09,13,0.3%,14,0.1%,1653,0.1%,22.4%,3211800,-556700 ( -14.8% ),371,-63 ( -14.5% ),265462500,33552,25
2017-07-10,11,0.3%,13,0.1%,1356,0.1%,8.5%,826000,-2385800 ( -74.3% ),115,-256 ( -69.0% ),266288500,33667,34
2017-07-11,11,0.2%,14,0.1%,1629,0.1%,8.7%,1042500,216500 ( 26.2% ),142,27 ( 23.5% ),267331000,33809,42
2017-07-12,6,0.1%,6,0%,774,0.0%,12.3%,585500,-457000 ( -43.8% ),95,-47 ( -33.1% ),267916500,33904,48
2017-07-13,6,0.1%,6,0%,505,0.0%,18.4%,696500,111000 ( 19.0% ),93,-2 ( -2.1% ),268613000,33997,46
2017-07-14,6,0.1%,6,0%,505,0.0%,11.9%,423000,-273500 ( -39.3% ),60,-33 ( -35.5% ),269036000,34057,55
2017-07-15,7,0.1%,7,0%,643,0.0%,39.3%,2232600,1809600 ( 427.8% ),253,193 ( 321.7% ),271268600,34310,33
2017-07-16,5,0.1%,5,0%,403,0.0%,26.1%,877500,-1355100 ( -60.7% ),105,-148 ( -58.5% ),272146100,34415,37
2017-07-17,6,0.1%,6,0%,575,0.0%,13.9%,620000,-257500 ( -29.3% ),80,-25 ( -23.8% ),272766100,34495,45
2017-07-18,6,0.1%,6,0%,627,0.0%,11.3%,551000,-69000 ( -11.1% ),71,-9 ( -11.3% ),273317100,34566,60
2017-07-19,9,0.2%,9,0.1%,915,0.0%,17.6%,1185500,634500 ( 115.2% ),161,90 ( 126.8% ),274502600,34727,42
2017-07-20,4,0.1%,4,0%,514,0.0%,20.8%,671500,-514000 ( -43.4% ),107,-54 ( -33.5% ),275174100,34834,45
2017-07-21,2,0.0%,2,0%,296,0.0%,9.5%,193000,-478500 ( -71.3% ),28,-79 ( -73.8% ),275367100,34862,70
2017-07-22,5,0.1%,5,0%,638,0.0%,15.2%,814500,621500 ( 322.0% ),97,69 ( 246.4% ),276181600,34959,41
2017-07-23,4,0.1%,4,0%,446,0.0%,15.7%,492500,-322000 ( -39.5% ),70,-27 ( -27.8% ),276674100,35029,42
2017-07-24,4,0.1%,4,0%,524,0.0%,12.4%,440500,-52000 ( -10.6% ),65,-5 ( -7.1% ),277114600,35094,48
2017-07-25,4,0.1%,4,0%,456,0.0%,15.8%,503000,62500 ( 14.2% ),72,7 ( 10.8% ),277617600,35166,49
2017-07-26,1,0.0%,1,0%,108,0.0%,8.3%,65500,-437500 ( -87.0% ),9,-63 ( -87.5% ),277683100,35175,85
2017-07-28,2,0.0%,2,0%,252,0.0%,8.7%,157000,157000 ( 100.0% ),22,22 ( 100.0% ),277840100,35197,79
2017-07-29,1,0.0%,1,0%,40,0.0%,62.5%,150000,-7000 ( -4.5% ),25,3 ( 13.6% ),277990100,35222,83
2017-07-30,1,0.0%,1,0%,138,0.0%,23.9%,324000,174000 ( 116.0% ),33,8 ( 32.0% ),278314100,35255,60
2017-07-31,2,0.0%,2,0%,252,0.0%,14.7%,243000,-81000 ( -25.0% ),37,4 ( 12.1% ),278557100,35292,51
2017-08-01,1,0.0%,1,0%,212,0.0%,23.6%,331000,88000 ( 36.2% ),50,13 ( 35.1% ),278888100,35342,54
2017-08-02,1,0.0%,1,0%,212,0.0%,12.3%,161000,-170000 ( -51.4% ),26,-24 ( -48.0% ),279049100,35368,60
