날짜,스크린수,스크린점유율,상영횟수,상영점유율,좌석수,좌석점유율,좌석판매율,매출액,매출액증감(전일대비),관객수,관객수증감(전일대비),누적매출액,누적관객수,순위
2016-11-16,1,0.0%,1,0%,213,0.0%,96.2%,1601000,1601000 ( 100.0% ),205,205 ( 100.0% ),1601000,205,32
2016-12-19,1,0.0%,1,0%,282,0.0%,100.0%,1974000,1974000 ( 100.0% ),282,282 ( 100.0% ),3575000,487,24
2016-12-21,3,0.1%,3,0%,716,0.0%,98.9%,5764000,5764000 ( 100.0% ),708,708 ( 100.0% ),9339000,1195,15
2016-12-22,1,0.0%,1,0%,240,0.0%,100.0%,2216000,-3548000 ( -61.6% ),240,-468 ( -66.1% ),11555000,1435,27
2016-12-27,1,0.0%,1,0%,118,0.0%,66.1%,678000,678000 ( 100.0% ),78,78 ( 100.0% ),12233000,1513,44
2016-12-29,2,0.0%,2,0%,315,0.0%,81.6%,2360000,2360000 ( 100.0% ),257,257 ( 100.0% ),14593000,1770,30
2017-01-03,27,0.5%,29,0.2%,4288,0.2%,38.9%,13289500,13289500 ( 100.0% ),1668,1668 ( 100.0% ),27882500,3438,12
2017-01-04,371,6.2%,910,5.3%,120229,4.3%,16.3%,152788900,139499400 ( 1049.7% ),19575,17907 ( 1073.6% ),180671400,23013,8
2017-01-05,381,6.2%,884,5.1%,116534,4.1%,14.2%,128918100,-23870800 ( -15.6% ),16513,-3062 ( -15.6% ),309589500,39526,8
2017-01-06,382,6.0%,849,4.8%,111345,3.9%,13.4%,128854930,-63170 ( 0.0% ),14947,-1566 ( -9.5% ),438444430,54473,9
2017-01-07,393,6.1%,730,4%,95284,3.2%,19.4%,161276530,32421600 ( 25.2% ),18450,3503 ( 23.4% ),599720960,72923,10
2017-01-08,379,5.9%,666,3.7%,86869,3.0%,15.6%,118774800,-42501730 ( -26.4% ),13516,-4934 ( -26.7% ),718495760,86439,10
2017-01-09,369,6.3%,750,4.4%,95593,3.4%,8.5%,63408000,-55366800 ( -46.6% ),8165,-5351 ( -39.6% ),781903760,94604,9
2017-01-10,375,6.2%,739,4.3%,94439,3.4%,8.8%,64188500,780500 ( 1.2% ),8330,165 ( 2.0% ),846092260,102934,9
2017-01-11,125,2.3%,205,1.2%,23152,0.8%,9.3%,16255400,-47933100 ( -74.7% ),2147,-6183 ( -74.2% ),862347660,105081,16
2017-01-12,63,1.1%,94,0.6%,10184,0.4%,13.5%,10713100,-5542300 ( -34.1% ),1378,-769 ( -35.8% ),873060760,106459,18
2017-01-13,58,1.0%,87,0.5%,9155,0.3%,13.7%,10645500,-67600 ( -0.6% ),1256,-122 ( -8.9% ),883706260,107715,18
2017-01-14,65,1.1%,94,0.5%,10580,0.4%,19.9%,18098000,7452500 ( 70.0% ),2103,847 ( 67.4% ),901804260,109818,16
2017-01-15,55,0.9%,83,0.5%,8993,0.3%,13.1%,10047500,-8050500 ( -44.5% ),1177,-926 ( -44.0% ),911851760,110995,18
2017-01-16,52,0.9%,83,0.5%,8671,0.3%,8.5%,5517900,-4529600 ( -45.1% ),736,-441 ( -37.5% ),917369660,111731,20
2017-01-17,53,0.9%,80,0.5%,8317,0.3%,12.5%,8096600,2578700 ( 46.7% ),1043,307 ( 41.7% ),925466260,112774,22
2017-01-18,21,0.4%,29,0.2%,2749,0.1%,10.7%,2257700,-5838900 ( -72.1% ),293,-750 ( -71.9% ),927723960,113067,26
2017-01-19,23,0.4%,24,0.1%,2337,0.1%,9.6%,1638500,-619200 ( -27.4% ),224,-69 ( -23.5% ),929362460,113291,34
2017-01-20,20,0.4%,26,0.1%,2386,0.1%,11.7%,2266000,627500 ( 38.3% ),279,55 ( 24.6% ),931628460,113570,26
2017-01-21,19,0.3%,23,0.1%,2159,0.1%,16.0%,2914000,648000 ( 28.6% ),345,66 ( 23.7% ),934542460,113915,25
2017-01-22,20,0.3%,22,0.1%,2049,0.1%,9.6%,1481000,-1433000 ( -49.2% ),197,-148 ( -42.9% ),936023460,114112,30
2017-01-23,19,0.4%,26,0.2%,2413,0.1%,7.5%,1317500,-163500 ( -11.0% ),182,-15 ( -7.6% ),937340960,114294,35
2017-01-24,21,0.4%,26,0.2%,2782,0.1%,11.0%,2322500,1005000 ( 76.3% ),306,124 ( 68.1% ),939663460,114600,26
2017-01-25,11,0.2%,11,0.1%,1000,0.0%,10.3%,624000,-1698500 ( -73.1% ),103,-203 ( -66.3% ),940287460,114703,44
2017-01-26,9,0.1%,11,0.1%,971,0.0%,21.6%,1184000,560000 ( 89.7% ),210,107 ( 103.9% ),941471460,114913,25
2017-01-27,13,0.2%,14,0.1%,1267,0.0%,21.4%,1617000,433000 ( 36.6% ),271,61 ( 29.0% ),943088460,115184,25
2017-01-28,10,0.2%,11,0.1%,1017,0.0%,27.2%,1576000,-41000 ( -2.5% ),277,6 ( 2.2% ),944664460,115461,23
2017-01-29,11,0.2%,13,0.1%,1122,0.0%,29.2%,1924000,348000 ( 22.1% ),328,51 ( 18.4% ),946588460,115789,24
2017-01-30,11,0.2%,13,0.1%,1367,0.0%,24.3%,1894000,-30000 ( -1.6% ),332,4 ( 1.2% ),948482460,116121,26
2017-01-31,13,0.2%,19,0.1%,2169,0.1%,14.3%,1663000,-231000 ( -12.2% ),310,-22 ( -6.6% ),950145460,116431,26
2017-02-01,7,0.1%,9,0.1%,1331,0.0%,15.0%,1010000,-653000 ( -39.3% ),199,-111 ( -35.8% ),951155460,116630,32
2017-02-02,6,0.1%,6,0%,636,0.0%,20.3%,657500,-352500 ( -34.9% ),129,-70 ( -35.2% ),951812960,116759,44
2017-02-03,5,0.1%,5,0%,600,0.0%,21.2%,649000,-8500 ( -1.3% ),127,-2 ( -1.6% ),952461960,116886,43
2017-02-04,7,0.1%,7,0%,814,0.0%,19.7%,925000,276000 ( 42.5% ),160,33 ( 26.0% ),953386960,117046,38
2017-02-05,4,0.1%,4,0%,557,0.0%,24.1%,694500,-230500 ( -24.9% ),134,-26 ( -16.3% ),954081460,117180,37
2017-02-06,8,0.2%,8,0%,840,0.0%,15.8%,684000,-10500 ( -1.5% ),133,-1 ( -0.7% ),954765460,117313,39
2017-02-07,6,0.1%,6,0%,640,0.0%,21.6%,720500,36500 ( 5.3% ),138,5 ( 3.8% ),955485960,117451,43
2017-02-08,9,0.2%,10,0.1%,1227,0.0%,8.7%,560000,-160500 ( -22.3% ),107,-31 ( -22.5% ),956045960,117558,45
2017-02-09,5,0.1%,5,0%,554,0.0%,22.4%,630000,70000 ( 12.5% ),124,17 ( 15.9% ),956675960,117682,47
2017-02-10,6,0.1%,6,0%,753,0.0%,16.6%,632500,2500 ( 0.4% ),125,1 ( 0.8% ),957308460,117807,39
2017-02-11,5,0.1%,5,0%,728,0.0%,19.0%,757500,125000 ( 19.8% ),138,13 ( 10.4% ),958065960,117945,42
2017-02-12,8,0.1%,8,0%,958,0.0%,15.3%,808500,51000 ( 6.7% ),147,9 ( 6.5% ),958874460,118092,42
2017-02-13,7,0.1%,7,0%,997,0.0%,12.8%,658000,-150500 ( -18.6% ),128,-19 ( -12.9% ),959532460,118220,41
2017-02-14,6,0.1%,6,0%,764,0.0%,16.8%,648000,-10000 ( -1.5% ),128,0 ( 0.0% ),960180460,118348,45
2017-02-15,7,0.1%,8,0%,1052,0.0%,18.6%,996000,348000 ( 53.7% ),196,68 ( 53.1% ),961176460,118544,35
2017-02-16,1,0.0%,1,0%,36,0.0%,5.6%,14000,-982000 ( -98.6% ),2,-194 ( -99.0% ),961190460,118546,97
2017-02-17,2,0.0%,2,0%,128,0.0%,36.7%,422000,408000 ( 2914.3% ),47,45 ( 2250.0% ),961612460,118593,64
2017-02-19,1,0.0%,1,0%,36,0.0%,11.1%,28000,28000 ( 100.0% ),4,4 ( 100.0% ),961640460,118597,92
2017-02-21,1,0.0%,1,0%,36,0.0%,8.3%,19000,19000 ( 100.0% ),3,3 ( 100.0% ),961659460,118600,92
2017-02-24,1,0.0%,1,0%,36,0.0%,8.3%,19000,19000 ( 100.0% ),3,3 ( 100.0% ),961678460,118603,90
2017-02-27,1,0.0%,1,0%,36,0.0%,36.1%,78000,78000 ( 100.0% ),13,13 ( 100.0% ),961756460,118616,76
2017-02-28,1,0.0%,1,0%,36,0.0%,13.9%,29000,-49000 ( -62.8% ),5,-8 ( -61.5% ),961785460,118621,102
