날짜,스크린수,스크린점유율,상영횟수,상영점유율,좌석수,좌석점유율,좌석판매율,매출액,매출액증감(전일대비),관객수,관객수증감(전일대비),누적매출액,누적관객수,순위
2016-04-15,1,0.0%,1,0%,255,0.0%,100.0%,2295000,2295000 ( 100.0% ),255,255 ( 100.0% ),2295000,255,25
2016-04-18,3,0.1%,3,0%,700,0.0%,100.0%,5600000,5600000 ( 100.0% ),700,700 ( 100.0% ),7895000,955,13
2016-04-19,4,0.1%,4,0%,852,0.0%,100.0%,6816000,1216000 ( 21.7% ),852,152 ( 21.7% ),14711000,1807,14
2016-04-25,2,0.0%,2,0%,764,0.0%,100.0%,6112000,6112000 ( 100.0% ),764,764 ( 100.0% ),20823000,2571,15
2016-04-26,4,0.1%,4,0%,669,0.0%,99.4%,5320000,-792000 ( -13.0% ),665,-99 ( -13.0% ),26143000,3236,19
2016-05-09,4,0.1%,4,0%,787,0.0%,100.0%,6296000,6296000 ( 100.0% ),787,787 ( 100.0% ),32439000,4023,17
2016-05-10,4,0.1%,4,0%,883,0.0%,100.0%,7064000,768000 ( 12.2% ),883,96 ( 12.2% ),39503000,4906,18
2016-05-12,1,0.0%,1,0%,118,0.0%,22.0%,207000,207000 ( 100.0% ),26,26 ( 100.0% ),39710000,4932,68
2016-05-13,1,0.0%,1,0%,166,0.0%,10.2%,135000,-72000 ( -34.8% ),17,-9 ( -34.6% ),39845000,4949,72
2016-05-16,4,0.1%,4,0%,798,0.0%,100.0%,6384000,6384000 ( 100.0% ),798,798 ( 100.0% ),46229000,5747,8
2016-05-17,6,0.1%,6,0%,1058,0.0%,91.5%,7733000,1349000 ( 21.1% ),968,170 ( 21.3% ),53962000,6715,11
2016-05-19,1,0.0%,1,0%,108,0.0%,67.6%,711000,711000 ( 100.0% ),73,73 ( 100.0% ),54673000,6788,49
2016-05-20,3,0.1%,3,0%,516,0.0%,100.0%,5160000,4449000 ( 625.7% ),516,443 ( 606.8% ),59833000,7304,17
2016-05-21,1,0.0%,1,0%,118,0.0%,55.1%,543000,-4617000 ( -89.5% ),65,-451 ( -87.4% ),60376000,7369,52
2016-05-22,4,0.1%,4,0%,524,0.0%,34.4%,1535500,992500 ( 182.8% ),180,115 ( 176.9% ),61911500,7549,31
2016-05-23,1,0.0%,1,0%,332,0.0%,100.0%,2656000,1120500 ( 73.0% ),332,152 ( 84.4% ),64567500,7881,19
2016-05-24,1,0.0%,1,0%,160,0.0%,100.0%,1280000,-1376000 ( -51.8% ),160,-172 ( -51.8% ),65847500,8041,35
2016-05-25,217,4.2%,385,2.8%,51698,2.2%,8.6%,28018600,26738600 ( 2089.0% ),4458,4298 ( 2686.3% ),93866100,12499,8
2016-05-26,240,4.9%,463,3.3%,61643,2.7%,9.0%,40955100,12936500 ( 46.2% ),5547,1089 ( 24.4% ),134821200,18046,7
2016-05-27,245,4.8%,473,3.3%,62236,2.6%,11.1%,56500036,15544936 ( 38.0% ),6912,1365 ( 24.6% ),191321236,24958,7
2016-05-28,228,4.3%,342,2.3%,44958,1.8%,21.4%,80976152,24476116 ( 43.3% ),9635,2723 ( 39.4% ),272297388,34593,8
2016-05-29,233,4.4%,341,2.3%,45097,1.9%,21.3%,81132500,156348 ( 0.2% ),9586,-49 ( -0.5% ),353429888,44179,8
2016-05-30,254,5.3%,474,3.4%,63187,2.8%,10.0%,46728200,-34404300 ( -42.4% ),6349,-3237 ( -33.8% ),400158088,50528,6
2016-05-31,255,5.2%,467,3.4%,61994,2.7%,10.8%,48869600,2141400 ( 4.6% ),6688,339 ( 5.3% ),449027688,57216,6
2016-06-01,93,2.0%,140,1%,19188,0.8%,11.1%,15676400,-33193200 ( -67.9% ),2133,-4555 ( -68.1% ),464704088,59349,12
2016-06-02,86,1.8%,116,0.8%,15847,0.7%,10.0%,11474500,-4201900 ( -26.8% ),1579,-554 ( -26.0% ),476178588,60928,12
2016-06-03,84,1.7%,113,0.8%,15494,0.6%,13.5%,17327000,5852500 ( 51.0% ),2085,506 ( 32.0% ),493505588,63013,11
2016-06-04,76,1.4%,94,0.6%,13045,0.5%,21.6%,23961500,6634500 ( 38.3% ),2823,738 ( 35.4% ),517467088,65836,14
2016-06-05,69,1.3%,87,0.6%,12030,0.5%,28.3%,29184800,5223300 ( 21.8% ),3408,585 ( 20.7% ),546651888,69244,14
2016-06-06,65,1.2%,81,0.5%,11369,0.5%,34.5%,33099700,3914900 ( 13.4% ),3925,517 ( 15.2% ),579751588,73169,13
2016-06-07,72,1.5%,98,0.7%,13676,0.6%,8.2%,8220500,-24879200 ( -75.2% ),1121,-2804 ( -71.4% ),587972088,74290,14
2016-06-08,74,1.6%,102,0.7%,14309,0.6%,8.8%,9268500,1048000 ( 12.7% ),1255,134 ( 12.0% ),597240588,75545,15
2016-06-09,41,0.8%,56,0.4%,7988,0.3%,10.7%,6381400,-2887100 ( -31.1% ),856,-399 ( -31.8% ),603621988,76401,16
2016-06-10,43,0.9%,53,0.3%,7999,0.3%,10.3%,6915400,534000 ( 8.4% ),822,-34 ( -4.0% ),610537388,77223,14
2016-06-11,19,0.3%,25,0.2%,4008,0.1%,20.8%,7227000,311600 ( 4.5% ),832,10 ( 1.2% ),617764388,78055,17
2016-06-12,15,0.3%,22,0.1%,3874,0.1%,19.3%,6420000,-807000 ( -11.2% ),747,-85 ( -10.2% ),624184388,78802,18
2016-06-13,33,0.7%,44,0.3%,6815,0.3%,8.2%,4177500,-2242500 ( -34.9% ),556,-191 ( -25.6% ),628361888,79358,14
2016-06-14,35,0.7%,50,0.3%,7688,0.3%,8.0%,4682500,505000 ( 12.1% ),618,62 ( 11.2% ),633044388,79976,15
2016-06-15,33,0.7%,46,0.3%,6976,0.3%,8.0%,4161000,-521500 ( -11.1% ),555,-63 ( -10.2% ),637205388,80531,16
2016-06-16,7,0.1%,10,0.1%,1996,0.1%,12.1%,1851500,-2309500 ( -55.5% ),241,-314 ( -56.6% ),639056888,80772,32
2016-06-17,12,0.2%,14,0.1%,1929,0.1%,27.8%,3497000,1645500 ( 88.9% ),537,296 ( 122.8% ),642553888,81309,18
2016-06-18,9,0.2%,15,0.1%,1794,0.1%,27.8%,4436000,939000 ( 26.9% ),499,-38 ( -7.1% ),646989888,81808,21
2016-06-19,10,0.2%,13,0.1%,2461,0.1%,16.9%,3739000,-697000 ( -15.7% ),416,-83 ( -16.6% ),650728888,82224,21
2016-06-20,6,0.1%,10,0.1%,1972,0.1%,11.9%,1913000,-1826000 ( -48.8% ),234,-182 ( -43.8% ),652641888,82458,23
2016-06-21,7,0.1%,12,0.1%,1511,0.1%,17.9%,2211000,298000 ( 15.6% ),271,37 ( 15.8% ),654852888,82729,24
2016-06-22,8,0.2%,12,0.1%,2223,0.1%,11.2%,1952000,-259000 ( -11.7% ),249,-22 ( -8.1% ),656804888,82978,24
2016-06-23,5,0.1%,9,0.1%,1495,0.1%,29.4%,3190000,1238000 ( 63.4% ),440,191 ( 76.7% ),659994888,83418,23
2016-06-24,5,0.1%,9,0.1%,594,0.0%,44.9%,2243000,-947000 ( -29.7% ),267,-173 ( -39.3% ),662237888,83685,25
2016-06-25,7,0.1%,12,0.1%,927,0.0%,45.0%,3761000,1518000 ( 67.7% ),417,150 ( 56.2% ),665998888,84102,25
2016-06-26,7,0.1%,12,0.1%,1881,0.1%,20.7%,3448000,-313000 ( -8.3% ),389,-28 ( -6.7% ),669446888,84491,25
2016-06-27,3,0.1%,8,0.1%,464,0.0%,55.2%,2000000,-1448000 ( -42.0% ),256,-133 ( -34.2% ),671446888,84747,26
2016-06-28,5,0.1%,10,0.1%,1471,0.1%,15.4%,1740000,-260000 ( -13.0% ),227,-29 ( -11.3% ),673186888,84974,25
2016-06-29,4,0.1%,9,0.1%,1420,0.1%,21.4%,2294000,554000 ( 31.8% ),304,77 ( 33.9% ),675480888,85278,27
2016-06-30,4,0.1%,7,0%,621,0.0%,27.1%,1447000,-847000 ( -36.9% ),168,-136 ( -44.7% ),676927888,85446,36
2016-07-01,3,0.1%,7,0%,708,0.0%,29.0%,1935000,488000 ( 33.7% ),205,37 ( 22.0% ),678862888,85651,27
2016-07-02,4,0.1%,9,0.1%,980,0.0%,35.4%,3313000,1378000 ( 71.2% ),347,142 ( 69.3% ),682175888,85998,33
2016-07-03,4,0.1%,9,0.1%,831,0.0%,38.6%,3026000,-287000 ( -8.7% ),321,-26 ( -7.5% ),685201888,86319,30
2016-07-04,2,0.0%,6,0%,498,0.0%,28.7%,1222000,-1804000 ( -59.6% ),143,-178 ( -55.5% ),686423888,86462,36
2016-07-05,3,0.1%,7,0%,549,0.0%,33.2%,1551000,329000 ( 26.9% ),182,39 ( 27.3% ),687974888,86644,34
2016-07-06,1,0.0%,5,0%,360,0.0%,56.1%,1674000,123000 ( 7.9% ),202,20 ( 11.0% ),689648888,86846,33
2016-07-07,2,0.0%,3,0%,180,0.0%,63.9%,972000,-702000 ( -41.9% ),115,-87 ( -43.1% ),690620888,86961,47
2016-07-08,4,0.1%,6,0%,507,0.0%,30.8%,1357000,385000 ( 39.6% ),156,41 ( 35.7% ),691977888,87117,41
2016-07-09,3,0.0%,6,0%,462,0.0%,71.9%,3184000,1827000 ( 134.6% ),332,176 ( 112.8% ),695161888,87449,33
2016-07-10,3,0.0%,6,0%,462,0.0%,53.5%,2345000,-839000 ( -26.4% ),247,-85 ( -25.6% ),697506888,87696,33
2016-07-11,3,0.1%,4,0%,318,0.0%,43.4%,1099000,-1246000 ( -53.1% ),138,-109 ( -44.1% ),698605888,87834,37
2016-07-12,3,0.1%,6,0%,375,0.0%,51.5%,1545000,446000 ( 40.6% ),193,55 ( 39.9% ),700150888,88027,34
2016-07-13,2,0.0%,3,0%,180,0.0%,40.0%,614000,-931000 ( -60.3% ),72,-121 ( -62.7% ),700764888,88099,51
2016-07-14,3,0.1%,6,0%,508,0.0%,28.1%,1164000,550000 ( 89.6% ),143,71 ( 98.6% ),701928888,88242,41
2016-07-15,4,0.1%,7,0%,559,0.0%,28.8%,1443000,279000 ( 24.0% ),161,18 ( 12.6% ),703371888,88403,37
2016-07-16,3,0.0%,6,0%,508,0.0%,57.5%,2639000,1196000 ( 82.9% ),292,131 ( 81.4% ),706010888,88695,34
2016-07-17,4,0.1%,7,0%,708,0.0%,31.1%,2053000,-586000 ( -22.2% ),220,-72 ( -24.7% ),708063888,88915,35
2016-07-18,3,0.1%,4,0%,364,0.0%,16.8%,494000,-1559000 ( -75.9% ),61,-159 ( -72.3% ),708557888,88976,47
2016-07-19,4,0.1%,5,0%,415,0.0%,19.3%,631000,137000 ( 27.7% ),80,19 ( 31.1% ),709188888,89056,50
2016-07-20,2,0.0%,5,0%,492,0.0%,22.6%,927000,296000 ( 46.9% ),111,31 ( 38.8% ),710115888,89167,40
2016-07-21,2,0.0%,3,0%,174,0.0%,55.7%,753000,-174000 ( -18.8% ),97,-14 ( -12.6% ),710868888,89264,41
2016-07-22,2,0.0%,3,0%,174,0.0%,62.6%,949000,196000 ( 26.0% ),109,12 ( 12.4% ),711817888,89373,38
2016-07-23,3,0.1%,4,0%,312,0.0%,59.9%,1716000,767000 ( 80.8% ),187,78 ( 71.6% ),713533888,89560,34
2016-07-24,2,0.0%,3,0%,174,0.0%,97.1%,1571000,-145000 ( -8.4% ),169,-18 ( -9.6% ),715104888,89729,34
2016-07-25,2,0.0%,3,0%,174,0.0%,51.7%,756000,-815000 ( -51.9% ),90,-79 ( -46.7% ),715860888,89819,51
2016-07-26,2,0.0%,2,0%,102,0.0%,77.5%,646000,-110000 ( -14.6% ),79,-11 ( -12.2% ),716506888,89898,56
2016-07-27,1,0.0%,1,0%,30,0.0%,66.7%,142000,-504000 ( -78.0% ),20,-59 ( -74.7% ),716648888,89918,66
2016-07-28,1,0.0%,1,0%,72,0.0%,76.4%,478000,336000 ( 236.6% ),55,35 ( 175.0% ),717126888,89973,48
2016-07-29,1,0.0%,1,0%,72,0.0%,98.6%,677000,199000 ( 41.6% ),71,16 ( 29.1% ),717803888,90044,42
2016-07-30,1,0.0%,1,0%,72,0.0%,97.2%,689000,12000 ( 1.8% ),70,-1 ( -1.4% ),718492888,90114,45
2016-07-31,1,0.0%,1,0%,72,0.0%,94.4%,663000,-26000 ( -3.8% ),68,-2 ( -2.9% ),719155888,90182,40
2016-08-01,1,0.0%,1,0%,72,0.0%,56.9%,284000,-379000 ( -57.2% ),41,-27 ( -39.7% ),719439888,90223,42
2016-08-02,1,0.0%,1,0%,72,0.0%,79.2%,394000,110000 ( 38.7% ),57,16 ( 39.0% ),719833888,90280,46
2016-08-03,1,0.0%,1,0%,72,0.0%,79.2%,394000,0 ( 0.0% ),57,0 ( 0.0% ),720227888,90337,46
2016-08-04,1,0.0%,2,0%,144,0.0%,79.2%,915000,521000 ( 132.2% ),114,57 ( 100.0% ),721142888,90451,40
2016-08-05,1,0.0%,2,0%,144,0.0%,63.2%,800000,-115000 ( -12.6% ),91,-23 ( -20.2% ),721942888,90542,41
2016-08-06,1,0.0%,1,0%,72,0.0%,98.6%,692000,-108000 ( -13.5% ),71,-20 ( -22.0% ),722634888,90613,44
2016-08-07,1,0.0%,1,0%,72,0.0%,98.6%,663000,-29000 ( -4.2% ),71,0 ( 0.0% ),723297888,90684,43
2016-08-08,1,0.0%,1,0%,72,0.0%,76.4%,466000,-197000 ( -29.7% ),55,-16 ( -22.5% ),723763888,90739,43
2016-08-09,1,0.0%,2,0%,144,0.0%,61.1%,697000,231000 ( 49.6% ),88,33 ( 60.0% ),724460888,90827,42
2016-08-10,1,0.0%,2,0%,144,0.0%,58.3%,686000,-11000 ( -1.6% ),84,-4 ( -4.5% ),725146888,90911,42
2016-08-11,1,0.0%,2,0%,144,0.0%,45.8%,522000,-164000 ( -23.9% ),66,-18 ( -21.4% ),725668888,90977,51
2016-08-12,1,0.0%,2,0%,144,0.0%,70.1%,878000,356000 ( 68.2% ),101,35 ( 53.0% ),726546888,91078,40
2016-08-13,1,0.0%,1,0%,72,0.0%,98.6%,684000,-194000 ( -22.1% ),71,-30 ( -29.7% ),727230888,91149,55
2016-08-14,1,0.0%,1,0%,72,0.0%,98.6%,681000,-3000 ( -0.4% ),71,0 ( 0.0% ),727911888,91220,51
2016-08-15,1,0.0%,1,0%,72,0.0%,98.6%,690000,9000 ( 1.3% ),71,0 ( 0.0% ),728601888,91291,56
2016-08-16,1,0.0%,2,0%,144,0.0%,61.1%,716000,26000 ( 3.8% ),88,17 ( 23.9% ),729317888,91379,48
2016-08-17,1,0.0%,2,0%,144,0.0%,51.4%,595000,-121000 ( -16.9% ),74,-14 ( -15.9% ),729912888,91453,52
2016-08-18,1,0.0%,1,0%,72,0.0%,56.9%,324000,-271000 ( -45.5% ),41,-33 ( -44.6% ),730236888,91494,65
2016-08-19,1,0.0%,1,0%,72,0.0%,56.9%,379000,55000 ( 17.0% ),41,0 ( 0.0% ),730615888,91535,61
2016-08-20,1,0.0%,1,0%,72,0.0%,95.8%,682000,303000 ( 79.9% ),69,28 ( 68.3% ),731297888,91604,53
2016-08-21,1,0.0%,1,0%,72,0.0%,95.8%,670000,-12000 ( -1.8% ),69,0 ( 0.0% ),731967888,91673,51
2016-08-22,1,0.0%,1,0%,72,0.0%,54.2%,340000,-330000 ( -49.3% ),39,-30 ( -43.5% ),732307888,91712,55
2016-08-23,1,0.0%,1,0%,72,0.0%,97.2%,607000,267000 ( 78.5% ),70,31 ( 79.5% ),732914888,91782,59
2016-08-24,1,0.0%,1,0%,72,0.0%,59.7%,365000,-242000 ( -39.9% ),43,-27 ( -38.6% ),733279888,91825,62
2016-08-25,1,0.0%,1,0%,72,0.0%,30.6%,191000,-174000 ( -47.7% ),22,-21 ( -48.8% ),733470888,91847,77
2016-08-26,1,0.0%,1,0%,72,0.0%,38.9%,273000,82000 ( 42.9% ),28,6 ( 27.3% ),733743888,91875,80
2016-08-27,1,0.0%,1,0%,72,0.0%,94.4%,666000,393000 ( 144.0% ),68,40 ( 142.9% ),734409888,91943,63
2016-08-28,1,0.0%,1,0%,72,0.0%,69.4%,482000,-184000 ( -27.6% ),50,-18 ( -26.5% ),734891888,91993,58
2016-08-29,1,0.0%,1,0%,72,0.0%,30.6%,195000,-287000 ( -59.5% ),22,-28 ( -56.0% ),735086888,92015,66
2016-08-30,1,0.0%,1,0%,72,0.0%,34.7%,222000,27000 ( 13.8% ),25,3 ( 13.6% ),735308888,92040,75
2016-08-31,1,0.0%,1,0%,72,0.0%,97.2%,495000,273000 ( 123.0% ),70,45 ( 180.0% ),735803888,92110,63
2016-09-01,1,0.0%,1,0%,72,0.0%,13.9%,68000,-427000 ( -86.3% ),10,-60 ( -85.7% ),735871888,92120,89
2016-09-02,1,0.0%,1,0%,72,0.0%,15.3%,85000,17000 ( 25.0% ),11,1 ( 10.0% ),735956888,92131,97
2016-09-03,1,0.0%,1,0%,72,0.0%,98.6%,638000,553000 ( 650.6% ),71,60 ( 545.5% ),736594888,92202,67
2016-09-04,1,0.0%,1,0%,72,0.0%,62.5%,434000,-204000 ( -32.0% ),45,-26 ( -36.6% ),737028888,92247,73
2016-09-06,1,0.0%,1,0%,72,0.0%,9.7%,46000,46000 ( 100.0% ),7,7 ( 100.0% ),737074888,92254,96
2016-09-07,1,0.0%,1,0%,72,0.0%,13.9%,69000,23000 ( 50.0% ),10,3 ( 42.9% ),737143888,92264,86
2016-09-10,1,0.0%,1,0%,72,0.0%,51.4%,360000,360000 ( 100.0% ),37,37 ( 100.0% ),737503888,92301,72
2016-09-11,1,0.0%,1,0%,72,0.0%,52.8%,376000,16000 ( 4.4% ),38,1 ( 2.7% ),737879888,92339,72
2016-11-17,1,0.0%,1,0%,166,0.0%,3.0%,30000,30000 ( 100.0% ),5,5 ( 100.0% ),737909888,92344,116
2016-11-18,1,0.0%,1,0%,166,0.0%,3.6%,34000,4000 ( 13.3% ),6,1 ( 20.0% ),737943888,92350,116
2016-11-21,1,0.0%,1,0%,166,0.0%,5.4%,55000,55000 ( 100.0% ),9,9 ( 100.0% ),737998888,92359,94
2016-11-22,1,0.0%,1,0%,166,0.0%,1.8%,19000,-36000 ( -65.5% ),3,-6 ( -66.7% ),738017888,92362,131
2016-12-24,1,0.0%,1,0%,51,0.0%,35.3%,104000,104000 ( 100.0% ),18,18 ( 100.0% ),738121888,92380,71
2017-02-22,1,0.0%,1,0%,72,0.0%,26.4%,171000,171000 ( 100.0% ),19,19 ( 100.0% ),738292888,92399,74
2017-06-03,1,0.0%,1,0%,118,0.0%,100.0%,590000,590000 ( 100.0% ),118,118 ( 100.0% ),738882888,92517,45
2017-09-14,1,0.0%,1,0%,275,0.0%,100.0%,2200000,2200000 ( 100.0% ),275,275 ( 100.0% ),741082888,92792,33
2017-09-16,1,0.0%,1,0%,144,0.0%,0.0%,0,0 ( 0.0% ),0,0 ( 0.0% ),741082888,92792,134
2018-12-05,1,0.0%,1,0%,95,0.0%,100.0%,570000,570000 ( 100.0% ),95,95 ( 100.0% ),741652888,92887,49
2018-12-08,1,0.0%,1,0%,262,0.0%,3.4%,29500,29500 ( 100.0% ),9,9 ( 100.0% ),741682388,92896,94
