날짜,스크린수,스크린점유율,상영횟수,상영점유율,좌석수,좌석점유율,좌석판매율,매출액,매출액증감(전일대비),관객수,관객수증감(전일대비),누적매출액,누적관객수,순위
2017-02-06,1,0.0%,1,0%,282,0.0%,100.0%,1692000,1692000 ( 100.0% ),282,282 ( 100.0% ),1692000,282,26
2017-02-27,1,0.0%,3,0%,1125,0.0%,59.6%,4690000,4690000 ( 100.0% ),670,670 ( 100.0% ),6382000,952,29
2017-03-20,4,0.1%,6,0%,989,0.0%,98.4%,7688000,7688000 ( 100.0% ),973,973 ( 100.0% ),14070000,1925,14
2017-03-23,9,0.2%,9,0.1%,2923,0.1%,100.0%,23384000,23384000 ( 100.0% ),2923,2923 ( 100.0% ),37454000,4848,8
2017-03-24,23,0.5%,23,0.1%,4485,0.2%,99.8%,40297000,16913000 ( 72.3% ),4477,1554 ( 53.2% ),77751000,9325,7
2017-03-27,2,0.0%,2,0%,563,0.0%,100.0%,4593000,4593000 ( 100.0% ),563,563 ( 100.0% ),82344000,9888,17
2017-03-29,613,11.8%,2376,14.6%,366240,13.7%,14.6%,305148800,305148800 ( 100.0% ),53333,53333 ( 100.0% ),387492800,63221,4
2017-03-30,594,11.6%,2309,14.3%,351829,13.2%,8.7%,222913700,-82235100 ( -26.9% ),30533,-22800 ( -42.8% ),610406500,93754,4
2017-03-31,589,11.3%,2228,13.4%,337446,12.3%,12.4%,336022913,113109213 ( 50.7% ),41698,11165 ( 36.6% ),946429413,135452,4
2017-04-01,584,10.1%,1908,11%,268776,9.4%,32.0%,707181120,371158207 ( 110.5% ),86002,44304 ( 106.2% ),1653610533,221454,4
2017-04-02,558,10.1%,1838,10.9%,257251,9.3%,27.0%,572810800,-134370320 ( -19.0% ),69577,-16425 ( -19.1% ),2226421333,291031,4
2017-04-03,554,10.7%,1877,12%,258576,10.0%,9.5%,181142200,-391668600 ( -68.4% ),24601,-44976 ( -64.6% ),2407563533,315632,4
2017-04-04,551,10.3%,1863,12%,257384,10.0%,8.5%,159543600,-21598600 ( -11.9% ),21754,-2847 ( -11.6% ),2567107133,337386,4
2017-04-05,398,8.5%,1068,6.5%,138846,5.1%,10.3%,103658400,-55885200 ( -35.0% ),14339,-7415 ( -34.1% ),2670765533,351725,7
2017-04-06,347,6.5%,736,4.5%,93901,3.5%,10.7%,73909200,-29749200 ( -28.7% ),10056,-4283 ( -29.9% ),2744674733,361781,7
2017-04-07,350,6.4%,729,4.3%,93538,3.4%,12.7%,93173200,19264000 ( 26.1% ),11864,1808 ( 18.0% ),2837847933,373645,7
2017-04-08,349,5.6%,689,3.9%,90093,3.1%,23.5%,177451000,84277800 ( 90.5% ),21191,9327 ( 78.6% ),3015298933,394836,7
2017-04-09,340,5.5%,671,3.9%,86136,3.0%,20.7%,148323000,-29128000 ( -16.4% ),17863,-3328 ( -15.7% ),3163621933,412699,7
2017-04-10,332,6.3%,703,4.6%,91021,3.6%,6.8%,45354700,-102968300 ( -69.4% ),6180,-11683 ( -65.4% ),3208976633,418879,7
2017-04-11,346,6.4%,718,4.6%,95829,3.8%,6.4%,44535800,-818900 ( -1.8% ),6140,-40 ( -0.6% ),3253512433,425019,7
2017-04-12,100,2.0%,153,1%,19002,0.8%,5.3%,7248000,-37287800 ( -83.7% ),1007,-5133 ( -83.6% ),3260760433,426026,13
2017-04-13,88,1.7%,129,0.8%,15794,0.6%,9.1%,8647000,1399000 ( 19.3% ),1431,424 ( 42.1% ),3269407433,427457,14
2017-04-14,80,1.5%,120,0.7%,14153,0.5%,5.2%,5703000,-2944000 ( -34.0% ),731,-700 ( -48.9% ),3275110433,428188,19
2017-04-15,69,1.2%,99,0.6%,11143,0.4%,9.1%,8361000,2658000 ( 46.6% ),1019,288 ( 39.4% ),3283471433,429207,21
2017-04-16,62,1.1%,90,0.5%,10575,0.4%,8.6%,7406500,-954500 ( -11.4% ),909,-110 ( -10.8% ),3290877933,430116,21
2017-04-17,69,1.4%,103,0.7%,12157,0.5%,3.8%,3242500,-4164000 ( -56.2% ),465,-444 ( -48.8% ),3294120433,430581,22
2017-04-18,84,1.6%,114,0.8%,13799,0.6%,10.8%,7851000,4608500 ( 142.1% ),1488,1023 ( 220.0% ),3301971433,432069,10
2017-04-19,69,1.3%,100,0.7%,11577,0.5%,9.1%,6038500,-1812500 ( -23.1% ),1049,-439 ( -29.5% ),3308009933,433118,13
2017-04-20,20,0.4%,20,0.1%,2785,0.1%,21.1%,2630500,-3408000 ( -56.4% ),587,-462 ( -44.0% ),3310640433,433705,21
2017-04-21,3,0.1%,4,0%,631,0.0%,14.9%,516000,-2114500 ( -80.4% ),94,-493 ( -84.0% ),3311156433,433799,53
2017-04-22,13,0.2%,13,0.1%,1798,0.1%,13.7%,1326500,810500 ( 157.1% ),247,153 ( 162.8% ),3312482933,434046,40
2017-04-23,4,0.1%,4,0%,615,0.0%,8.0%,471500,-855000 ( -64.5% ),49,-198 ( -80.2% ),3312954433,434095,64
2017-04-24,5,0.1%,7,0%,1011,0.0%,11.8%,725500,254000 ( 53.9% ),119,70 ( 142.9% ),3313679933,434214,46
2017-04-25,3,0.1%,6,0%,796,0.0%,11.7%,467500,-258000 ( -35.6% ),93,-26 ( -21.8% ),3314147433,434307,62
2017-04-26,4,0.1%,4,0%,585,0.0%,5.3%,155000,-312500 ( -66.8% ),31,-62 ( -66.7% ),3314302433,434338,74
2017-04-27,4,0.1%,4,0%,585,0.0%,5.1%,150000,-5000 ( -3.2% ),30,-1 ( -3.2% ),3314452433,434368,70
2017-04-28,4,0.1%,4,0%,585,0.0%,4.8%,140000,-10000 ( -6.7% ),28,-2 ( -6.7% ),3314592433,434396,61
2017-04-29,5,0.1%,5,0%,685,0.0%,4.8%,165000,25000 ( 17.9% ),33,5 ( 17.9% ),3314757433,434429,75
2017-04-30,4,0.1%,4,0%,585,0.0%,6.3%,190000,25000 ( 15.2% ),37,4 ( 12.1% ),3314947433,434466,69
2017-05-01,6,0.1%,6,0%,780,0.0%,4.0%,157000,-33000 ( -17.4% ),31,-6 ( -16.2% ),3315104433,434497,65
2017-05-02,5,0.1%,5,0%,680,0.0%,5.3%,180000,23000 ( 14.6% ),36,5 ( 16.1% ),3315284433,434533,68
2017-05-03,5,0.1%,5,0%,680,0.0%,5.4%,185000,5000 ( 2.8% ),37,1 ( 2.8% ),3315469433,434570,68
2017-05-04,5,0.1%,5,0%,680,0.0%,5.7%,195000,10000 ( 5.4% ),39,2 ( 5.4% ),3315664433,434609,63
2017-05-05,5,0.1%,5,0%,680,0.0%,4.4%,150000,-45000 ( -23.1% ),30,-9 ( -23.1% ),3315814433,434639,68
2017-05-06,4,0.1%,4,0%,585,0.0%,5.1%,150000,0 ( 0.0% ),30,0 ( 0.0% ),3315964433,434669,64
2017-05-07,4,0.1%,4,0%,585,0.0%,6.5%,190000,40000 ( 26.7% ),38,8 ( 26.7% ),3316154433,434707,55
2017-05-08,4,0.1%,4,0%,585,0.0%,6.0%,175000,-15000 ( -7.9% ),35,-3 ( -7.9% ),3316329433,434742,52
2017-05-09,4,0.1%,4,0%,585,0.0%,6.0%,175000,0 ( 0.0% ),35,0 ( 0.0% ),3316504433,434777,60
2017-07-22,1,0.0%,1,0%,92,0.0%,100.0%,920000,920000 ( 100.0% ),92,92 ( 100.0% ),3317424433,434869,44
2017-09-01,1,0.0%,1,0%,108,0.0%,0.0%,0,0 ( 0.0% ),0,0 ( 0.0% ),3317424433,434869,103
2017-09-02,1,0.0%,1,0%,96,0.0%,95.8%,828000,828000 ( 100.0% ),92,92 ( 100.0% ),3318252433,434961,54
2017-11-11,1,0.0%,1,0%,87,0.0%,100.0%,783000,783000 ( 100.0% ),87,87 ( 100.0% ),3319035433,435048,62
2017-11-21,1,0.0%,1,0%,224,0.0%,0.0%,0,0 ( 0.0% ),0,0 ( 0.0% ),3319035433,435048,158
2017-12-21,1,0.0%,1,0%,106,0.0%,0.0%,0,0 ( 0.0% ),0,0 ( 0.0% ),3319035433,435048,122
2018-06-02,1,0.0%,1,0%,42,0.0%,100.0%,420000,420000 ( 100.0% ),42,42 ( 100.0% ),3319455433,435090,59
2018-08-10,1,0.0%,1,0%,36,0.0%,13.9%,25000,25000 ( 100.0% ),5,5 ( 100.0% ),3319480433,435095,76
2018-08-12,1,0.0%,1,0%,36,0.0%,13.9%,25000,25000 ( 100.0% ),5,5 ( 100.0% ),3319505433,435100,74
2018-11-10,1,0.0%,1,0%,42,0.0%,100.0%,441000,441000 ( 100.0% ),42,42 ( 100.0% ),3319946433,435142,71
