날짜,스크린수,스크린점유율,상영횟수,상영점유율,좌석수,좌석점유율,좌석판매율,매출액,매출액증감(전일대비),관객수,관객수증감(전일대비),누적매출액,누적관객수,순위
2018-01-18,1,0.0%,1,0%,178,0.0%,100.0%,1424000,1424000 ( 100.0% ),178,178 ( 100.0% ),1424000,178,35
2018-01-25,1,0.0%,1,0%,200,0.0%,100.0%,1790000,1790000 ( 100.0% ),200,200 ( 100.0% ),3214000,378,36
2018-01-31,601,10.0%,2017,10.8%,280296,9.2%,36.7%,628833500,628833500 ( 100.0% ),102991,102991 ( 100.0% ),632047500,103369,3
2018-02-01,632,10.1%,2109,11.4%,303232,10.1%,15.7%,365393000,-263440500 ( -41.9% ),47745,-55246 ( -53.6% ),997440500,151114,3
2018-02-02,674,10.4%,2326,12.5%,343697,11.4%,14.9%,431416480,66023480 ( 18.1% ),51261,3516 ( 7.4% ),1428856980,202375,3
2018-02-03,769,11.1%,2599,13.3%,396840,12.6%,22.4%,747861384,316444904 ( 73.4% ),89015,37754 ( 73.7% ),2176718364,291390,4
2018-02-04,732,10.6%,2436,12.8%,374458,12.2%,19.2%,609603100,-138258284 ( -18.5% ),71834,-17181 ( -19.3% ),2786321464,363224,4
2018-02-05,623,10.3%,2156,12.7%,339664,12.2%,8.0%,211480900,-398122200 ( -65.3% ),27338,-44496 ( -61.9% ),2997802364,390562,3
2018-02-06,610,9.7%,2049,12.2%,322715,11.8%,7.6%,187165700,-24315200 ( -11.5% ),24381,-2957 ( -10.8% ),3184968064,414943,4
2018-02-07,575,9.3%,1906,11.4%,301744,11.1%,7.6%,176967300,-10198400 ( -5.4% ),23077,-1304 ( -5.3% ),3361935364,438020,3
2018-02-08,409,6.6%,913,5.2%,123435,4.4%,12.5%,117234300,-59733000 ( -33.8% ),15372,-7705 ( -33.4% ),3479169664,453392,4
2018-02-09,447,7.1%,983,5.5%,131411,4.6%,14.2%,155069800,37835500 ( 32.3% ),18715,3343 ( 21.7% ),3634239464,472107,4
2018-02-10,457,6.8%,942,5%,124349,4.1%,21.1%,219687400,64617600 ( 41.7% ),26183,7468 ( 39.9% ),3853926864,498290,6
2018-02-11,453,6.8%,902,4.9%,118665,4.0%,18.6%,187006100,-32681300 ( -14.9% ),22120,-4063 ( -15.5% ),4040932964,520410,6
2018-02-12,422,7.0%,954,5.7%,130339,4.8%,9.1%,91854300,-95151800 ( -50.9% ),11923,-10197 ( -46.1% ),4132787264,532333,4
2018-02-13,424,6.9%,949,5.6%,129175,4.7%,8.8%,87310400,-4543900 ( -4.9% ),11410,-513 ( -4.3% ),4220097664,543743,5
2018-02-14,62,1.1%,89,0.5%,9228,0.3%,17.6%,11935100,-75375300 ( -86.3% ),1620,-9790 ( -85.8% ),4232032764,545363,10
2018-02-15,59,1.0%,78,0.4%,8103,0.3%,16.2%,10686800,-1248300 ( -10.5% ),1312,-308 ( -19.0% ),4242719564,546675,13
2018-02-16,44,0.7%,57,0.3%,5706,0.2%,19.4%,8679800,-2007000 ( -18.8% ),1107,-205 ( -15.6% ),4251399364,547782,13
2018-02-17,41,0.7%,57,0.3%,5684,0.2%,23.1%,10749200,2069400 ( 23.8% ),1313,206 ( 18.6% ),4262148564,549095,13
2018-02-18,42,0.7%,55,0.3%,5632,0.2%,20.3%,9301800,-1447400 ( -13.5% ),1144,-169 ( -12.9% ),4271450364,550239,12
2018-02-19,45,0.8%,62,0.4%,6553,0.2%,12.3%,5816600,-3485200 ( -37.5% ),805,-339 ( -29.6% ),4277266964,551044,15
2018-02-20,44,0.8%,65,0.4%,6630,0.2%,11.3%,5490700,-325900 ( -5.6% ),747,-58 ( -7.2% ),4282757664,551791,18
2018-02-21,40,0.7%,54,0.3%,5884,0.2%,9.9%,4309100,-1181600 ( -21.5% ),580,-167 ( -22.4% ),4287066764,552371,19
2018-02-22,9,0.2%,15,0.1%,1475,0.1%,9.9%,1070000,-3239100 ( -75.2% ),146,-434 ( -74.8% ),4288136764,552517,48
2018-02-23,7,0.1%,11,0.1%,996,0.0%,9.5%,732800,-337200 ( -31.5% ),95,-51 ( -34.9% ),4288869564,552612,53
2018-02-24,8,0.1%,15,0.1%,1444,0.0%,13.0%,1608200,875400 ( 119.5% ),187,92 ( 96.8% ),4290477764,552799,39
2018-02-25,7,0.1%,12,0.1%,1071,0.0%,10.3%,890600,-717600 ( -44.6% ),110,-77 ( -41.2% ),4291368364,552909,41
2018-02-26,9,0.2%,13,0.1%,1153,0.0%,8.8%,740500,-150100 ( -16.9% ),101,-9 ( -8.2% ),4292108864,553010,39
2018-02-27,9,0.2%,15,0.1%,1341,0.0%,8.3%,801000,60500 ( 8.2% ),111,10 ( 9.9% ),4292909864,553121,53
2018-03-02,2,0.0%,2,0%,718,0.0%,13.9%,600000,600000 ( 100.0% ),100,100 ( 100.0% ),4293509864,553221,43
2018-03-03,2,0.0%,2,0%,718,0.0%,13.9%,600000,0 ( 0.0% ),100,0 ( 0.0% ),4294109864,553321,44
2018-03-04,2,0.0%,2,0%,718,0.0%,13.9%,600000,0 ( 0.0% ),100,0 ( 0.0% ),4294709864,553421,46
2018-03-05,2,0.0%,2,0%,718,0.0%,13.9%,600000,0 ( 0.0% ),100,0 ( 0.0% ),4295309864,553521,42
2018-03-06,2,0.0%,2,0%,718,0.0%,13.9%,600000,0 ( 0.0% ),100,0 ( 0.0% ),4295909864,553621,45
2018-03-07,2,0.0%,2,0%,718,0.0%,13.9%,600000,0 ( 0.0% ),100,0 ( 0.0% ),4296509864,553721,41
2018-03-08,2,0.0%,2,0%,718,0.0%,13.9%,600000,0 ( 0.0% ),100,0 ( 0.0% ),4297109864,553821,44
2018-03-09,2,0.0%,2,0%,718,0.0%,13.9%,600000,0 ( 0.0% ),100,0 ( 0.0% ),4297709864,553921,33
2018-03-10,2,0.0%,2,0%,718,0.0%,13.9%,600000,0 ( 0.0% ),100,0 ( 0.0% ),4298309864,554021,45
2018-03-11,2,0.0%,2,0%,718,0.0%,13.9%,600000,0 ( 0.0% ),100,0 ( 0.0% ),4298909864,554121,46
2018-03-12,2,0.0%,2,0%,718,0.0%,13.9%,600000,0 ( 0.0% ),100,0 ( 0.0% ),4299509864,554221,34
2018-03-13,2,0.0%,2,0%,718,0.0%,13.9%,600000,0 ( 0.0% ),100,0 ( 0.0% ),4300109864,554321,38
2018-03-14,2,0.0%,2,0%,718,0.0%,13.9%,600000,0 ( 0.0% ),100,0 ( 0.0% ),4300709864,554421,38
2018-03-15,2,0.0%,2,0%,718,0.0%,13.9%,600000,0 ( 0.0% ),100,0 ( 0.0% ),4301309864,554521,43
