날짜,스크린수,스크린점유율,상영횟수,상영점유율,좌석수,좌석점유율,좌석판매율,매출액,매출액증감(전일대비),관객수,관객수증감(전일대비),누적매출액,누적관객수,순위
2016-07-20,6,0.1%,7,0%,1909,0.1%,91.5%,12638000,12638000 ( 100.0% ),1746,1746 ( 100.0% ),12638000,1746,10
2016-07-21,7,0.1%,7,0%,1067,0.0%,100.0%,9096000,-3542000 ( -28.0% ),1067,-679 ( -38.9% ),21734000,2813,14
2016-07-22,9,0.2%,9,0.1%,1251,0.0%,79.5%,7439000,-1657000 ( -18.2% ),995,-72 ( -6.7% ),29173000,3808,14
2016-07-24,1,0.0%,1,0%,174,0.0%,100.0%,1740000,1740000 ( 100.0% ),174,174 ( 100.0% ),30913000,3982,32
2016-07-25,15,0.3%,18,0.1%,3232,0.1%,100.0%,26746000,25006000 ( 1437.1% ),3232,3058 ( 1757.5% ),57659000,7214,9
2016-07-26,32,0.6%,34,0.2%,6613,0.2%,83.1%,49568100,22822100 ( 85.3% ),5497,2265 ( 70.1% ),107227100,12711,8
2016-07-27,901,19.5%,4702,27.3%,842680,29.6%,55.1%,2922521800,2872953700 ( 5796.0% ),464460,458963 ( 8349.3% ),3029748900,477171,1
2016-07-28,904,19.1%,4803,27.4%,849723,29.3%,41.7%,2635577800,-286944000 ( -9.8% ),354500,-109960 ( -23.7% ),5665326700,831671,1
2016-07-29,942,19.8%,5032,28.1%,888883,30.1%,45.6%,3364992124,729414324 ( 27.7% ),405477,50977 ( 14.4% ),9030318824,1237148,1
2016-07-30,1038,20.9%,5574,30.3%,983541,32.4%,70.3%,5741071923,2376079799 ( 70.6% ),691478,286001 ( 70.5% ),14771390747,1928626,1
2016-07-31,1049,21.6%,5666,31.2%,1011374,33.7%,69.0%,5844388660,103316737 ( 1.8% ),697945,6467 ( 0.9% ),20615779407,2626571,1
2016-08-01,995,21.7%,5609,31.7%,1031623,35.3%,48.0%,3707436420,-2136952240 ( -36.6% ),495531,-202414 ( -29.0% ),24323215827,3122102,1
2016-08-02,1013,21.5%,5628,31.7%,1035268,35.4%,44.7%,3435641900,-271794520 ( -7.3% ),462324,-33207 ( -6.7% ),27758857727,3584426,1
2016-08-03,776,15.5%,3673,20.6%,689006,23.5%,46.4%,2372148900,-1063493000 ( -31.0% ),319553,-142771 ( -30.9% ),30131006627,3903979,2
2016-08-04,772,14.6%,3584,20%,661794,22.5%,39.8%,1945025240,-427123660 ( -18.0% ),263094,-56459 ( -17.7% ),32076031867,4167073,1
2016-08-05,817,15.2%,3688,20.3%,680457,22.8%,40.1%,2261338701,316313461 ( 16.3% ),273005,9911 ( 3.8% ),34337370568,4440078,2
2016-08-06,831,15.2%,3771,20.3%,688762,22.5%,60.0%,3456337250,1194998549 ( 52.8% ),413581,140576 ( 51.5% ),37793707818,4853659,2
2016-08-07,816,15.1%,3703,20.3%,680239,22.7%,57.6%,3284964400,-171372850 ( -5.0% ),391895,-21686 ( -5.2% ),41078672218,5245554,2
2016-08-08,754,15.3%,3572,20.4%,646129,22.4%,26.2%,1251919320,-2033045080 ( -61.9% ),169310,-222585 ( -56.8% ),42330591538,5414864,2
2016-08-09,753,14.9%,3551,20.3%,640847,22.2%,23.5%,1100966200,-150953120 ( -12.1% ),150546,-18764 ( -11.1% ),43431557738,5565410,2
2016-08-10,567,10.8%,2217,12.9%,343341,12.2%,30.3%,751866100,-349100100 ( -31.7% ),103963,-46583 ( -30.9% ),44183423838,5669373,3
2016-08-11,549,10.1%,2199,12.7%,342088,12.0%,27.7%,689709200,-62156900 ( -8.3% ),94775,-9188 ( -8.8% ),44873133038,5764148,3
2016-08-12,577,10.3%,2221,12.6%,344707,11.9%,29.5%,823443516,133734316 ( 19.4% ),101838,7063 ( 7.5% ),45696576554,5865986,3
2016-08-13,588,9.7%,2104,11.6%,321188,10.8%,53.2%,1424011399,600567883 ( 72.9% ),171009,69171 ( 67.9% ),47120587953,6036995,3
2016-08-14,581,9.6%,2079,11.5%,314044,10.6%,61.5%,1630780300,206768901 ( 14.5% ),193124,22115 ( 12.9% ),48751368253,6230119,3
2016-08-15,586,10.1%,2064,11.7%,310888,10.8%,61.1%,1560713900,-70066400 ( -4.3% ),189850,-3274 ( -1.7% ),50312082153,6419969,3
2016-08-16,546,10.3%,2018,12%,302836,11.0%,20.8%,451309100,-1109404800 ( -71.1% ),62998,-126852 ( -66.8% ),50763391253,6482967,3
2016-08-17,509,9.0%,1325,7.9%,181918,6.6%,23.7%,302981400,-148327700 ( -32.9% ),43044,-19954 ( -31.7% ),51066372653,6526011,4
2016-08-18,538,9.2%,1320,7.8%,180875,6.5%,23.5%,297162500,-5818900 ( -1.9% ),42582,-462 ( -1.1% ),51363535153,6568593,4
2016-08-19,511,8.6%,1320,7.7%,181777,6.5%,23.0%,332805600,35643100 ( 12.0% ),41876,-706 ( -1.7% ),51696340753,6610469,4
2016-08-20,511,8.4%,1304,7.4%,179050,6.2%,41.8%,611746550,278940950 ( 83.8% ),74883,33007 ( 78.8% ),52308087303,6685352,5
2016-08-21,496,8.3%,1254,7.3%,171782,6.1%,44.8%,637569400,25822850 ( 4.2% ),76883,2000 ( 2.7% ),52945656703,6762235,5
2016-08-22,472,8.6%,1313,8.1%,183604,6.9%,17.3%,229604400,-407965000 ( -64.0% ),31841,-45042 ( -58.6% ),53175261103,6794076,4
2016-08-23,482,8.7%,1319,8.2%,182811,6.9%,15.6%,202949100,-26655300 ( -11.6% ),28570,-3271 ( -10.3% ),53378210203,6822646,4
2016-08-24,441,8.1%,1135,6.9%,153704,5.7%,16.1%,176291500,-26657600 ( -13.1% ),24785,-3785 ( -13.2% ),53554501703,6847431,5
2016-08-25,374,6.3%,794,4.8%,112490,4.1%,17.2%,133978600,-42312900 ( -24.0% ),19345,-5440 ( -21.9% ),53688480303,6866776,6
2016-08-26,378,6.2%,797,4.7%,109607,3.9%,17.0%,146378400,12399800 ( 9.3% ),18681,-664 ( -3.4% ),53834858703,6885457,7
2016-08-27,396,6.0%,841,4.7%,115507,4.0%,29.3%,277340800,130962400 ( 89.5% ),33846,15165 ( 81.2% ),54112199503,6919303,8
2016-08-28,394,6.0%,812,4.7%,112147,3.9%,31.1%,292068600,14727800 ( 5.3% ),34888,1042 ( 3.1% ),54404268103,6954191,8
2016-08-29,378,6.6%,786,4.9%,107932,4.1%,10.7%,83187700,-208880900 ( -71.5% ),11501,-23387 ( -67.0% ),54487455803,6965692,7
2016-08-30,376,6.4%,774,4.8%,107187,4.0%,10.5%,79896900,-3290800 ( -4.0% ),11265,-236 ( -2.1% ),54567352703,6976957,7
2016-08-31,290,4.8%,574,3.4%,76750,2.8%,15.7%,73946900,-5950000 ( -7.4% ),12085,820 ( 7.3% ),54641299603,6989042,9
2016-09-01,278,4.7%,561,3.4%,73857,2.7%,10.0%,50724700,-23222200 ( -31.4% ),7371,-4714 ( -39.0% ),54692024303,6996413,8
2016-09-02,272,4.6%,552,3.3%,70591,2.5%,10.1%,56837800,6113100 ( 12.1% ),7156,-215 ( -2.9% ),54748862103,7003569,9
2016-09-03,283,4.5%,581,3.2%,73988,2.5%,21.3%,127843500,71005700 ( 124.9% ),15746,8590 ( 120.0% ),54876705603,7019315,9
2016-09-04,283,4.5%,557,3.2%,71051,2.5%,19.8%,116731900,-11111600 ( -8.7% ),14042,-1704 ( -10.8% ),54993437503,7033357,9
2016-09-05,292,5.2%,574,3.7%,73733,2.8%,7.4%,38224500,-78507400 ( -67.3% ),5424,-8618 ( -61.4% ),55031662003,7038781,9
2016-09-06,288,5.0%,565,3.7%,72540,2.9%,6.1%,31154500,-7070000 ( -18.5% ),4460,-964 ( -17.8% ),55062816503,7043241,9
2016-09-07,53,1.1%,63,0.4%,7773,0.3%,10.9%,4621000,-26533500 ( -85.2% ),845,-3615 ( -81.1% ),55067437503,7044086,17
2016-09-08,47,0.9%,56,0.4%,6798,0.3%,4.9%,2249000,-2372000 ( -51.3% ),331,-514 ( -60.8% ),55069686503,7044417,28
2016-09-09,40,0.8%,50,0.3%,5919,0.2%,5.1%,2184500,-64500 ( -2.9% ),302,-29 ( -8.8% ),55071871003,7044719,30
2016-09-10,35,0.6%,50,0.3%,6267,0.2%,8.3%,4048300,1863800 ( 85.3% ),520,218 ( 72.2% ),55075919303,7045239,27
2016-09-11,36,0.6%,48,0.3%,5728,0.2%,9.3%,4380800,332500 ( 8.2% ),535,15 ( 2.9% ),55080300103,7045774,23
2016-09-12,42,0.8%,54,0.4%,6887,0.3%,5.4%,2425000,-1955800 ( -44.6% ),371,-164 ( -30.7% ),55082725103,7046145,27
2016-09-13,27,0.5%,38,0.2%,4507,0.2%,6.0%,1781300,-643700 ( -26.5% ),272,-99 ( -26.7% ),55084506403,7046417,29
2016-09-14,5,0.1%,6,0%,644,0.0%,8.4%,431900,-1349400 ( -75.8% ),54,-218 ( -80.1% ),55084938303,7046471,63
2016-09-15,4,0.1%,4,0%,376,0.0%,30.1%,888500,456600 ( 105.7% ),113,59 ( 109.3% ),55085826803,7046584,44
2016-09-16,5,0.1%,5,0%,557,0.0%,19.0%,836000,-52500 ( -5.9% ),106,-7 ( -6.2% ),55086662803,7046690,53
2016-09-17,4,0.1%,4,0%,403,0.0%,24.3%,684000,-152000 ( -18.2% ),98,-8 ( -7.5% ),55087346803,7046788,61
2016-09-18,3,0.1%,3,0%,267,0.0%,15.7%,334000,-350000 ( -51.2% ),42,-56 ( -57.1% ),55087680803,7046830,73
2016-09-19,3,0.1%,4,0%,420,0.0%,6.7%,166000,-168000 ( -50.3% ),28,-14 ( -33.3% ),55087846803,7046858,52
2016-09-20,4,0.1%,5,0%,496,0.0%,4.8%,152000,-14000 ( -8.4% ),24,-4 ( -14.3% ),55087998803,7046882,67
2016-09-21,2,0.0%,2,0%,156,0.0%,9.6%,85000,-67000 ( -44.1% ),15,-9 ( -37.5% ),55088083803,7046897,83
2016-09-22,2,0.0%,2,0%,403,0.0%,0.7%,19000,-66000 ( -77.6% ),3,-12 ( -80.0% ),55088102803,7046900,109
2016-09-23,2,0.0%,2,0%,316,0.0%,3.2%,56000,37000 ( 194.7% ),10,7 ( 233.3% ),55088158803,7046910,100
2016-09-24,1,0.0%,1,0%,76,0.0%,3.9%,25000,-31000 ( -55.4% ),3,-7 ( -70.0% ),55088183803,7046913,148
2016-09-25,1,0.0%,1,0%,226,0.0%,2.7%,30000,5000 ( 20.0% ),6,3 ( 100.0% ),55088213803,7046919,132
2016-09-26,2,0.0%,2,0%,221,0.0%,11.8%,161000,131000 ( 436.7% ),26,20 ( 333.3% ),55088374803,7046945,66
2016-09-27,2,0.0%,2,0%,316,0.0%,2.8%,51000,-110000 ( -68.3% ),9,-17 ( -65.4% ),55088425803,7046954,101
2016-09-29,2,0.0%,2,0%,182,0.0%,61.5%,454000,454000 ( 100.0% ),112,112 ( 100.0% ),55088879803,7047066,45
2016-09-30,1,0.0%,1,0%,72,0.0%,6.9%,39000,-415000 ( -91.4% ),5,-107 ( -95.5% ),55088918803,7047071,92
2016-10-01,1,0.0%,1,0%,85,0.0%,100.0%,510000,471000 ( 1207.7% ),85,80 ( 1600.0% ),55089428803,7047156,46
2016-10-04,1,0.0%,1,0%,72,0.0%,5.6%,30000,30000 ( 100.0% ),4,4 ( 100.0% ),55089458803,7047160,81
2016-10-05,1,0.0%,1,0%,72,0.0%,33.3%,124000,94000 ( 313.3% ),24,20 ( 500.0% ),55089582803,7047184,62
2016-10-07,1,0.0%,1,0%,72,0.0%,13.9%,52000,52000 ( 100.0% ),10,10 ( 100.0% ),55089634803,7047194,64
2016-10-11,1,0.0%,1,0%,72,0.0%,6.9%,34500,34500 ( 100.0% ),5,5 ( 100.0% ),55089669303,7047199,79
2016-10-13,1,0.0%,1,0%,173,0.0%,92.5%,640000,640000 ( 100.0% ),160,160 ( 100.0% ),55090309303,7047359,38
2016-10-15,1,0.0%,1,0%,312,0.0%,30.4%,570000,570000 ( 100.0% ),95,95 ( 100.0% ),55090879303,7047454,52
2016-10-18,1,0.0%,1,0%,122,0.0%,39.3%,240000,240000 ( 100.0% ),48,48 ( 100.0% ),55091119303,7047502,59
2016-10-26,2,0.0%,2,0%,140,0.0%,100.0%,420000,420000 ( 100.0% ),140,140 ( 100.0% ),55091539303,7047642,43
2016-11-14,1,0.0%,1,0%,183,0.0%,79.8%,730000,730000 ( 100.0% ),146,146 ( 100.0% ),55092269303,7047788,34
2016-11-15,1,0.0%,1,0%,130,0.0%,80.0%,520000,-210000 ( -28.8% ),104,-42 ( -28.8% ),55092789303,7047892,55
2016-11-16,1,0.0%,1,0%,183,0.0%,79.8%,730000,210000 ( 40.4% ),146,42 ( 40.4% ),55093519303,7048038,42
2016-11-17,2,0.0%,3,0%,709,0.0%,90.3%,2706000,1976000 ( 270.7% ),640,494 ( 338.4% ),55096225303,7048678,18
2016-11-18,2,0.0%,3,0%,709,0.0%,92.0%,2754000,48000 ( 1.8% ),652,12 ( 1.9% ),55098979303,7049330,18
2016-12-01,1,0.0%,1,0%,211,0.0%,11.4%,119000,119000 ( 100.0% ),24,24 ( 100.0% ),55099098303,7049354,82
2016-12-09,1,0.0%,1,0%,183,0.0%,100.0%,1464000,1464000 ( 100.0% ),183,183 ( 100.0% ),55100562303,7049537,34
2016-12-14,1,0.0%,1,0%,106,0.0%,100.0%,848000,848000 ( 100.0% ),106,106 ( 100.0% ),55101410303,7049643,44
2017-02-09,1,0.0%,1,0%,211,0.0%,100.0%,1266000,1266000 ( 100.0% ),211,211 ( 100.0% ),55102676303,7049854,38
2017-04-13,1,0.0%,1,0%,413,0.0%,1.2%,22000,22000 ( 100.0% ),5,5 ( 100.0% ),55102698303,7049859,82
2017-04-15,1,0.0%,1,0%,413,0.0%,1.7%,42000,42000 ( 100.0% ),7,7 ( 100.0% ),55102740303,7049866,91
2017-04-16,1,0.0%,1,0%,413,0.0%,0.7%,15000,-27000 ( -64.3% ),3,-4 ( -57.1% ),55102755303,7049869,95
2017-06-07,1,0.0%,1,0%,162,0.0%,74.1%,720000,720000 ( 100.0% ),120,120 ( 100.0% ),55103475303,7049989,35
2017-06-08,1,0.0%,1,0%,99,0.0%,70.7%,420000,-300000 ( -41.7% ),70,-50 ( -41.7% ),55103895303,7050059,56
2017-06-19,1,0.0%,1,0%,167,0.0%,89.8%,600000,600000 ( 100.0% ),150,150 ( 100.0% ),55104495303,7050209,37
2017-06-22,1,0.0%,1,0%,167,0.0%,59.9%,400000,400000 ( 100.0% ),100,100 ( 100.0% ),55104895303,7050309,48
2017-06-24,1,0.0%,1,0%,167,0.0%,91.6%,618000,618000 ( 100.0% ),153,153 ( 100.0% ),55105513303,7050462,41
2017-06-26,1,0.0%,1,0%,96,0.0%,6.3%,39000,39000 ( 100.0% ),6,6 ( 100.0% ),55105552303,7050468,74
2017-06-27,1,0.0%,1,0%,110,0.0%,1.8%,18000,-21000 ( -53.8% ),2,-4 ( -66.7% ),55105570303,7050470,96
2017-06-29,1,0.0%,1,0%,110,0.0%,2.7%,27000,27000 ( 100.0% ),3,3 ( 100.0% ),55105597303,7050473,90
2017-06-30,1,0.0%,1,0%,152,0.0%,1.3%,9000,-18000 ( -66.7% ),2,-1 ( -33.3% ),55105606303,7050475,112
2019-02-18,2,0.0%,2,0%,675,0.0%,100.0%,6200000,6200000 ( 100.0% ),675,675 ( 100.0% ),55111806303,7051150,19
2019-12-06,1,0.0%,1,0%,167,0.0%,52.1%,435000,435000 ( 100.0% ),87,87 ( 100.0% ),55112241303,7051237,57
