날짜,스크린수,스크린점유율,상영횟수,상영점유율,좌석수,좌석점유율,좌석판매율,매출액,매출액증감(전일대비),관객수,관객수증감(전일대비),누적매출액,누적관객수,순위
2017-02-15,4,0.1%,4,0%,1052,0.0%,100.0%,7780000,7780000 ( 100.0% ),1052,1052 ( 100.0% ),7780000,1052,19
2017-02-16,2,0.0%,2,0%,399,0.0%,100.0%,3192000,-4588000 ( -59.0% ),399,-653 ( -62.1% ),10972000,1451,29
2017-02-18,1,0.0%,1,0%,102,0.0%,100.0%,1039000,1039000 ( 100.0% ),102,102 ( 100.0% ),12011000,1553,52
2017-02-21,2,0.0%,2,0%,250,0.0%,48.0%,1080000,1080000 ( 100.0% ),120,120 ( 100.0% ),13091000,1673,45
2017-02-22,224,3.7%,1007,5.7%,165097,5.7%,24.8%,257445100,256365100 ( 23737.5% ),40988,40868 ( 34056.7% ),270536100,42661,5
2017-02-23,213,3.5%,987,5.6%,169429,5.9%,13.6%,179767700,-77677400 ( -30.2% ),22981,-18007 ( -43.9% ),450303800,65642,6
2017-02-24,241,3.7%,1028,5.7%,172368,5.9%,14.8%,223047100,43279400 ( 24.1% ),25443,2462 ( 10.7% ),673350900,91085,6
2017-02-25,250,3.6%,1041,5.6%,172895,5.7%,27.0%,413663800,190616700 ( 85.5% ),46729,21286 ( 83.7% ),1087014700,137814,6
2017-02-26,247,3.6%,1006,5.5%,166244,5.6%,24.9%,364033200,-49630600 ( -12.0% ),41344,-5385 ( -11.5% ),1451047900,179158,6
2017-02-27,222,3.6%,966,5.6%,158835,5.6%,10.2%,127526100,-236507100 ( -65.0% ),16255,-25089 ( -60.7% ),1578574000,195413,6
2017-02-28,238,3.3%,762,4.4%,120547,4.2%,11.4%,106476300,-21049800 ( -16.5% ),13795,-2460 ( -15.1% ),1685050300,209208,7
2017-03-01,165,2.7%,404,2.3%,54837,1.9%,20.8%,98326400,-8149900 ( -7.7% ),11417,-2378 ( -17.2% ),1783376700,220625,10
2017-03-02,172,3.0%,446,2.8%,61624,2.4%,7.3%,35080400,-63246000 ( -64.3% ),4522,-6895 ( -60.4% ),1818457100,225147,9
2017-03-03,170,2.9%,436,2.7%,59748,2.2%,9.4%,48766500,13686100 ( 39.0% ),5593,1071 ( 23.7% ),1867223600,230740,8
2017-03-04,178,2.8%,385,2.2%,52780,1.9%,17.8%,83014500,34248000 ( 70.2% ),9410,3817 ( 68.2% ),1950238100,240150,10
2017-03-05,164,2.6%,360,2.1%,49215,1.8%,15.3%,67050500,-15964000 ( -19.2% ),7537,-1873 ( -19.9% ),2017288600,247687,11
2017-03-06,176,3.3%,402,2.7%,56195,2.3%,7.1%,25878900,-41171600 ( -61.4% ),3964,-3573 ( -47.4% ),2043167500,251651,9
2017-03-07,174,3.1%,407,2.7%,56799,2.3%,7.0%,25765000,-113900 ( -0.4% ),3990,26 ( 0.7% ),2068932500,255641,10
2017-03-08,116,2.2%,210,1.4%,29092,1.1%,6.2%,11750700,-14014300 ( -54.4% ),1804,-2186 ( -54.8% ),2080683200,257445,12
2017-03-09,107,1.9%,165,1.1%,23759,0.9%,6.7%,10248500,-1502200 ( -12.8% ),1589,-215 ( -11.9% ),2090931700,259034,14
2017-03-10,105,1.9%,157,1%,22410,0.9%,7.8%,11375100,1126600 ( 11.0% ),1744,155 ( 9.8% ),2102306800,260778,13
2017-03-11,100,1.6%,147,0.8%,19476,0.7%,16.3%,21220000,9844900 ( 86.5% ),3179,1435 ( 82.3% ),2123526800,263957,16
2017-03-12,98,1.6%,146,0.9%,19396,0.7%,13.4%,17187800,-4032200 ( -19.0% ),2605,-574 ( -18.1% ),2140714600,266562,16
2017-03-13,104,2.0%,148,1%,20678,0.8%,5.6%,7488500,-9699300 ( -56.4% ),1157,-1448 ( -55.6% ),2148203100,267719,14
2017-03-14,98,1.8%,139,0.9%,19640,0.8%,5.7%,7146600,-341900 ( -4.6% ),1119,-38 ( -3.3% ),2155349700,268838,17
2017-03-15,102,1.9%,145,1%,19833,0.8%,5.4%,6923500,-223100 ( -3.1% ),1069,-50 ( -4.5% ),2162273200,269907,16
2017-03-16,45,0.9%,53,0.3%,7373,0.3%,4.7%,2245000,-4678500 ( -67.6% ),348,-721 ( -67.4% ),2164518200,270255,24
2017-03-17,46,0.9%,55,0.3%,7369,0.3%,6.9%,3396000,1151000 ( 51.3% ),509,161 ( 46.3% ),2167914200,270764,19
2017-03-18,37,0.7%,40,0.2%,4826,0.2%,13.2%,4166200,770200 ( 22.7% ),635,126 ( 24.8% ),2172080400,271399,19
2017-03-19,37,0.7%,40,0.2%,4955,0.2%,9.8%,3168500,-997700 ( -23.9% ),487,-148 ( -23.3% ),2175248900,271886,22
2017-03-20,41,0.8%,46,0.3%,5871,0.2%,5.6%,2081700,-1086800 ( -34.3% ),326,-161 ( -33.1% ),2177330600,272212,23
2017-03-21,39,0.8%,44,0.3%,5832,0.2%,5.0%,1911500,-170200 ( -8.2% ),294,-32 ( -9.8% ),2179242100,272506,27
2017-03-22,24,0.4%,25,0.2%,3511,0.1%,4.6%,1100500,-811000 ( -42.4% ),162,-132 ( -44.9% ),2180342600,272668,35
2017-03-23,1,0.0%,1,0%,103,0.0%,1.0%,5000,-1095500 ( -99.5% ),1,-161 ( -99.4% ),2180347600,272669,117
2017-03-24,4,0.1%,4,0%,421,0.0%,1.0%,10000,5000 ( 100.0% ),4,3 ( 300.0% ),2180357600,272673,105
2017-03-25,1,0.0%,1,0%,143,0.0%,1.4%,14000,4000 ( 40.0% ),2,-2 ( -50.0% ),2180371600,272675,133
2017-03-27,4,0.1%,4,0%,505,0.0%,0.8%,11000,11000 ( 100.0% ),4,4 ( 100.0% ),2180382600,272679,101
2017-03-28,5,0.1%,5,0%,564,0.0%,0.9%,13000,2000 ( 18.2% ),5,1 ( 25.0% ),2180395600,272684,118
2017-03-29,4,0.1%,4,0%,421,0.0%,1.0%,10000,-3000 ( -23.1% ),4,-1 ( -20.0% ),2180405600,272688,110
2017-03-30,5,0.1%,5,0%,564,0.0%,1.1%,15000,5000 ( 50.0% ),6,2 ( 50.0% ),2180420600,272694,87
2017-03-31,5,0.1%,5,0%,564,0.0%,1.1%,15000,0 ( 0.0% ),6,0 ( 0.0% ),2180435600,272700,80
2017-04-03,5,0.1%,5,0%,564,0.0%,1.8%,26000,26000 ( 100.0% ),10,10 ( 100.0% ),2180461600,272710,62
2017-04-04,5,0.1%,5,0%,564,0.0%,1.8%,26000,0 ( 0.0% ),10,0 ( 0.0% ),2180487600,272720,75
2017-04-05,5,0.1%,5,0%,564,0.0%,1.8%,26000,0 ( 0.0% ),10,0 ( 0.0% ),2180513600,272730,70
2017-04-06,5,0.1%,5,0%,564,0.0%,1.8%,26000,0 ( 0.0% ),10,0 ( 0.0% ),2180539600,272740,85
2017-04-07,5,0.1%,5,0%,564,0.0%,1.8%,26000,0 ( 0.0% ),10,0 ( 0.0% ),2180565600,272750,78
2017-04-10,5,0.1%,5,0%,564,0.0%,1.8%,26000,26000 ( 100.0% ),10,10 ( 100.0% ),2180591600,272760,69
2017-04-11,5,0.1%,5,0%,564,0.0%,1.8%,26000,0 ( 0.0% ),10,0 ( 0.0% ),2180617600,272770,77
2017-04-12,5,0.1%,5,0%,564,0.0%,1.6%,24000,-2000 ( -7.7% ),9,-1 ( -10.0% ),2180641600,272779,77
2017-04-13,5,0.1%,5,0%,564,0.0%,1.6%,24000,0 ( 0.0% ),9,0 ( 0.0% ),2180665600,272788,72
2017-04-14,5,0.1%,5,0%,564,0.0%,1.6%,24000,0 ( 0.0% ),9,0 ( 0.0% ),2180689600,272797,81
2017-04-17,8,0.2%,8,0.1%,1096,0.0%,37.4%,3227000,3227000 ( 100.0% ),410,410 ( 100.0% ),2183916600,273207,23
2017-04-18,6,0.1%,6,0%,673,0.0%,16.2%,824000,-2403000 ( -74.5% ),109,-301 ( -73.4% ),2184740600,273316,50
2017-04-19,6,0.1%,6,0%,673,0.0%,16.2%,824000,0 ( 0.0% ),109,0 ( 0.0% ),2185564600,273425,49
2017-04-20,7,0.1%,7,0%,1025,0.0%,30.1%,2424000,1600000 ( 194.2% ),309,200 ( 183.5% ),2187988600,273734,27
2017-04-21,6,0.1%,6,0%,788,0.0%,13.8%,824000,-1600000 ( -66.0% ),109,-200 ( -64.7% ),2188812600,273843,47
2017-04-24,5,0.1%,6,0%,623,0.0%,1.8%,44000,44000 ( 100.0% ),11,11 ( 100.0% ),2188856600,273854,78
2017-04-25,5,0.1%,6,0%,623,0.0%,1.6%,34000,-10000 ( -22.7% ),10,-1 ( -9.1% ),2188890600,273864,97
2017-04-26,5,0.1%,6,0%,623,0.0%,1.6%,34000,0 ( 0.0% ),10,0 ( 0.0% ),2188924600,273874,85
2017-04-27,5,0.1%,6,0%,623,0.0%,1.6%,34000,0 ( 0.0% ),10,0 ( 0.0% ),2188958600,273884,82
2017-04-28,5,0.1%,6,0%,623,0.0%,1.8%,44000,10000 ( 29.4% ),11,1 ( 10.0% ),2189002600,273895,73
2017-04-29,1,0.0%,1,0%,59,0.0%,6.8%,40000,-4000 ( -9.1% ),4,-7 ( -63.6% ),2189042600,273899,106
2017-04-30,1,0.0%,1,0%,59,0.0%,13.6%,80000,40000 ( 100.0% ),8,4 ( 100.0% ),2189122600,273907,94
2017-05-01,5,0.1%,5,0%,564,0.0%,2.1%,66000,-14000 ( -17.5% ),12,4 ( 50.0% ),2189188600,273919,80
2017-05-02,9,0.1%,9,0.1%,1321,0.0%,46.1%,4836000,4770000 ( 7227.3% ),609,597 ( 4975.0% ),2194024600,274528,24
2017-05-03,5,0.1%,5,0%,564,0.0%,1.6%,36000,-4800000 ( -99.3% ),9,-600 ( -98.5% ),2194060600,274537,84
2017-05-04,8,0.1%,9,0%,1134,0.0%,36.5%,3270000,3234000 ( 8983.3% ),414,405 ( 4500.0% ),2197330600,274951,30
2017-05-05,5,0.1%,6,0%,623,0.0%,3.0%,120000,-3150000 ( -96.3% ),19,-395 ( -95.4% ),2197450600,274970,77
2017-05-06,1,0.0%,2,0%,118,0.0%,3.4%,24000,-96000 ( -80.0% ),4,-15 ( -78.9% ),2197474600,274974,84
2017-05-07,1,0.0%,2,0%,118,0.0%,5.1%,44000,20000 ( 83.3% ),6,2 ( 50.0% ),2197518600,274980,85
2017-05-08,5,0.1%,5,0%,564,0.0%,2.0%,56000,12000 ( 27.3% ),11,5 ( 83.3% ),2197574600,274991,70
2017-05-09,5,0.1%,5,0%,564,0.0%,2.1%,66000,10000 ( 17.9% ),12,1 ( 9.1% ),2197640600,275003,77
2017-05-10,4,0.1%,4,0%,505,0.0%,1.6%,26000,-40000 ( -60.6% ),8,-4 ( -33.3% ),2197666600,275011,70
2017-05-11,7,0.1%,8,0%,1036,0.0%,26.4%,2136000,2110000 ( 8115.4% ),273,265 ( 3312.5% ),2199802600,275284,33
2017-05-12,5,0.1%,6,0%,623,0.0%,1.9%,50000,-2086000 ( -97.7% ),12,-261 ( -95.6% ),2199852600,275296,65
2017-05-13,1,0.0%,1,0%,59,0.0%,3.4%,4000,-46000 ( -92.0% ),2,-10 ( -83.3% ),2199856600,275298,95
2017-05-14,1,0.0%,1,0%,59,0.0%,3.4%,4000,0 ( 0.0% ),2,0 ( 0.0% ),2199860600,275300,92
2017-05-15,4,0.1%,4,0%,505,0.0%,1.6%,26000,22000 ( 550.0% ),8,6 ( 300.0% ),2199886600,275308,69
2017-05-16,4,0.1%,4,0%,505,0.0%,1.6%,26000,0 ( 0.0% ),8,0 ( 0.0% ),2199912600,275316,78
2017-05-17,7,0.1%,7,0%,954,0.0%,32.3%,2426000,2400000 ( 9230.8% ),308,300 ( 3750.0% ),2202338600,275624,24
2017-05-18,7,0.1%,7,0%,882,0.0%,23.8%,1630000,-796000 ( -32.8% ),210,-98 ( -31.8% ),2203968600,275834,33
2017-05-19,5,0.1%,5,0%,564,0.0%,1.8%,30000,-1600000 ( -98.2% ),10,-200 ( -95.2% ),2203998600,275844,95
2017-05-20,1,0.0%,1,0%,59,0.0%,3.4%,4000,-26000 ( -86.7% ),2,-8 ( -80.0% ),2204002600,275846,108
2017-05-21,1,0.0%,2,0%,118,0.0%,2.5%,14000,10000 ( 250.0% ),3,1 ( 50.0% ),2204016600,275849,107
2017-05-22,4,0.1%,4,0%,505,0.0%,1.6%,26000,12000 ( 85.7% ),8,5 ( 166.7% ),2204042600,275857,82
2017-05-23,4,0.1%,4,0%,505,0.0%,1.6%,26000,0 ( 0.0% ),8,0 ( 0.0% ),2204068600,275865,99
2017-05-24,4,0.1%,4,0%,505,0.0%,1.6%,26000,0 ( 0.0% ),8,0 ( 0.0% ),2204094600,275873,90
2017-05-25,20,0.4%,20,0.1%,3215,0.1%,4.3%,666000,640000 ( 2461.5% ),137,129 ( 1612.5% ),2204760600,276010,36
2017-05-26,5,0.1%,5,0%,564,0.0%,1.8%,30000,-636000 ( -95.5% ),10,-127 ( -92.7% ),2204790600,276020,80
2017-05-27,2,0.0%,2,0%,202,0.0%,2.0%,10000,-20000 ( -66.7% ),4,-6 ( -60.0% ),2204800600,276024,104
2017-05-28,2,0.0%,2,0%,202,0.0%,1.5%,7000,-3000 ( -30.0% ),3,-1 ( -25.0% ),2204807600,276027,100
2017-05-29,5,0.1%,5,0%,564,0.0%,1.8%,30000,23000 ( 328.6% ),10,7 ( 233.3% ),2204837600,276037,87
2017-05-30,5,0.1%,5,0%,564,0.0%,1.8%,30000,0 ( 0.0% ),10,0 ( 0.0% ),2204867600,276047,85
2017-05-31,5,0.1%,5,0%,564,0.0%,1.8%,30000,0 ( 0.0% ),10,0 ( 0.0% ),2204897600,276057,82
2017-06-01,5,0.1%,5,0%,564,0.0%,1.8%,24000,-6000 ( -20.0% ),10,0 ( 0.0% ),2204921600,276067,77
2017-06-02,5,0.1%,5,0%,564,0.0%,1.6%,21000,-3000 ( -12.5% ),9,-1 ( -10.0% ),2204942600,276076,80
2017-06-03,3,0.1%,3,0%,355,0.0%,1.4%,13000,-8000 ( -38.1% ),5,-4 ( -44.4% ),2204955600,276081,104
2017-06-04,3,0.1%,3,0%,355,0.0%,1.7%,16000,3000 ( 23.1% ),6,1 ( 20.0% ),2204971600,276087,88
2017-06-05,5,0.1%,5,0%,564,0.0%,1.6%,21000,5000 ( 31.3% ),9,3 ( 50.0% ),2204992600,276096,73
2017-06-06,5,0.1%,5,0%,564,0.0%,1.8%,24000,3000 ( 14.3% ),10,1 ( 11.1% ),2205016600,276106,82
2017-06-07,5,0.1%,5,0%,564,0.0%,1.8%,24000,0 ( 0.0% ),10,0 ( 0.0% ),2205040600,276116,81
2017-06-08,5,0.1%,5,0%,564,0.0%,1.8%,22000,-2000 ( -8.3% ),10,0 ( 0.0% ),2205062600,276126,77
2017-06-09,5,0.1%,5,0%,564,0.0%,1.8%,22000,0 ( 0.0% ),10,0 ( 0.0% ),2205084600,276136,80
2017-06-10,4,0.1%,4,0%,411,0.0%,1.9%,18000,-4000 ( -18.2% ),8,-2 ( -20.0% ),2205102600,276144,91
2017-06-11,4,0.1%,4,0%,411,0.0%,1.9%,18000,0 ( 0.0% ),8,0 ( 0.0% ),2205120600,276152,79
2017-06-12,5,0.1%,5,0%,564,0.0%,1.8%,22000,4000 ( 22.2% ),10,2 ( 25.0% ),2205142600,276162,65
2017-06-13,5,0.1%,5,0%,564,0.0%,1.6%,20000,-2000 ( -9.1% ),9,-1 ( -10.0% ),2205162600,276171,84
2017-06-14,5,0.1%,5,0%,564,0.0%,36.5%,416000,396000 ( 1980.0% ),206,197 ( 2188.9% ),2205578600,276377,25
2017-06-15,1,0.0%,1,0%,59,0.0%,3.4%,4000,-412000 ( -99.0% ),2,-204 ( -99.0% ),2205582600,276379,91
2017-08-01,1,0.0%,1,0%,158,0.0%,0.0%,0,0 ( 0.0% ),0,0 ( 0.0% ),2205582600,276379,93
2018-09-11,1,0.0%,1,0%,200,0.0%,24.5%,98000,98000 ( 100.0% ),49,49 ( 100.0% ),2205680600,276428,58
2019-06-21,1,0.0%,1,0%,240,0.0%,76.7%,1287816,1287816 ( 100.0% ),184,184 ( 100.0% ),2206968416,276612,27
2019-06-22,1,0.0%,1,0%,240,0.0%,78.3%,1315812,27996 ( 2.2% ),188,4 ( 2.2% ),2208284228,276800,28
2019-06-29,1,0.0%,1,0%,128,0.0%,10.9%,86000,86000 ( 100.0% ),14,14 ( 100.0% ),2208370228,276814,84
2019-06-30,1,0.0%,1,0%,128,0.0%,7.0%,54000,-32000 ( -37.2% ),9,-5 ( -35.7% ),2208424228,276823,80
2019-07-19,1,0.0%,1,0%,186,0.0%,78.5%,1167854,1167854 ( 100.0% ),146,146 ( 100.0% ),2209592082,276969,40
2019-07-20,1,0.0%,1,0%,186,0.0%,76.9%,1143857,-23997 ( -2.1% ),143,-3 ( -2.1% ),2210735939,277112,45
2019-08-30,1,0.0%,1,0%,240,0.0%,55.4%,1063867,1063867 ( 100.0% ),133,133 ( 100.0% ),2211799806,277245,43
2019-08-31,1,0.0%,1,0%,240,0.0%,52.1%,999875,-63992 ( -6.0% ),125,-8 ( -6.0% ),2212799681,277370,49
2020-03-12,1,0.0%,1,0%,91,0.0%,4.4%,20000,20000 ( 100.0% ),4,4 ( 100.0% ),2212819681,277374,72
2020-03-13,2,0.0%,2,0%,182,0.0%,1.1%,10000,-10000 ( -50.0% ),2,-2 ( -50.0% ),2212829681,277376,82
2020-03-14,2,0.0%,2,0%,182,0.0%,8.8%,80000,70000 ( 700.0% ),16,14 ( 700.0% ),2212909681,277392,71
2020-03-15,1,0.0%,1,0%,91,0.0%,4.4%,20000,-60000 ( -75.0% ),4,-12 ( -75.0% ),2212929681,277396,83
2020-03-16,1,0.0%,1,0%,91,0.0%,2.2%,10000,-10000 ( -50.0% ),2,-2 ( -50.0% ),2212939681,277398,80
2020-03-19,1,0.0%,1,0%,146,0.0%,2.1%,15000,15000 ( 100.0% ),3,3 ( 100.0% ),2212954681,277401,88
2020-03-20,1,0.0%,1,0%,146,0.0%,1.4%,10000,-5000 ( -33.3% ),2,-1 ( -33.3% ),2212964681,277403,101
2020-03-22,1,0.0%,1,0%,146,0.0%,4.8%,35000,35000 ( 100.0% ),7,7 ( 100.0% ),2212999681,277410,86
2020-03-23,1,0.0%,1,0%,146,0.0%,0.7%,5000,-30000 ( -85.7% ),1,-6 ( -85.7% ),2213004681,277411,96
2020-03-24,1,0.0%,1,0%,146,0.0%,2.1%,15000,10000 ( 200.0% ),3,2 ( 200.0% ),2213019681,277414,90
