날짜,스크린수,스크린점유율,상영횟수,상영점유율,좌석수,좌석점유율,좌석판매율,매출액,매출액증감(전일대비),관객수,관객수증감(전일대비),누적매출액,누적관객수,순위
2017-12-02,1,0.0%,1,0%,160,0.0%,70.6%,776000,776000 ( 100.0% ),113,113 ( 100.0% ),776000,113,53
2017-12-05,1,0.0%,1,0%,108,0.0%,48.1%,341000,341000 ( 100.0% ),52,52 ( 100.0% ),1117000,165,79
2017-12-06,1,0.0%,1,0%,210,0.0%,75.7%,1113000,772000 ( 226.4% ),159,107 ( 205.8% ),2230000,324,41
2017-12-22,1,0.0%,1,0%,77,0.0%,76.6%,531000,531000 ( 100.0% ),59,59 ( 100.0% ),2761000,383,56
2018-04-13,1,0.0%,1,0%,212,0.0%,26.4%,270000,270000 ( 100.0% ),56,56 ( 100.0% ),3031000,439,56
2018-04-21,1,0.0%,1,0%,210,0.0%,62.4%,917000,917000 ( 100.0% ),131,131 ( 100.0% ),3948000,570,55
2018-09-05,3,0.1%,4,0%,724,0.0%,85.2%,5553000,5553000 ( 100.0% ),617,617 ( 100.0% ),9501000,1187,14
2018-09-06,1,0.0%,1,0%,108,0.0%,100.0%,1080000,-4473000 ( -80.6% ),108,-509 ( -82.5% ),10581000,1295,38
2018-09-11,1,0.0%,1,0%,92,0.0%,87.0%,717000,717000 ( 100.0% ),80,80 ( 100.0% ),11298000,1375,48
2018-09-12,1,0.0%,1,0%,358,0.0%,79.1%,3107000,2390000 ( 333.3% ),283,203 ( 253.8% ),14405000,1658,22
2018-09-13,70,1.3%,151,0.8%,17421,0.6%,8.2%,11390250,8283250 ( 266.6% ),1434,1151 ( 406.7% ),25795250,3092,16
2018-09-14,69,1.3%,149,0.8%,16195,0.5%,7.0%,9946000,-1444250 ( -12.7% ),1137,-297 ( -20.7% ),35741250,4229,13
2018-09-15,66,1.2%,133,0.7%,14559,0.4%,13.3%,17430350,7484350 ( 75.2% ),1937,800 ( 70.4% ),53171600,6166,12
2018-09-16,69,1.2%,140,0.7%,14810,0.5%,12.4%,16572350,-858000 ( -4.9% ),1838,-99 ( -5.1% ),69743950,8004,12
2018-09-17,67,1.4%,165,0.9%,17388,0.6%,6.9%,9698950,-6873400 ( -41.5% ),1194,-644 ( -35.0% ),79442900,9198,13
2018-09-18,66,1.3%,158,0.9%,17763,0.6%,5.6%,7827500,-1871450 ( -19.3% ),993,-201 ( -16.8% ),87270400,10191,17
2018-09-19,50,1.0%,117,0.6%,12922,0.4%,6.2%,6694750,-1132750 ( -14.5% ),804,-189 ( -19.0% ),93965150,10995,9
2018-09-20,39,0.7%,63,0.3%,7181,0.2%,6.1%,3574450,-3120300 ( -46.6% ),438,-366 ( -45.5% ),97539600,11433,18
2018-09-21,37,0.7%,61,0.3%,6540,0.2%,10.4%,6647300,3072850 ( 86.0% ),683,245 ( 55.9% ),104186900,12116,14
2018-09-22,32,0.5%,55,0.3%,6558,0.2%,13.3%,8076450,1429150 ( 21.5% ),872,189 ( 27.7% ),112263350,12988,14
2018-09-23,31,0.5%,53,0.3%,6206,0.2%,12.4%,7219100,-857350 ( -10.6% ),768,-104 ( -11.9% ),119482450,13756,15
2018-09-24,30,0.5%,41,0.2%,3883,0.1%,14.5%,5193900,-2025200 ( -28.1% ),564,-204 ( -26.6% ),124676350,14320,15
2018-09-25,31,0.5%,41,0.2%,4685,0.1%,18.3%,7876750,2682850 ( 51.7% ),859,295 ( 52.3% ),132553100,15179,15
2018-09-26,32,0.5%,40,0.2%,3785,0.1%,33.6%,7855650,-21100 ( -0.3% ),1272,413 ( 48.1% ),140408750,16451,15
2018-09-27,34,0.6%,45,0.2%,5288,0.2%,6.9%,2866400,-4989250 ( -63.5% ),364,-908 ( -71.4% ),143275150,16815,20
2018-09-28,33,0.6%,44,0.2%,4348,0.1%,9.3%,3680700,814300 ( 28.4% ),403,39 ( 10.7% ),146955850,17218,20
2018-09-29,29,0.5%,33,0.2%,3613,0.1%,17.6%,6045000,2364300 ( 64.2% ),635,232 ( 57.6% ),153000850,17853,17
2018-09-30,31,0.5%,39,0.2%,4581,0.2%,13.7%,5475900,-569100 ( -9.4% ),627,-8 ( -1.3% ),158476750,18480,17
2018-10-01,31,0.6%,41,0.2%,3899,0.1%,8.3%,2634900,-2841000 ( -51.9% ),322,-305 ( -48.6% ),161111650,18802,17
2018-10-02,26,0.5%,37,0.2%,3459,0.1%,6.8%,1887300,-747600 ( -28.4% ),235,-87 ( -27.0% ),162998950,19037,31
2018-10-03,22,0.4%,23,0.1%,2445,0.1%,18.5%,4074000,2186700 ( 115.9% ),453,218 ( 92.8% ),167072950,19490,20
2018-10-04,15,0.3%,22,0.1%,2037,0.1%,6.1%,1036000,-3038000 ( -74.6% ),125,-328 ( -72.4% ),168108950,19615,25
2018-10-05,18,0.4%,25,0.1%,2020,0.1%,7.6%,1407000,371000 ( 35.8% ),154,29 ( 23.2% ),169515950,19769,25
2018-10-06,14,0.2%,15,0.1%,1586,0.0%,7.8%,1116500,-290500 ( -20.6% ),123,-31 ( -20.1% ),170632450,19892,32
2018-10-07,13,0.2%,15,0.1%,1531,0.0%,7.4%,1051500,-65000 ( -5.8% ),113,-10 ( -8.1% ),171683950,20005,34
2018-10-08,17,0.3%,23,0.1%,2158,0.1%,7.1%,1232000,180500 ( 17.2% ),153,40 ( 35.4% ),172915950,20158,31
2018-10-09,13,0.2%,13,0.1%,1242,0.0%,9.5%,951000,-281000 ( -22.8% ),118,-35 ( -22.9% ),173866950,20276,33
2018-10-10,15,0.3%,20,0.1%,2118,0.1%,3.4%,566000,-385000 ( -40.5% ),71,-47 ( -39.8% ),174432950,20347,41
2018-10-11,6,0.1%,7,0%,764,0.0%,2.7%,166000,-400000 ( -70.7% ),21,-50 ( -70.4% ),174598950,20368,65
2018-10-12,6,0.1%,8,0%,624,0.0%,9.0%,473000,307000 ( 184.9% ),56,35 ( 166.7% ),175071950,20424,48
2018-10-13,8,0.1%,8,0%,1240,0.0%,4.2%,453000,-20000 ( -4.2% ),52,-4 ( -7.1% ),175524950,20476,53
2018-10-14,9,0.1%,10,0.1%,1627,0.1%,4.8%,622000,169000 ( 37.3% ),78,26 ( 50.0% ),176146950,20554,38
2018-10-15,8,0.2%,12,0.1%,1065,0.0%,3.4%,274000,-348000 ( -55.9% ),36,-42 ( -53.8% ),176420950,20590,57
2018-10-16,10,0.2%,13,0.1%,1561,0.1%,3.1%,340000,66000 ( 24.1% ),49,13 ( 36.1% ),176760950,20639,56
2018-10-17,10,0.2%,12,0.1%,1443,0.1%,3.9%,464500,124500 ( 36.6% ),56,7 ( 14.3% ),177225450,20695,53
2018-10-18,10,0.2%,11,0.1%,1257,0.0%,3.3%,306000,-158500 ( -34.1% ),41,-15 ( -26.8% ),177531450,20736,54
2018-10-19,7,0.1%,9,0.1%,1190,0.0%,2.6%,208000,-98000 ( -32.0% ),31,-10 ( -24.4% ),177739450,20767,53
2018-10-20,7,0.1%,7,0%,849,0.0%,5.4%,377000,169000 ( 81.3% ),46,15 ( 48.4% ),178116450,20813,54
2018-10-21,7,0.1%,7,0%,1034,0.0%,5.7%,434000,57000 ( 15.1% ),59,13 ( 28.3% ),178550450,20872,45
2018-10-22,9,0.2%,11,0.1%,1058,0.0%,2.6%,231000,-203000 ( -46.8% ),28,-31 ( -52.5% ),178781450,20900,62
2018-10-23,8,0.1%,9,0.1%,1230,0.0%,2.0%,143500,-87500 ( -37.9% ),24,-4 ( -14.3% ),178924950,20924,68
2018-10-24,8,0.1%,10,0.1%,908,0.0%,3.4%,232500,89000 ( 62.0% ),31,7 ( 29.2% ),179157450,20955,64
2018-10-25,4,0.1%,4,0%,371,0.0%,2.7%,68500,-164000 ( -70.5% ),10,-21 ( -67.7% ),179225950,20965,94
2018-10-26,3,0.1%,3,0%,394,0.0%,4.8%,152000,83500 ( 121.9% ),19,9 ( 90.0% ),179377950,20984,94
2018-10-27,5,0.1%,5,0%,728,0.0%,5.5%,224500,72500 ( 47.7% ),40,21 ( 110.5% ),179602450,21024,87
2018-10-28,3,0.1%,3,0%,355,0.0%,4.2%,112000,-112500 ( -50.1% ),15,-25 ( -62.5% ),179714450,21039,91
2018-10-29,6,0.1%,6,0%,469,0.0%,4.5%,156000,44000 ( 39.3% ),21,6 ( 40.0% ),179870450,21060,65
2018-10-30,2,0.0%,2,0%,412,0.0%,5.6%,87000,-69000 ( -44.2% ),23,2 ( 9.5% ),179957450,21083,79
2018-10-31,6,0.1%,6,0%,602,0.0%,4.7%,217000,130000 ( 149.4% ),28,5 ( 21.7% ),180174450,21111,73
2018-11-01,1,0.0%,1,0%,70,0.0%,1.4%,3500,-213500 ( -98.4% ),1,-27 ( -96.4% ),180177950,21112,114
2018-11-02,2,0.0%,2,0%,205,0.0%,13.7%,150000,146500 ( 4185.7% ),28,27 ( 2700.0% ),180327950,21140,71
2018-11-03,2,0.0%,2,0%,175,0.0%,2.9%,25000,-125000 ( -83.3% ),5,-23 ( -82.1% ),180352950,21145,120
2018-11-04,1,0.0%,1,0%,150,0.0%,2.7%,28000,3000 ( 12.0% ),4,-1 ( -20.0% ),180380950,21149,110
2018-11-05,2,0.0%,2,0%,155,0.0%,3.9%,43000,15000 ( 53.6% ),6,2 ( 50.0% ),180423950,21155,90
2018-11-06,2,0.0%,2,0%,105,0.0%,5.7%,48000,5000 ( 11.6% ),6,0 ( 0.0% ),180471950,21161,90
2018-11-07,1,0.0%,1,0%,70,0.0%,2.9%,7000,-41000 ( -85.4% ),2,-4 ( -66.7% ),180478950,21163,106
2018-11-08,1,0.0%,1,0%,50,0.0%,10.0%,45000,38000 ( 542.9% ),5,3 ( 150.0% ),180523950,21168,94
2018-11-09,1,0.0%,1,0%,105,0.0%,1.9%,12000,-33000 ( -73.3% ),2,-3 ( -60.0% ),180535950,21170,95
2018-11-10,1,0.0%,1,0%,70,0.0%,5.7%,14000,2000 ( 16.7% ),4,2 ( 100.0% ),180549950,21174,103
2018-11-11,1,0.0%,1,0%,105,0.0%,3.8%,24000,10000 ( 71.4% ),4,0 ( 0.0% ),180573950,21178,101
2018-11-14,3,0.1%,3,0%,360,0.0%,15.6%,296000,296000 ( 100.0% ),56,56 ( 100.0% ),180869950,21234,65
2018-11-15,2,0.0%,2,0%,120,0.0%,2.5%,21500,-274500 ( -92.7% ),3,-53 ( -94.6% ),180891450,21237,114
2018-11-18,2,0.0%,2,0%,235,0.0%,1.3%,19000,19000 ( 100.0% ),3,3 ( 100.0% ),180910450,21240,115
2018-11-20,2,0.0%,2,0%,155,0.0%,1.3%,14000,14000 ( 100.0% ),2,2 ( 100.0% ),180924450,21242,116
2018-11-21,1,0.0%,1,0%,70,0.0%,1.4%,3500,-10500 ( -75.0% ),1,-1 ( -50.0% ),180927950,21243,123
2018-11-22,1,0.0%,1,0%,98,0.0%,8.2%,36000,32500 ( 928.6% ),8,7 ( 700.0% ),180963950,21251,98
2018-11-23,1,0.0%,1,0%,98,0.0%,10.2%,41000,5000 ( 13.9% ),10,2 ( 25.0% ),181004950,21261,100
2018-11-24,1,0.0%,1,0%,98,0.0%,5.1%,24000,-17000 ( -41.5% ),5,-5 ( -50.0% ),181028950,21266,128
2018-11-25,2,0.0%,2,0%,203,0.0%,9.9%,97000,73000 ( 304.2% ),20,15 ( 300.0% ),181125950,21286,89
2018-11-26,1,0.0%,1,0%,105,0.0%,1.9%,12000,-85000 ( -87.6% ),2,-18 ( -90.0% ),181137950,21288,108
2018-11-28,1,0.0%,1,0%,98,0.0%,9.2%,41000,41000 ( 100.0% ),9,9 ( 100.0% ),181178950,21297,105
2018-12-01,1,0.0%,1,0%,105,0.0%,77.1%,406000,406000 ( 100.0% ),81,81 ( 100.0% ),181584950,21378,64
2018-12-04,1,0.0%,1,0%,105,0.0%,5.7%,30000,30000 ( 100.0% ),6,6 ( 100.0% ),181614950,21384,109
2018-12-11,1,0.0%,1,0%,40,0.0%,15.0%,52000,52000 ( 100.0% ),6,6 ( 100.0% ),181666950,21390,106
2018-12-14,1,0.0%,1,0%,432,0.0%,64.4%,2502000,2502000 ( 100.0% ),278,278 ( 100.0% ),184168950,21668,43
2018-12-15,1,0.0%,1,0%,40,0.0%,12.5%,50000,-2452000 ( -98.0% ),5,-273 ( -98.2% ),184218950,21673,97
2018-12-17,1,0.0%,1,0%,40,0.0%,57.5%,146000,146000 ( 100.0% ),23,23 ( 100.0% ),184364950,21696,69
2018-12-19,1,0.0%,1,0%,40,0.0%,10.0%,36000,36000 ( 100.0% ),4,4 ( 100.0% ),184400950,21700,100
2019-01-14,1,0.0%,1,0%,118,0.0%,94.1%,1097000,1097000 ( 100.0% ),111,111 ( 100.0% ),185497950,21811,40
2019-01-26,1,0.0%,1,0%,70,0.0%,2.9%,10500,10500 ( 100.0% ),2,2 ( 100.0% ),185508450,21813,75
2019-04-19,1,0.0%,1,0%,36,0.0%,75.0%,135000,135000 ( 100.0% ),27,27 ( 100.0% ),185643450,21840,73
2019-09-24,1,0.0%,1,0%,210,0.0%,70.0%,1175000,1175000 ( 100.0% ),147,147 ( 100.0% ),186818450,21987,42
2019-12-04,1,0.0%,1,0%,103,0.0%,13.6%,99000,99000 ( 100.0% ),14,14 ( 100.0% ),186917450,22001,106
