날짜,스크린수,스크린점유율,상영횟수,상영점유율,좌석수,좌석점유율,좌석판매율,매출액,매출액증감(전일대비),관객수,관객수증감(전일대비),누적매출액,누적관객수,순위
2017-11-28,1,0.0%,4,0%,776,0.0%,87.5%,5432000,5432000 ( 100.0% ),679,679 ( 100.0% ),5432000,679,19
2017-12-21,1,0.0%,1,0%,401,0.0%,100.0%,3208000,3208000 ( 100.0% ),401,401 ( 100.0% ),8640000,1080,26
2017-12-26,4,0.1%,4,0%,991,0.0%,100.0%,7928000,7928000 ( 100.0% ),991,991 ( 100.0% ),16568000,2071,14
2017-12-27,3,0.1%,3,0%,503,0.0%,100.0%,4527000,-3401000 ( -42.9% ),503,-488 ( -49.2% ),21095000,2574,17
2018-01-03,724,13.6%,3110,17.8%,460568,16.5%,27.1%,946055400,946055400 ( 100.0% ),124781,124781 ( 100.0% ),967150400,127355,3
2018-01-04,746,13.3%,3108,17.7%,459433,16.4%,23.4%,817351100,-128704300 ( -13.6% ),107670,-17111 ( -13.7% ),1784501500,235025,3
2018-01-05,750,13.4%,3200,17.9%,476488,16.7%,28.4%,1142337080,324985980 ( 39.8% ),135352,27682 ( 25.7% ),2926838580,370377,3
2018-01-06,780,13.4%,3195,17.4%,470545,16.0%,57.1%,2271361970,1129024890 ( 98.8% ),268765,133413 ( 98.6% ),5198200550,639142,3
2018-01-07,791,13.8%,3162,17.5%,463469,16.0%,55.1%,2144205100,-127156870 ( -5.6% ),255402,-13363 ( -5.0% ),7342405650,894544,3
2018-01-08,729,13.9%,3111,18.1%,458948,16.6%,18.8%,661742400,-1482462700 ( -69.1% ),86321,-169081 ( -66.2% ),8004148050,980865,3
2018-01-09,736,13.7%,3085,18%,455418,16.5%,17.7%,614759100,-46983300 ( -7.1% ),80591,-5730 ( -6.6% ),8618907150,1061456,3
2018-01-10,715,13.3%,3032,17.8%,450723,16.5%,16.4%,569717000,-45042100 ( -7.3% ),73997,-6594 ( -8.2% ),9188624150,1135453,3
2018-01-11,586,10.2%,1963,11.3%,275815,9.9%,20.2%,423587900,-146129100 ( -25.6% ),55686,-18311 ( -24.7% ),9612212050,1191139,4
2018-01-12,622,10.6%,1991,11.3%,279524,9.9%,23.6%,555693541,132105641 ( 31.2% ),65831,10145 ( 18.2% ),10167905591,1256970,4
2018-01-13,662,10.8%,2044,11.2%,275191,9.4%,48.5%,1113073350,557379809 ( 100.3% ),133379,67548 ( 102.6% ),11280978941,1390349,4
2018-01-14,677,11.1%,2032,11.4%,274630,9.6%,46.8%,1071986200,-41087150 ( -3.7% ),128642,-4737 ( -3.6% ),12352965141,1518991,4
2018-01-15,618,10.9%,1995,11.8%,276352,10.2%,15.5%,327245750,-744740450 ( -69.5% ),42915,-85727 ( -66.6% ),12680210891,1561906,4
2018-01-16,632,10.9%,1975,11.7%,272142,10.1%,14.8%,304728700,-22517050 ( -6.9% ),40360,-2555 ( -6.0% ),12984939591,1602266,4
2018-01-17,388,7.0%,755,4.4%,96940,3.5%,14.8%,106959100,-197769600 ( -64.9% ),14390,-25970 ( -64.3% ),13091898691,1616656,6
2018-01-18,398,6.9%,721,4.2%,91897,3.3%,14.3%,95688400,-11270700 ( -10.5% ),13139,-1251 ( -8.7% ),13187587091,1629795,6
2018-01-19,372,6.4%,675,3.9%,84570,3.0%,14.9%,103889538,8201138 ( 8.6% ),12593,-546 ( -4.2% ),13291476629,1642388,6
2018-01-20,340,5.7%,540,3%,65128,2.3%,35.1%,185555435,81665897 ( 78.6% ),22832,10239 ( 81.3% ),13477032064,1665220,6
2018-01-21,325,5.5%,502,2.8%,60581,2.1%,32.1%,159587800,-25967635 ( -14.0% ),19430,-3402 ( -14.9% ),13636619864,1684650,6
2018-01-22,321,5.8%,552,3.3%,69343,2.6%,10.6%,54509900,-105077900 ( -65.8% ),7317,-12113 ( -62.3% ),13691129764,1691967,6
2018-01-23,318,5.6%,536,3.2%,66753,2.5%,11.6%,56780500,2270600 ( 4.2% ),7734,417 ( 5.7% ),13747910264,1699701,6
2018-01-24,76,1.3%,111,0.6%,13262,0.5%,14.4%,14130500,-42650000 ( -75.1% ),1911,-5823 ( -75.3% ),13762040764,1701612,11
2018-01-25,47,0.7%,66,0.4%,7977,0.3%,15.2%,9181600,-4948900 ( -35.0% ),1211,-700 ( -36.6% ),13771222364,1702823,18
2018-01-26,49,0.8%,66,0.4%,8063,0.3%,15.5%,10240000,1058400 ( 11.5% ),1246,35 ( 2.9% ),13781462364,1704069,17
2018-01-27,45,0.6%,60,0.3%,7285,0.2%,27.0%,15711200,5471200 ( 53.4% ),1968,722 ( 57.9% ),13797173564,1706037,15
2018-01-28,49,0.7%,63,0.3%,7948,0.3%,27.4%,17760500,2049300 ( 13.0% ),2177,209 ( 10.6% ),13814934064,1708214,15
2018-01-29,41,0.7%,55,0.3%,7057,0.3%,10.2%,5320800,-12439700 ( -70.0% ),719,-1458 ( -67.0% ),13820254864,1708933,19
2018-01-30,45,0.7%,60,0.3%,7748,0.3%,15.5%,8723500,3402700 ( 64.0% ),1200,481 ( 66.9% ),13828978364,1710133,18
2018-01-31,8,0.1%,11,0.1%,988,0.0%,19.9%,1174000,-7549500 ( -86.5% ),197,-1003 ( -83.6% ),13830152364,1710330,35
2018-02-01,3,0.0%,4,0%,370,0.0%,9.2%,259500,-914500 ( -77.9% ),34,-163 ( -82.7% ),13830411864,1710364,62
2018-02-02,3,0.0%,4,0%,370,0.0%,11.1%,363000,103500 ( 39.9% ),41,7 ( 20.6% ),13830774864,1710405,58
2018-02-03,2,0.0%,2,0%,226,0.0%,14.6%,211000,-152000 ( -41.9% ),33,-8 ( -19.5% ),13830985864,1710438,65
2018-02-04,1,0.0%,1,0%,67,0.0%,95.5%,411000,200000 ( 94.8% ),64,31 ( 93.9% ),13831396864,1710502,50
2018-02-05,2,0.0%,2,0%,186,0.0%,6.5%,80000,-331000 ( -80.5% ),12,-52 ( -81.3% ),13831476864,1710514,59
2018-02-06,2,0.0%,2,0%,208,0.0%,10.6%,165000,85000 ( 106.3% ),22,10 ( 83.3% ),13831641864,1710536,69
2018-02-07,1,0.0%,1,0%,110,0.0%,9.1%,78000,-87000 ( -52.7% ),10,-12 ( -54.5% ),13831719864,1710546,75
2018-02-14,2,0.0%,2,0%,821,0.0%,12.2%,600000,600000 ( 100.0% ),100,100 ( 100.0% ),13832319864,1710646,42
2018-02-15,2,0.0%,2,0%,821,0.0%,12.2%,600000,0 ( 0.0% ),100,0 ( 0.0% ),13832919864,1710746,42
2018-02-16,2,0.0%,2,0%,821,0.0%,12.2%,600000,0 ( 0.0% ),100,0 ( 0.0% ),13833519864,1710846,34
2018-02-17,2,0.0%,2,0%,821,0.0%,12.2%,600000,0 ( 0.0% ),100,0 ( 0.0% ),13834119864,1710946,48
2018-02-18,2,0.0%,2,0%,821,0.0%,12.2%,600000,0 ( 0.0% ),100,0 ( 0.0% ),13834719864,1711046,45
2018-02-19,2,0.0%,2,0%,821,0.0%,12.2%,600000,0 ( 0.0% ),100,0 ( 0.0% ),13835319864,1711146,43
2018-02-20,2,0.0%,2,0%,821,0.0%,12.2%,600000,0 ( 0.0% ),100,0 ( 0.0% ),13835919864,1711246,53
