날짜,스크린수,스크린점유율,상영횟수,상영점유율,좌석수,좌석점유율,좌석판매율,매출액,매출액증감(전일대비),관객수,관객수증감(전일대비),누적매출액,누적관객수,순위
2018-10-29,1,0.0%,1,0%,158,0.0%,100.0%,1422000,1422000 ( 100.0% ),158,158 ( 100.0% ),1422000,158,36
2018-11-05,1,0.0%,1,0%,360,0.0%,95.0%,3078000,3078000 ( 100.0% ),342,342 ( 100.0% ),4500000,500,21
2018-11-06,1,0.0%,2,0%,192,0.0%,100.0%,1728000,-1350000 ( -43.9% ),192,-150 ( -43.9% ),6228000,692,30
2018-11-08,1,0.0%,1,0%,92,0.0%,100.0%,736000,736000 ( 100.0% ),92,92 ( 100.0% ),6964000,784,56
2018-11-12,3,0.1%,3,0%,600,0.0%,100.0%,5400000,5400000 ( 100.0% ),600,600 ( 100.0% ),12364000,1384,16
2018-11-13,4,0.1%,4,0%,1013,0.0%,60.3%,5465000,65000 ( 1.2% ),611,11 ( 1.8% ),17829000,1995,20
2018-11-14,255,5.4%,536,3.1%,62651,2.3%,7.7%,36413500,30948500 ( 566.3% ),4830,4219 ( 690.5% ),54242500,6825,5
2018-11-15,254,4.5%,494,2.8%,57890,2.1%,9.2%,39788100,3374600 ( 9.3% ),5328,498 ( 10.3% ),94030600,12153,7
2018-11-16,261,4.7%,461,2.6%,54393,2.0%,12.3%,54907200,15119100 ( 38.0% ),6670,1342 ( 25.2% ),148937800,18823,7
2018-11-17,252,4.1%,410,2.2%,48150,1.7%,18.0%,72817300,17910100 ( 32.6% ),8691,2021 ( 30.3% ),221755100,27514,7
2018-11-18,261,4.3%,401,2.2%,48458,1.7%,19.5%,80276300,7459000 ( 10.2% ),9461,770 ( 8.9% ),302031400,36975,7
2018-11-19,259,5.0%,462,2.8%,56054,2.2%,13.5%,56187450,-24088850 ( -30.0% ),7589,-1872 ( -19.8% ),358218850,44564,5
2018-11-20,274,5.0%,480,2.9%,57175,2.2%,14.3%,60329900,4142450 ( 7.4% ),8204,615 ( 8.1% ),418548750,52768,6
2018-11-21,196,3.7%,369,2.2%,43899,1.7%,13.8%,45094400,-15235500 ( -25.3% ),6067,-2137 ( -26.0% ),463643150,58835,5
2018-11-22,65,1.2%,102,0.6%,13268,0.5%,28.1%,31453050,-13641350 ( -30.3% ),3728,-2339 ( -38.6% ),495096200,62563,8
2018-11-23,66,1.2%,110,0.6%,13033,0.5%,18.5%,18875450,-12577600 ( -40.0% ),2416,-1312 ( -35.2% ),513971650,64979,8
2018-11-24,61,1.1%,106,0.6%,12611,0.4%,25.9%,27439150,8563700 ( 45.4% ),3260,844 ( 34.9% ),541410800,68239,10
2018-11-25,67,1.2%,108,0.6%,12796,0.4%,24.8%,26801050,-638100 ( -2.3% ),3168,-92 ( -2.8% ),568211850,71407,10
2018-11-26,64,1.2%,108,0.6%,12069,0.5%,13.4%,11488300,-15312750 ( -57.1% ),1622,-1546 ( -48.8% ),579700150,73029,10
2018-11-27,63,1.1%,113,0.7%,12590,0.5%,14.2%,12968150,1479850 ( 12.9% ),1792,170 ( 10.5% ),592668300,74821,11
2018-11-28,19,0.3%,31,0.2%,3271,0.1%,25.9%,4773500,-8194650 ( -63.2% ),847,-945 ( -52.7% ),597441800,75668,14
2018-11-29,21,0.4%,34,0.2%,3980,0.1%,19.3%,5149550,376050 ( 7.9% ),770,-77 ( -9.1% ),602591350,76438,16
2018-11-30,15,0.3%,30,0.2%,3342,0.1%,17.6%,4118400,-1031150 ( -20.0% ),588,-182 ( -23.6% ),606709750,77026,19
2018-12-01,14,0.2%,27,0.1%,3073,0.1%,22.3%,5419800,1301400 ( 31.6% ),685,97 ( 16.5% ),612129550,77711,16
2018-12-02,17,0.3%,29,0.2%,3487,0.1%,25.0%,6449400,1029600 ( 19.0% ),872,187 ( 27.3% ),618578950,78583,15
2018-12-03,17,0.3%,32,0.2%,3562,0.1%,13.1%,3045300,-3404100 ( -52.8% ),468,-404 ( -46.3% ),621624250,79051,22
2018-12-04,17,0.3%,30,0.2%,3281,0.1%,12.9%,2887400,-157900 ( -5.2% ),423,-45 ( -9.6% ),624511650,79474,26
2018-12-05,10,0.2%,19,0.1%,1752,0.1%,13.6%,1588000,-1299400 ( -45.0% ),239,-184 ( -43.5% ),626099650,79713,29
2018-12-06,8,0.1%,16,0.1%,1384,0.0%,12.6%,1133300,-454700 ( -28.6% ),174,-65 ( -27.2% ),627232950,79887,43
2018-12-07,8,0.1%,12,0.1%,1052,0.0%,14.1%,1018200,-115100 ( -10.2% ),148,-26 ( -14.9% ),628251150,80035,43
2018-12-08,7,0.1%,13,0.1%,1112,0.0%,30.1%,2470300,1452100 ( 142.6% ),335,187 ( 126.4% ),630721450,80370,29
2018-12-09,7,0.1%,12,0.1%,952,0.0%,18.5%,1266300,-1204000 ( -48.7% ),176,-159 ( -47.5% ),631987750,80546,33
2018-12-10,6,0.1%,13,0.1%,823,0.0%,16.9%,950800,-315500 ( -24.9% ),139,-37 ( -21.0% ),632938550,80685,48
2018-12-11,6,0.1%,12,0.1%,880,0.0%,16.6%,940500,-10300 ( -1.1% ),146,7 ( 5.0% ),633879050,80831,52
2018-12-12,4,0.1%,7,0%,533,0.0%,11.3%,409500,-531000 ( -56.5% ),60,-86 ( -58.9% ),634288550,80891,56
2018-12-13,3,0.0%,6,0%,467,0.0%,7.5%,246000,-163500 ( -39.9% ),35,-25 ( -41.7% ),634534550,80926,73
2018-12-14,3,0.0%,5,0%,432,0.0%,9.7%,301900,55900 ( 22.7% ),42,7 ( 20.0% ),634836450,80968,72
2018-12-15,4,0.1%,5,0%,467,0.0%,29.1%,1185000,883100 ( 292.5% ),136,94 ( 223.8% ),636021450,81104,51
2018-12-16,2,0.0%,4,0%,232,0.0%,24.6%,500300,-684700 ( -57.8% ),57,-79 ( -58.1% ),636521750,81161,53
2018-12-17,3,0.0%,5,0%,458,0.0%,58.7%,1393500,893200 ( 178.5% ),269,212 ( 371.9% ),637915250,81430,35
2018-12-18,5,0.1%,7,0%,646,0.0%,35.3%,1439000,45500 ( 3.3% ),228,-41 ( -15.2% ),639354250,81658,44
2018-12-19,1,0.0%,1,0%,81,0.0%,58.0%,301600,-1137400 ( -79.0% ),47,-181 ( -79.4% ),639655850,81705,58
2018-12-20,1,0.0%,1,0%,81,0.0%,13.6%,87000,-214600 ( -71.2% ),11,-36 ( -76.6% ),639742850,81716,92
2018-12-21,1,0.0%,1,0%,81,0.0%,19.8%,95000,8000 ( 9.2% ),16,5 ( 45.5% ),639837850,81732,82
2018-12-22,1,0.0%,1,0%,81,0.0%,27.2%,147000,52000 ( 54.7% ),22,6 ( 37.5% ),639984850,81754,73
2018-12-23,1,0.0%,1,0%,81,0.0%,37.0%,239000,92000 ( 62.6% ),30,8 ( 36.4% ),640223850,81784,63
2018-12-24,1,0.0%,1,0%,81,0.0%,25.9%,129000,-110000 ( -46.0% ),21,-9 ( -30.0% ),640352850,81805,63
2018-12-25,1,0.0%,1,0%,81,0.0%,92.6%,591000,462000 ( 358.1% ),75,54 ( 257.1% ),640943850,81880,53
