날짜,스크린수,스크린점유율,상영횟수,상영점유율,좌석수,좌석점유율,좌석판매율,매출액,매출액증감(전일대비),관객수,관객수증감(전일대비),누적매출액,누적관객수,순위
2017-01-17,8,0.1%,8,0%,2509,0.1%,99.3%,19928000,19928000 ( 100.0% ),2491,2491 ( 100.0% ),19928000,2491,14
2017-01-26,1,0.0%,1,0%,326,0.0%,100.0%,2608000,2608000 ( 100.0% ),326,326 ( 100.0% ),22536000,2817,21
2017-01-31,18,0.3%,18,0.1%,2741,0.1%,73.4%,17994800,17994800 ( 100.0% ),2011,2011 ( 100.0% ),40530800,4828,15
2017-02-01,1,0.0%,1,0%,190,0.0%,1.1%,12000,-17982800 ( -99.9% ),2,-2009 ( -99.9% ),40542800,4830,85
2017-02-02,509,9.5%,2223,13.3%,343390,12.5%,15.9%,407616000,407604000 ( 3396700.0% ),54584,54582 ( 2729100.0% ),448158800,59414,3
2017-02-03,558,10.2%,2353,13.7%,363140,13.0%,16.8%,512632832,105016832 ( 25.8% ),61006,6422 ( 11.8% ),960791632,120420,3
2017-02-04,605,10.1%,2414,13.5%,374088,12.8%,33.8%,1076729150,564096318 ( 110.0% ),126370,65364 ( 107.1% ),2037520782,246790,3
2017-02-05,598,10.1%,2356,13.5%,369139,13.0%,30.2%,946606900,-130122250 ( -12.1% ),111552,-14818 ( -11.7% ),2984127682,358342,3
2017-02-06,546,10.6%,2327,14.5%,377277,14.3%,9.8%,280998200,-665608700 ( -70.3% ),36897,-74655 ( -66.9% ),3265125882,395239,3
2017-02-07,558,10.5%,2304,14.3%,373486,14.1%,9.2%,258802100,-22196100 ( -7.9% ),34217,-2680 ( -7.3% ),3523927982,429456,3
2017-02-08,483,9.6%,1910,11.5%,304403,11.1%,9.3%,216025600,-42776500 ( -16.5% ),28406,-5811 ( -17.0% ),3739953582,457862,4
2017-02-09,399,6.6%,949,5.6%,140038,5.0%,11.6%,123797000,-92228600 ( -42.7% ),16178,-12228 ( -43.0% ),3863750582,474040,6
2017-02-10,416,6.8%,965,5.6%,140362,5.0%,13.9%,168501288,44704288 ( 36.1% ),19578,3400 ( 21.0% ),4032251870,493618,6
2017-02-11,422,6.3%,868,4.8%,124030,4.2%,30.6%,332495751,163994463 ( 97.3% ),37935,18357 ( 93.8% ),4364747621,531553,5
2017-02-12,417,6.3%,829,4.7%,121062,4.2%,26.8%,282061100,-50434651 ( -15.2% ),32438,-5497 ( -14.5% ),4646808721,563991,7
2017-02-13,390,6.5%,855,5.1%,126018,4.6%,9.3%,89915300,-192145800 ( -68.1% ),11734,-20704 ( -63.8% ),4736724021,575725,6
2017-02-14,395,6.3%,841,5%,124147,4.5%,10.4%,99784700,9869400 ( 11.0% ),12914,1180 ( 10.1% ),4836508721,588639,6
2017-02-15,93,1.7%,149,0.9%,20280,0.7%,15.0%,22998000,-76786700 ( -77.0% ),3032,-9882 ( -76.5% ),4859506721,591671,13
2017-02-16,82,1.4%,123,0.7%,18882,0.7%,16.7%,24490800,1492800 ( 6.5% ),3155,123 ( 4.1% ),4883997521,594826,13
2017-02-17,77,1.3%,121,0.7%,16845,0.6%,21.9%,32283300,7792500 ( 31.8% ),3682,527 ( 16.7% ),4916280821,598508,13
2017-02-18,81,1.3%,127,0.7%,18808,0.6%,36.8%,61034600,28751300 ( 89.1% ),6923,3241 ( 88.0% ),4977315421,605431,10
2017-02-19,86,1.3%,134,0.8%,19595,0.7%,31.5%,54788800,-6245800 ( -10.2% ),6181,-742 ( -10.7% ),5032104221,611612,11
2017-02-20,76,1.3%,133,0.8%,17806,0.6%,16.4%,22638900,-32149900 ( -58.7% ),2919,-3262 ( -52.8% ),5054743121,614531,13
2017-02-21,82,1.4%,134,0.8%,18210,0.7%,14.9%,20836100,-1802800 ( -8.0% ),2716,-203 ( -7.0% ),5075579221,617247,15
2017-02-22,40,0.7%,54,0.3%,7042,0.2%,24.6%,10845500,-9990600 ( -47.9% ),1734,-982 ( -36.2% ),5086424721,618981,18
2017-02-23,38,0.6%,55,0.3%,7220,0.3%,15.5%,8819500,-2026000 ( -18.7% ),1122,-612 ( -35.3% ),5095244221,620103,22
2017-02-24,40,0.6%,57,0.3%,7346,0.3%,16.1%,10446200,1626700 ( 18.4% ),1180,58 ( 5.2% ),5105690421,621283,21
2017-02-25,43,0.6%,61,0.3%,8750,0.3%,31.1%,24002400,13556200 ( 129.8% ),2717,1537 ( 130.3% ),5129692821,624000,17
2017-02-26,39,0.6%,61,0.3%,7744,0.3%,29.9%,20654400,-3348000 ( -13.9% ),2319,-398 ( -14.6% ),5150347221,626319,18
2017-02-27,39,0.6%,56,0.3%,7679,0.3%,16.1%,9712200,-10942200 ( -53.0% ),1234,-1085 ( -46.8% ),5160059421,627553,19
2017-02-28,32,0.4%,46,0.3%,6566,0.2%,17.4%,8779100,-933100 ( -9.6% ),1142,-92 ( -7.5% ),5168838521,628695,21
2017-03-01,16,0.3%,22,0.1%,3578,0.1%,30.1%,9249200,470100 ( 5.4% ),1076,-66 ( -5.8% ),5178087721,629771,25
2017-03-02,12,0.2%,14,0.1%,1468,0.1%,23.2%,2762500,-6486700 ( -70.1% ),341,-735 ( -68.3% ),5180850221,630112,27
2017-03-03,10,0.2%,13,0.1%,1407,0.1%,23.2%,2860500,98000 ( 3.5% ),326,-15 ( -4.4% ),5183710721,630438,28
2017-03-04,10,0.2%,13,0.1%,2347,0.1%,22.9%,4655500,1795000 ( 62.8% ),537,211 ( 64.7% ),5188366221,630975,28
2017-03-05,12,0.2%,15,0.1%,1743,0.1%,22.9%,3387000,-1268500 ( -27.2% ),400,-137 ( -25.5% ),5191753221,631375,31
2017-03-06,13,0.2%,20,0.1%,2319,0.1%,15.6%,2772000,-615000 ( -18.2% ),361,-39 ( -9.8% ),5194525221,631736,24
2017-03-07,12,0.2%,15,0.1%,1605,0.1%,16.3%,1968500,-803500 ( -29.0% ),261,-100 ( -27.7% ),5196493721,631997,29
2017-03-08,9,0.2%,12,0.1%,1393,0.1%,9.9%,1073800,-894700 ( -45.5% ),138,-123 ( -47.1% ),5197567521,632135,40
2017-03-09,10,0.2%,12,0.1%,1091,0.0%,17.2%,1487500,413700 ( 38.5% ),188,50 ( 36.2% ),5199055021,632323,38
2017-03-10,5,0.1%,8,0.1%,772,0.0%,19.8%,1336500,-151000 ( -10.2% ),153,-35 ( -18.6% ),5200391521,632476,38
2017-03-11,7,0.1%,10,0.1%,1012,0.0%,34.2%,3074100,1737600 ( 130.0% ),346,193 ( 126.1% ),5203465621,632822,33
2017-03-12,7,0.1%,11,0.1%,1064,0.0%,28.2%,2567400,-506700 ( -16.5% ),300,-46 ( -13.3% ),5206033021,633122,33
2017-03-13,7,0.1%,11,0.1%,1203,0.0%,10.4%,996500,-1570900 ( -61.2% ),125,-175 ( -58.3% ),5207029521,633247,37
2017-03-14,6,0.1%,9,0.1%,977,0.0%,13.1%,936000,-60500 ( -6.1% ),128,3 ( 2.4% ),5207965521,633375,48
2017-03-15,8,0.1%,11,0.1%,1084,0.0%,17.4%,1527000,591000 ( 63.1% ),189,61 ( 47.7% ),5209492521,633564,41
2017-03-16,5,0.1%,5,0%,453,0.0%,9.5%,362000,-1165000 ( -76.3% ),43,-146 ( -77.2% ),5209854521,633607,55
2017-03-17,3,0.1%,5,0%,520,0.0%,15.2%,711500,349500 ( 96.5% ),79,36 ( 83.7% ),5210566021,633686,43
2017-03-18,5,0.1%,5,0%,565,0.0%,25.1%,1320000,608500 ( 85.5% ),142,63 ( 79.7% ),5211886021,633828,41
2017-03-19,5,0.1%,6,0%,601,0.0%,21.1%,1050500,-269500 ( -20.4% ),127,-15 ( -10.6% ),5212936521,633955,39
2017-03-20,4,0.1%,4,0%,485,0.0%,8.7%,349500,-701000 ( -66.7% ),42,-85 ( -66.9% ),5213286021,633997,52
2017-03-21,5,0.1%,5,0%,491,0.0%,12.8%,537000,187500 ( 53.6% ),63,21 ( 50.0% ),5213823021,634060,61
2017-03-22,4,0.1%,4,0%,433,0.0%,11.1%,398000,-139000 ( -25.9% ),48,-15 ( -23.8% ),5214221021,634108,56
2017-03-24,1,0.0%,1,0%,211,0.0%,4.7%,66500,66500 ( 100.0% ),10,10 ( 100.0% ),5214287521,634118,88
2017-03-25,1,0.0%,1,0%,151,0.0%,5.3%,73000,6500 ( 9.8% ),8,-2 ( -20.0% ),5214360521,634126,125
2017-03-26,1,0.0%,1,0%,151,0.0%,1.3%,18000,-55000 ( -75.3% ),2,-6 ( -75.0% ),5214378521,634128,118
2017-03-27,1,0.0%,1,0%,151,0.0%,1.3%,13000,-5000 ( -27.8% ),2,0 ( 0.0% ),5214391521,634130,105
2017-03-28,2,0.0%,2,0%,191,0.0%,6.3%,100000,87000 ( 669.2% ),12,10 ( 500.0% ),5214491521,634142,107
2017-03-30,1,0.0%,1,0%,40,0.0%,20.0%,60000,60000 ( 100.0% ),8,8 ( 100.0% ),5214551521,634150,82
