날짜,스크린수,스크린점유율,상영횟수,상영점유율,좌석수,좌석점유율,좌석판매율,매출액,매출액증감(전일대비),관객수,관객수증감(전일대비),누적매출액,누적관객수,순위
2018-03-01,1,0.0%,1,0%,118,0.0%,100.0%,1062000,1062000 ( 100.0% ),118,118 ( 100.0% ),1062000,118,42
2018-03-03,18,0.3%,18,0.1%,2055,0.1%,80.1%,15227000,15227000 ( 100.0% ),1646,1646 ( 100.0% ),16289000,1764,17
2018-03-04,1,0.0%,1,0%,293,0.0%,92.5%,2704000,-12523000 ( -82.2% ),271,-1375 ( -83.5% ),18993000,2035,27
2018-03-05,2,0.0%,2,0%,161,0.0%,60.9%,833000,-1871000 ( -69.2% ),98,-173 ( -63.8% ),19826000,2133,43
2018-03-06,4,0.1%,4,0%,456,0.0%,57.2%,2163500,1330500 ( 159.7% ),261,163 ( 166.3% ),21989500,2394,26
2018-03-07,1,0.0%,1,0%,112,0.0%,66.1%,637000,-1526500 ( -70.6% ),74,-187 ( -71.6% ),22626500,2468,49
2018-03-09,1,0.0%,1,0%,200,0.0%,100.0%,1600000,1600000 ( 100.0% ),200,200 ( 100.0% ),24226500,2668,26
2018-03-10,4,0.1%,4,0%,794,0.0%,78.0%,4830000,3230000 ( 201.9% ),619,419 ( 209.5% ),29056500,3287,23
2018-03-11,1,0.0%,1,0%,112,0.0%,85.7%,891000,-3939000 ( -81.6% ),96,-523 ( -84.5% ),29947500,3383,48
2018-03-12,1,0.0%,1,0%,118,0.0%,100.0%,2359500,1468500 ( 164.8% ),118,22 ( 22.9% ),32307000,3501,32
2018-03-16,3,0.1%,3,0%,336,0.0%,60.1%,1821500,1821500 ( 100.0% ),202,202 ( 100.0% ),34128500,3703,33
2018-03-18,4,0.1%,4,0%,455,0.0%,65.9%,2800000,2800000 ( 100.0% ),300,300 ( 100.0% ),36928500,4003,33
2018-03-20,22,0.4%,22,0.1%,3117,0.1%,94.8%,18304500,18304500 ( 100.0% ),2955,2955 ( 100.0% ),55233000,6958,9
2018-03-21,18,0.4%,18,0.1%,2929,0.1%,82.0%,21605600,3301100 ( 18.0% ),2402,-553 ( -18.7% ),76838600,9360,9
2018-03-22,176,3.3%,662,3.9%,91627,3.3%,12.9%,92179400,70573800 ( 326.6% ),11781,9379 ( 390.5% ),169018000,21141,4
2018-03-23,182,3.3%,682,3.9%,95790,3.4%,13.5%,112503500,20324100 ( 22.0% ),12926,1145 ( 9.7% ),281521500,34067,4
2018-03-24,192,3.1%,684,3.6%,97009,3.2%,18.0%,154122800,41619300 ( 37.0% ),17418,4492 ( 34.8% ),435644300,51485,7
2018-03-25,185,3.1%,638,3.5%,91102,3.1%,17.3%,139591900,-14530900 ( -9.4% ),15777,-1641 ( -9.4% ),575236200,67262,7
2018-03-26,169,3.2%,648,4%,94530,3.6%,9.3%,68993900,-70598000 ( -50.6% ),8782,-6995 ( -44.3% ),644230100,76044,4
2018-03-27,175,3.3%,652,4%,94721,3.6%,9.3%,69403900,410000 ( 0.6% ),8790,8 ( 0.1% ),713634000,84834,4
2018-03-28,155,2.9%,384,2.2%,48334,1.8%,17.1%,51913800,-17490100 ( -25.2% ),8269,-521 ( -5.9% ),765547800,93103,6
2018-03-29,160,3.1%,382,2.2%,49562,1.8%,12.5%,47934900,-3978900 ( -7.7% ),6197,-2072 ( -25.1% ),813482700,99300,6
2018-03-30,161,3.0%,381,2.2%,50409,1.8%,14.4%,62991200,15056300 ( 31.4% ),7272,1075 ( 17.3% ),876473900,106572,6
2018-03-31,156,2.8%,346,1.8%,44084,1.5%,22.6%,86415500,23424300 ( 37.2% ),9958,2686 ( 36.9% ),962889400,116530,7
2018-04-01,164,2.9%,345,1.9%,43388,1.5%,20.0%,74657400,-11758100 ( -13.6% ),8661,-1297 ( -13.0% ),1037546800,125191,7
2018-04-02,156,3.3%,388,2.3%,50965,1.9%,9.5%,38085800,-36571600 ( -49.0% ),4860,-3801 ( -43.9% ),1075632600,130051,6
2018-04-03,154,3.1%,352,2.1%,46172,1.7%,9.1%,32643900,-5441900 ( -14.3% ),4221,-639 ( -13.1% ),1108276500,134272,7
2018-04-04,146,3.0%,360,2.1%,47708,1.7%,8.8%,32709500,65600 ( 0.2% ),4221,0 ( 0.0% ),1140986000,138493,7
2018-04-05,134,2.6%,284,1.6%,38358,1.3%,8.8%,26682300,-6027200 ( -18.4% ),3369,-852 ( -20.2% ),1167668300,141862,8
2018-04-06,133,2.4%,268,1.4%,35517,1.2%,11.2%,35071100,8388800 ( 31.4% ),3970,601 ( 17.8% ),1202739400,145832,8
2018-04-07,127,2.2%,222,1.1%,30333,1.0%,17.0%,45547500,10476400 ( 29.9% ),5161,1191 ( 30.0% ),1248286900,150993,10
2018-04-08,127,2.2%,220,1.1%,30534,1.0%,14.0%,37674700,-7872800 ( -17.3% ),4282,-879 ( -17.0% ),1285961600,155275,11
2018-04-09,128,2.6%,258,1.5%,35487,1.3%,6.8%,19003500,-18671200 ( -49.6% ),2420,-1862 ( -43.5% ),1304965100,157695,9
2018-04-10,131,2.6%,255,1.5%,35274,1.3%,6.9%,18889600,-113900 ( -0.6% ),2421,1 ( 0.0% ),1323854700,160116,8
2018-04-11,128,2.5%,258,1.5%,36034,1.3%,7.3%,21847500,2957900 ( 15.7% ),2619,198 ( 8.2% ),1345702200,162735,8
2018-04-12,72,1.2%,94,0.5%,13784,0.5%,10.0%,11666500,-10181000 ( -46.6% ),1375,-1244 ( -47.5% ),1357368700,164110,15
2018-04-13,70,1.2%,93,0.5%,13793,0.5%,13.1%,16686800,5020300 ( 43.0% ),1812,437 ( 31.8% ),1374055500,165922,14
2018-04-14,56,0.9%,72,0.4%,10656,0.3%,21.0%,21117400,4430600 ( 26.6% ),2238,426 ( 23.5% ),1395172900,168160,16
2018-04-15,61,0.9%,77,0.4%,11035,0.4%,20.6%,20597700,-519700 ( -2.5% ),2268,30 ( 1.3% ),1415770600,170428,16
2018-04-16,59,1.1%,83,0.5%,13106,0.5%,8.7%,9609000,-10988700 ( -53.3% ),1146,-1122 ( -49.5% ),1425379600,171574,13
2018-04-17,64,1.1%,86,0.5%,13456,0.5%,8.4%,9324000,-285000 ( -3.0% ),1127,-19 ( -1.7% ),1434703600,172701,14
2018-04-18,65,1.2%,91,0.5%,13845,0.5%,9.8%,11324500,2000500 ( 21.5% ),1351,224 ( 19.9% ),1446028100,174052,14
2018-04-19,21,0.3%,29,0.2%,4589,0.2%,13.3%,5125000,-6199500 ( -54.7% ),609,-742 ( -54.9% ),1451153100,174661,25
2018-04-20,23,0.4%,31,0.2%,4689,0.2%,18.0%,7496700,2371700 ( 46.3% ),842,233 ( 38.3% ),1458649800,175503,18
2018-04-21,24,0.3%,33,0.2%,5220,0.2%,25.7%,12037500,4540800 ( 60.6% ),1339,497 ( 59.0% ),1470687300,176842,19
2018-04-22,24,0.3%,33,0.2%,5152,0.2%,23.3%,11001000,-1036500 ( -8.6% ),1201,-138 ( -10.3% ),1481688300,178043,22
2018-04-23,21,0.3%,30,0.2%,4993,0.2%,11.8%,4770900,-6230100 ( -56.6% ),587,-614 ( -51.1% ),1486459200,178630,24
2018-04-24,20,0.3%,29,0.2%,4711,0.2%,14.1%,5625500,854600 ( 17.9% ),664,77 ( 13.1% ),1492084700,179294,22
2018-04-25,17,0.3%,20,0.1%,3108,0.1%,22.3%,4495500,-1130000 ( -20.1% ),694,30 ( 4.5% ),1496580200,179988,13
2018-04-26,14,0.3%,21,0.1%,3104,0.1%,16.8%,4270300,-225200 ( -5.0% ),521,-173 ( -24.9% ),1500850500,180509,20
2018-04-27,14,0.3%,19,0.1%,2094,0.1%,25.3%,4607500,337200 ( 7.9% ),529,8 ( 1.5% ),1505458000,181038,18
2018-04-28,15,0.3%,19,0.1%,2923,0.1%,31.6%,8308500,3701000 ( 80.3% ),925,396 ( 74.9% ),1513766500,181963,14
2018-04-29,13,0.3%,18,0.1%,2086,0.1%,37.9%,7270600,-1037900 ( -12.5% ),790,-135 ( -14.6% ),1521037100,182753,16
2018-04-30,12,0.2%,17,0.1%,2299,0.1%,23.8%,4321200,-2949400 ( -40.6% ),547,-243 ( -30.8% ),1525358300,183300,18
2018-05-01,15,0.3%,20,0.1%,2455,0.1%,37.7%,7632000,3310800 ( 76.6% ),926,379 ( 69.3% ),1532990300,184226,10
2018-05-02,14,0.3%,21,0.1%,2409,0.1%,16.1%,3055000,-4577000 ( -60.0% ),388,-538 ( -58.1% ),1536045300,184614,15
2018-05-03,13,0.3%,16,0.1%,1976,0.1%,17.8%,2895000,-160000 ( -5.2% ),352,-36 ( -9.3% ),1538940300,184966,23
2018-05-04,13,0.3%,20,0.1%,2294,0.1%,23.8%,4835000,1940000 ( 67.0% ),545,193 ( 54.8% ),1543775300,185511,17
2018-05-05,16,0.3%,23,0.1%,2934,0.1%,26.1%,7048500,2213500 ( 45.8% ),765,220 ( 40.4% ),1550823800,186276,12
2018-05-06,15,0.3%,20,0.1%,2552,0.1%,28.1%,6744000,-304500 ( -4.3% ),717,-48 ( -6.3% ),1557567800,186993,14
2018-05-07,14,0.3%,19,0.1%,2410,0.1%,23.6%,5115000,-1629000 ( -24.2% ),569,-148 ( -20.6% ),1562682800,187562,14
2018-05-08,13,0.3%,22,0.1%,2946,0.1%,10.6%,2554000,-2561000 ( -50.1% ),312,-257 ( -45.2% ),1565236800,187874,22
2018-05-09,15,0.4%,21,0.1%,2512,0.1%,11.8%,2436500,-117500 ( -4.6% ),297,-15 ( -4.8% ),1567673300,188171,16
2018-05-10,15,0.3%,21,0.1%,2202,0.1%,15.6%,2904200,467700 ( 19.2% ),344,47 ( 15.8% ),1570577500,188515,17
2018-05-11,15,0.3%,23,0.1%,2696,0.1%,18.2%,4585000,1680800 ( 57.9% ),491,147 ( 42.7% ),1575162500,189006,15
2018-05-12,18,0.4%,28,0.2%,3145,0.1%,26.3%,7848500,3263500 ( 71.2% ),828,337 ( 68.6% ),1583011000,189834,19
2018-05-13,17,0.3%,23,0.1%,2612,0.1%,24.3%,5850500,-1998000 ( -25.5% ),634,-194 ( -23.4% ),1588861500,190468,18
2018-05-14,13,0.3%,23,0.2%,3072,0.1%,9.4%,2436500,-3414000 ( -58.4% ),288,-346 ( -54.6% ),1591298000,190756,20
2018-05-15,13,0.3%,23,0.2%,3005,0.1%,10.5%,2673000,236500 ( 9.7% ),317,29 ( 10.1% ),1593971000,191073,23
2018-05-16,12,0.2%,18,0.1%,2095,0.1%,9.6%,1680000,-993000 ( -37.1% ),201,-116 ( -36.6% ),1595651000,191274,24
2018-05-17,9,0.2%,12,0.1%,1129,0.0%,15.2%,1426000,-254000 ( -15.1% ),172,-29 ( -14.4% ),1597077000,191446,30
2018-05-18,9,0.2%,12,0.1%,1021,0.0%,24.6%,2158500,732500 ( 51.4% ),251,79 ( 45.9% ),1599235500,191697,25
2018-05-19,13,0.2%,16,0.1%,1440,0.0%,33.7%,4567500,2409000 ( 111.6% ),485,234 ( 93.2% ),1603803000,192182,20
2018-05-20,10,0.2%,12,0.1%,1109,0.0%,29.9%,3081100,-1486400 ( -32.5% ),332,-153 ( -31.5% ),1606884100,192514,23
2018-05-21,9,0.2%,15,0.1%,1288,0.0%,20.8%,2174500,-906600 ( -29.4% ),268,-64 ( -19.3% ),1609058600,192782,26
2018-05-22,11,0.2%,13,0.1%,1155,0.0%,36.7%,3892000,1717500 ( 79.0% ),424,156 ( 58.2% ),1612950600,193206,21
2018-05-23,8,0.2%,11,0.1%,972,0.0%,16.7%,1323500,-2568500 ( -66.0% ),162,-262 ( -61.8% ),1614274100,193368,32
2018-05-24,9,0.2%,9,0.1%,944,0.0%,20.8%,1620500,297000 ( 22.4% ),196,34 ( 21.0% ),1615894600,193564,32
2018-05-25,6,0.1%,7,0%,690,0.0%,22.6%,1491500,-129000 ( -8.0% ),156,-40 ( -20.4% ),1617386100,193720,33
2018-05-26,15,0.2%,17,0.1%,1670,0.1%,42.5%,6596000,5104500 ( 342.2% ),709,553 ( 354.5% ),1623982100,194429,17
2018-05-27,8,0.1%,10,0.1%,901,0.0%,31.6%,2713000,-3883000 ( -58.9% ),285,-424 ( -59.8% ),1626695100,194714,25
2018-05-28,9,0.2%,13,0.1%,1298,0.0%,12.0%,1288500,-1424500 ( -52.5% ),156,-129 ( -45.3% ),1627983600,194870,29
2018-05-29,16,0.3%,20,0.1%,2101,0.1%,24.0%,4159500,2871000 ( 222.8% ),504,348 ( 223.1% ),1632143100,195374,15
2018-05-30,7,0.1%,13,0.1%,1065,0.0%,40.4%,3395700,-763800 ( -18.4% ),430,-74 ( -14.7% ),1635538800,195804,25
2018-05-31,4,0.1%,10,0.1%,1220,0.0%,40.4%,3992500,596800 ( 17.6% ),493,63 ( 14.7% ),1639531300,196297,22
2018-06-01,1,0.0%,1,0%,110,0.0%,28.2%,263000,-3729500 ( -93.4% ),31,-462 ( -93.7% ),1639794300,196328,68
2018-06-02,1,0.0%,1,0%,104,0.0%,9.6%,76000,-187000 ( -71.1% ),10,-21 ( -67.7% ),1639870300,196338,83
2018-06-03,1,0.0%,1,0%,104,0.0%,15.4%,124000,48000 ( 63.2% ),16,6 ( 60.0% ),1639994300,196354,75
2018-06-04,2,0.0%,2,0%,185,0.0%,13.0%,177000,53000 ( 42.7% ),24,8 ( 50.0% ),1640171300,196378,67
2018-06-06,7,0.1%,7,0%,803,0.0%,64.3%,4751400,4751400 ( 100.0% ),516,516 ( 100.0% ),1644922700,196894,20
2018-06-07,1,0.0%,1,0%,108,0.0%,61.1%,611000,-4140400 ( -87.1% ),66,-450 ( -87.2% ),1645533700,196960,48
2018-06-09,3,0.1%,3,0%,306,0.0%,60.1%,1824000,1824000 ( 100.0% ),184,184 ( 100.0% ),1647357700,197144,31
2018-06-10,2,0.0%,2,0%,211,0.0%,54.0%,1120000,-704000 ( -38.6% ),114,-70 ( -38.0% ),1648477700,197258,37
2018-06-11,1,0.0%,1,0%,103,0.0%,20.4%,197000,-923000 ( -82.4% ),21,-93 ( -81.6% ),1648674700,197279,64
2018-06-12,1,0.0%,1,0%,77,0.0%,45.5%,329500,132500 ( 67.3% ),35,14 ( 66.7% ),1649004200,197314,60
2018-06-13,2,0.0%,2,0%,228,0.0%,61.0%,1391000,1061500 ( 322.2% ),139,104 ( 297.1% ),1650395200,197453,33
2018-06-15,3,0.1%,3,0%,275,0.0%,40.0%,1074500,1074500 ( 100.0% ),110,110 ( 100.0% ),1651469700,197563,36
2018-06-16,2,0.0%,2,0%,242,0.0%,61.6%,1472000,397500 ( 37.0% ),149,39 ( 35.5% ),1652941700,197712,32
2018-06-18,1,0.0%,1,0%,77,0.0%,27.3%,201500,201500 ( 100.0% ),21,21 ( 100.0% ),1653143200,197733,58
2018-06-19,1,0.0%,1,0%,134,0.0%,29.9%,346500,145000 ( 72.0% ),40,19 ( 90.5% ),1653489700,197773,59
2018-06-20,3,0.1%,3,0%,306,0.0%,45.1%,1211000,864500 ( 249.5% ),138,98 ( 245.0% ),1654700700,197911,35
2018-06-23,1,0.0%,1,0%,138,0.0%,73.9%,714000,714000 ( 100.0% ),102,102 ( 100.0% ),1655414700,198013,44
2018-07-07,1,0.0%,1,0%,77,0.0%,88.3%,453288,453288 ( 100.0% ),68,68 ( 100.0% ),1655867988,198081,46
2018-07-09,1,0.0%,1,0%,77,0.0%,93.5%,648000,648000 ( 100.0% ),72,72 ( 100.0% ),1656515988,198153,45
2018-07-14,1,0.0%,1,0%,77,0.0%,98.7%,684000,684000 ( 100.0% ),76,76 ( 100.0% ),1657199988,198229,57
2018-08-19,1,0.0%,1,0%,152,0.0%,86.2%,1300000,1300000 ( 100.0% ),131,131 ( 100.0% ),1658499988,198360,27
2018-08-25,1,0.0%,2,0%,104,0.0%,85.6%,790000,790000 ( 100.0% ),89,89 ( 100.0% ),1659289988,198449,51
2018-08-29,1,0.0%,2,0%,104,0.0%,64.4%,600000,600000 ( 100.0% ),67,67 ( 100.0% ),1659889988,198516,55
2018-12-08,1,0.0%,1,0%,432,0.0%,99.3%,3861000,3861000 ( 100.0% ),429,429 ( 100.0% ),1663750988,198945,27
2019-05-10,1,0.0%,1,0%,100,0.0%,96.0%,995000,995000 ( 100.0% ),96,96 ( 100.0% ),1664745988,199041,41
2019-05-24,1,0.0%,1,0%,100,0.0%,100.0%,1065000,1065000 ( 100.0% ),100,100 ( 100.0% ),1665810988,199141,41
2019-06-14,1,0.0%,1,0%,100,0.0%,100.0%,1000000,1000000 ( 100.0% ),100,100 ( 100.0% ),1666810988,199241,49
2019-06-22,1,0.0%,1,0%,100,0.0%,96.0%,960000,960000 ( 100.0% ),96,96 ( 100.0% ),1667770988,199337,42
2019-10-20,1,0.0%,1,0%,152,0.0%,74.3%,1222000,1222000 ( 100.0% ),113,113 ( 100.0% ),1668992988,199450,54
2019-10-27,1,0.0%,1,0%,152,0.0%,91.4%,1514000,1514000 ( 100.0% ),139,139 ( 100.0% ),1670506988,199589,43
