날짜,스크린수,스크린점유율,상영횟수,상영점유율,좌석수,좌석점유율,좌석판매율,매출액,매출액증감(전일대비),관객수,관객수증감(전일대비),누적매출액,누적관객수,순위
2018-04-04,15,0.3%,15,0.1%,3233,0.1%,99.2%,26208000,26208000 ( 100.0% ),3207,3207 ( 100.0% ),26208000,3207,8
2018-04-05,6,0.1%,6,0%,1381,0.0%,100.0%,11048000,-15160000 ( -57.8% ),1381,-1826 ( -56.9% ),37256000,4588,12
2018-04-07,203,3.4%,358,1.8%,48785,1.5%,16.5%,69458900,69458900 ( 100.0% ),8031,8031 ( 100.0% ),106714900,12619,8
2018-04-08,206,3.5%,356,1.8%,48313,1.6%,19.0%,79251700,9792800 ( 14.1% ),9169,1138 ( 14.2% ),185966600,21788,8
2018-04-10,2,0.0%,2,0%,506,0.0%,100.0%,4554000,4554000 ( 100.0% ),506,506 ( 100.0% ),190520600,22294,14
2018-04-12,542,9.4%,2422,13.4%,389659,13.4%,9.2%,288307000,288307000 ( 100.0% ),35950,35950 ( 100.0% ),478827600,58244,3
2018-04-13,589,9.7%,2568,13.6%,411160,13.6%,11.8%,426585487,138278487 ( 48.0% ),48722,12772 ( 35.5% ),905413087,106966,2
2018-04-14,677,10.3%,2863,14.2%,457809,14.3%,19.3%,791396977,364811490 ( 85.5% ),88480,39758 ( 81.6% ),1696810064,195446,2
2018-04-15,659,10.1%,2731,14%,437697,14.1%,16.0%,630431600,-160965377 ( -20.3% ),70250,-18230 ( -20.6% ),2327241664,265696,2
2018-04-16,553,10.0%,2400,13.8%,392723,13.9%,6.4%,204679700,-425751900 ( -67.5% ),25204,-45046 ( -64.1% ),2531921364,290900,3
2018-04-17,560,9.9%,2360,13.7%,384680,13.7%,5.8%,179750700,-24929000 ( -12.2% ),22294,-2910 ( -11.5% ),2711672064,313194,3
2018-04-18,553,9.8%,2293,13.3%,372530,13.3%,6.0%,181827000,2076300 ( 1.2% ),22451,157 ( 0.7% ),2893499064,335645,3
2018-04-19,457,7.4%,1588,9.3%,263850,9.5%,6.1%,134169300,-47657700 ( -26.2% ),16085,-6366 ( -28.4% ),3027668364,351730,4
2018-04-20,471,7.4%,1654,9.3%,273622,9.5%,8.9%,219241991,85072691 ( 63.4% ),24396,8311 ( 51.7% ),3246910355,376126,2
2018-04-21,513,7.3%,1796,9.3%,287107,9.3%,15.8%,414776072,195534081 ( 89.2% ),45273,20877 ( 85.6% ),3661686427,421399,2
2018-04-22,515,7.4%,1760,9.4%,280758,9.3%,13.9%,363807700,-50968372 ( -12.3% ),39103,-6170 ( -13.6% ),4025494127,460502,3
2018-04-23,464,7.7%,1613,9.6%,265325,9.7%,4.9%,109020700,-254787000 ( -70.0% ),13131,-25972 ( -66.4% ),4134514827,473633,5
2018-04-24,478,7.8%,1568,9.6%,256717,9.6%,4.6%,97671900,-11348800 ( -10.4% ),11854,-1277 ( -9.7% ),4232186727,485487,5
2018-04-25,147,2.8%,207,1.3%,26691,1.1%,10.7%,19009600,-78662300 ( -80.5% ),2869,-8985 ( -75.8% ),4251196327,488356,6
2018-04-26,151,3.0%,215,1.4%,29315,1.2%,9.0%,21979600,2970000 ( 15.6% ),2639,-230 ( -8.0% ),4273175927,490995,5
2018-04-27,139,2.8%,201,1.2%,26584,1.0%,13.0%,31458154,9478554 ( 43.1% ),3467,828 ( 31.4% ),4304634081,494462,5
2018-04-28,133,2.6%,180,1.1%,23317,0.9%,20.4%,42497868,11039714 ( 35.1% ),4766,1299 ( 37.5% ),4347131949,499228,6
2018-04-29,117,2.3%,165,1%,21622,0.8%,16.9%,32289300,-10208568 ( -24.0% ),3647,-1119 ( -23.5% ),4379421249,502875,7
2018-04-30,127,2.6%,198,1.2%,26511,1.0%,11.0%,24098700,-8190600 ( -25.4% ),2928,-719 ( -19.7% ),4403519949,505803,6
2018-05-01,64,1.4%,85,0.5%,10866,0.4%,12.8%,10874600,-13224100 ( -54.9% ),1392,-1536 ( -52.5% ),4414394549,507195,9
2018-05-02,57,1.3%,75,0.5%,9730,0.4%,8.4%,6742000,-4132600 ( -38.0% ),821,-571 ( -41.0% ),4421136549,508016,10
2018-05-03,46,1.0%,68,0.4%,9596,0.4%,9.0%,7019100,277100 ( 4.1% ),862,41 ( 5.0% ),4428155649,508878,12
2018-05-04,55,1.1%,79,0.5%,10158,0.4%,13.6%,11646500,4627400 ( 65.9% ),1377,515 ( 59.7% ),4439802149,510255,13
2018-05-05,56,1.0%,82,0.4%,10790,0.4%,21.6%,21388300,9741800 ( 83.6% ),2327,950 ( 69.0% ),4461190449,512582,11
2018-05-06,70,1.3%,98,0.5%,13485,0.5%,21.7%,26442400,5054100 ( 23.6% ),2927,600 ( 25.8% ),4487632849,515509,12
2018-05-07,63,1.1%,104,0.6%,14354,0.5%,18.7%,24339000,-2103400 ( -8.0% ),2685,-242 ( -8.3% ),4511971849,518194,12
2018-05-08,62,1.3%,98,0.6%,12747,0.5%,6.6%,6932300,-17406700 ( -71.5% ),845,-1840 ( -68.5% ),4518904149,519039,13
2018-05-09,35,0.8%,61,0.4%,7834,0.3%,6.8%,4444000,-2488300 ( -35.9% ),529,-316 ( -37.4% ),4523348149,519568,10
2018-05-10,32,0.7%,49,0.3%,6198,0.2%,6.5%,3220400,-1223600 ( -27.5% ),403,-126 ( -23.8% ),4526568549,519971,15
2018-05-11,45,1.0%,62,0.4%,8340,0.3%,8.8%,6593800,3373400 ( 104.8% ),737,334 ( 82.9% ),4533162349,520708,13
2018-05-12,47,0.9%,75,0.4%,10288,0.4%,17.7%,16943300,10349500 ( 157.0% ),1820,1083 ( 146.9% ),4550105649,522528,13
2018-05-13,47,0.9%,74,0.4%,10055,0.4%,13.6%,12521800,-4421500 ( -26.1% ),1363,-457 ( -25.1% ),4562627449,523891,14
2018-05-14,39,0.9%,58,0.4%,8710,0.4%,4.3%,3144600,-9377200 ( -74.9% ),373,-990 ( -72.6% ),4565772049,524264,18
2018-05-15,43,1.0%,61,0.4%,9214,0.4%,5.7%,4297200,1152600 ( 36.7% ),529,156 ( 41.8% ),4570069249,524793,16
2018-05-16,22,0.4%,27,0.2%,3948,0.2%,4.0%,1338800,-2958400 ( -68.8% ),158,-371 ( -70.1% ),4571408049,524951,28
2018-05-17,9,0.2%,10,0.1%,1566,0.1%,2.7%,310800,-1028000 ( -76.8% ),42,-116 ( -73.4% ),4571718849,524993,50
2018-05-18,14,0.3%,17,0.1%,2560,0.1%,6.8%,1449300,1138500 ( 366.3% ),175,133 ( 316.7% ),4573168149,525168,35
2018-05-19,12,0.2%,15,0.1%,1792,0.1%,15.5%,2527000,1077700 ( 74.4% ),277,102 ( 58.3% ),4575695149,525445,26
2018-05-20,12,0.2%,14,0.1%,1920,0.1%,12.4%,2005000,-522000 ( -20.7% ),238,-39 ( -14.1% ),4577700149,525683,26
2018-05-21,13,0.2%,17,0.1%,2412,0.1%,12.0%,2361200,356200 ( 17.8% ),290,52 ( 21.8% ),4580061349,525973,24
2018-05-22,3,0.1%,3,0%,502,0.0%,7.8%,316000,-2045200 ( -86.6% ),39,-251 ( -86.6% ),4580377349,526012,55
2018-05-23,2,0.0%,2,0%,262,0.0%,8.0%,177000,-139000 ( -44.0% ),21,-18 ( -46.2% ),4580554349,526033,62
2018-05-25,1,0.0%,1,0%,124,0.0%,1.6%,16000,16000 ( 100.0% ),2,2 ( 100.0% ),4580570349,526035,88
2018-05-26,2,0.0%,2,0%,365,0.0%,4.1%,114000,98000 ( 612.5% ),15,13 ( 650.0% ),4580684349,526050,79
2018-05-27,1,0.0%,1,0%,96,0.0%,4.2%,40000,-74000 ( -64.9% ),4,-11 ( -73.3% ),4580724349,526054,79
2018-05-28,2,0.0%,2,0%,228,0.0%,6.6%,132000,92000 ( 230.0% ),15,11 ( 275.0% ),4580856349,526069,60
2018-05-29,1,0.0%,1,0%,132,0.0%,3.0%,33500,-98500 ( -74.6% ),4,-11 ( -73.3% ),4580889849,526073,78
