날짜,스크린수,스크린점유율,상영횟수,상영점유율,좌석수,좌석점유율,좌석판매율,매출액,매출액증감(전일대비),관객수,관객수증감(전일대비),누적매출액,누적관객수,순위
2017-09-19,3,0.1%,4,0%,1533,0.1%,92.4%,10711000,10711000 ( 100.0% ),1416,1416 ( 100.0% ),10711000,1416,14
2017-09-20,3,0.1%,3,0%,1159,0.0%,98.4%,9128000,-1583000 ( -14.8% ),1141,-275 ( -19.4% ),19839000,2557,15
2017-09-21,3,0.1%,5,0%,2078,0.1%,97.2%,15724000,6596000 ( 72.3% ),2019,878 ( 77.0% ),35563000,4576,11
2017-09-23,1,0.0%,1,0%,186,0.0%,100.0%,1488000,1488000 ( 100.0% ),186,186 ( 100.0% ),37051000,4762,57
2017-09-26,3,0.1%,3,0%,981,0.0%,99.2%,12501000,12501000 ( 100.0% ),973,973 ( 100.0% ),49552000,5735,19
2017-09-27,1687,31.5%,7621,47.6%,1429207,55.1%,33.7%,3056786300,3044285300 ( 24352.3% ),481948,480975 ( 49432.2% ),3106338300,487683,1
2017-09-28,1582,30.1%,7626,47.4%,1432689,54.8%,19.4%,2166554100,-890232200 ( -29.1% ),278537,-203411 ( -42.2% ),5272892400,766220,1
2017-09-29,1594,30.1%,7905,47.4%,1478563,54.9%,23.4%,2979805876,813251776 ( 37.5% ),345663,67126 ( 24.1% ),8252698276,1111883,1
2017-09-30,1677,29.3%,8543,46.9%,1587453,54.6%,39.0%,5286736020,2306930144 ( 77.4% ),618884,273221 ( 79.0% ),13539434296,1730767,1
2017-10-01,1678,29.4%,8530,47%,1587876,54.6%,39.0%,5369227400,82491380 ( 1.6% ),619904,1020 ( 0.2% ),18908661696,2350671,1
2017-10-02,1661,28.9%,8436,46.4%,1567862,53.9%,30.3%,3667209900,-1702017500 ( -31.7% ),475202,-144702 ( -23.3% ),22575871596,2825873,1
2017-10-03,1015,17.2%,4636,25.1%,822888,27.9%,33.0%,2389982500,-1277227400 ( -34.8% ),271178,-204024 ( -42.9% ),24965854096,3097051,2
2017-10-04,995,16.9%,4426,24.2%,781158,26.7%,36.0%,2508907600,118925100 ( 5.0% ),280831,9653 ( 3.6% ),27474761696,3377882,2
2017-10-05,945,15.5%,4011,21.5%,700108,23.5%,43.8%,2702210100,193302500 ( 7.7% ),306471,25640 ( 9.1% ),30176971796,3684353,2
2017-10-06,910,14.3%,3707,19.8%,643283,21.5%,44.5%,2514100067,-188110033 ( -7.0% ),286426,-20045 ( -6.5% ),32691071863,3970779,3
2017-10-07,878,13.7%,3361,17.9%,571556,19.1%,39.7%,1989296819,-524803248 ( -20.9% ),227000,-59426 ( -20.7% ),34680368682,4197779,3
2017-10-08,857,13.2%,3199,17.1%,539732,18.0%,37.7%,1795106500,-194190319 ( -9.8% ),203249,-23751 ( -10.5% ),36475475182,4401028,3
2017-10-09,793,13.0%,2985,16.6%,492508,17.1%,28.9%,1243415800,-551690700 ( -30.7% ),142491,-60758 ( -29.9% ),37718890982,4543519,3
2017-10-10,725,15.5%,2918,18.5%,501109,19.4%,9.1%,352722200,-890693600 ( -71.6% ),45508,-96983 ( -68.1% ),38071613182,4589027,3
2017-10-11,700,15.1%,2880,18.2%,499399,19.4%,8.4%,327388000,-25334200 ( -7.2% ),42007,-3501 ( -7.7% ),38399001182,4631034,3
2017-10-12,505,9.9%,1626,9.7%,239984,8.7%,11.7%,212499900,-114888100 ( -35.1% ),27998,-14009 ( -33.3% ),38611501082,4659032,5
2017-10-13,525,10.0%,1638,9.7%,238355,8.6%,15.1%,306182808,93682908 ( 44.1% ),35902,7904 ( 28.2% ),38917683890,4694934,5
2017-10-14,543,9.4%,1642,9.1%,228641,7.9%,27.9%,549454546,243271738 ( 79.5% ),63696,27794 ( 77.4% ),39467138436,4758630,5
2017-10-15,529,9.3%,1614,9.2%,227065,8.0%,23.1%,453251700,-96202846 ( -17.5% ),52430,-11266 ( -17.7% ),39920390136,4811060,5
2017-10-16,510,10.4%,1615,10.2%,245275,9.5%,8.7%,162345500,-290906200 ( -64.2% ),21345,-31085 ( -59.3% ),40082735636,4832405,3
2017-10-17,514,10.1%,1603,10.1%,243730,9.4%,7.7%,141347000,-20998500 ( -12.9% ),18669,-2676 ( -12.5% ),40224082636,4851074,4
2017-10-18,510,10.0%,1577,9.9%,240980,9.3%,7.4%,135505500,-5841500 ( -4.1% ),17952,-717 ( -3.8% ),40359588136,4869026,4
2017-10-19,302,5.2%,553,3.3%,80181,2.9%,10.7%,64536100,-70969400 ( -52.4% ),8586,-9366 ( -52.2% ),40424124236,4877612,5
2017-10-20,310,5.1%,558,3.2%,80315,2.8%,13.5%,91908600,27372500 ( 42.4% ),10829,2243 ( 26.1% ),40516032836,4888441,5
2017-10-21,311,4.8%,570,3.1%,77728,2.6%,23.6%,158682100,66773500 ( 72.7% ),18355,7526 ( 69.5% ),40674714936,4906796,5
2017-10-22,309,4.9%,542,3%,73706,2.5%,20.7%,131762500,-26919600 ( -17.0% ),15283,-3072 ( -16.7% ),40806477436,4922079,5
2017-10-23,297,5.4%,565,3.4%,80918,3.0%,8.8%,53480900,-78281600 ( -59.4% ),7090,-8193 ( -53.6% ),40859958336,4929169,5
2017-10-24,297,5.2%,564,3.4%,81871,3.0%,8.8%,54327400,846500 ( 1.6% ),7164,74 ( 1.0% ),40914285736,4936333,5
2017-10-25,28,0.5%,35,0.2%,5029,0.2%,14.9%,5335500,-48991900 ( -90.2% ),749,-6415 ( -89.5% ),40919621236,4937082,19
2017-10-26,25,0.5%,30,0.2%,4222,0.2%,12.5%,4065000,-1270500 ( -23.8% ),529,-220 ( -29.4% ),40923686236,4937611,24
2017-10-27,29,0.5%,35,0.2%,5062,0.2%,19.3%,8413000,4348000 ( 107.0% ),977,448 ( 84.7% ),40932099236,4938588,14
2017-10-28,20,0.4%,26,0.1%,3995,0.1%,24.3%,8687000,274000 ( 3.3% ),972,-5 ( -0.5% ),40940786236,4939560,21
2017-10-29,22,0.4%,31,0.2%,4692,0.2%,18.8%,7724000,-963000 ( -11.1% ),884,-88 ( -9.1% ),40948510236,4940444,20
2017-10-30,28,0.6%,39,0.2%,6053,0.2%,10.2%,4757000,-2967000 ( -38.4% ),616,-268 ( -30.3% ),40953267236,4941060,17
2017-10-31,25,0.5%,35,0.2%,5749,0.2%,11.5%,5104500,347500 ( 7.3% ),659,43 ( 7.0% ),40958371736,4941719,21
2017-11-01,25,0.5%,41,0.3%,6993,0.3%,7.4%,3951500,-1153000 ( -22.6% ),519,-140 ( -21.2% ),40962323236,4942238,24
2017-11-02,11,0.2%,11,0.1%,1571,0.1%,8.7%,1065000,-2886500 ( -73.0% ),136,-383 ( -73.8% ),40963388236,4942374,53
2017-11-03,9,0.2%,9,0.1%,1105,0.0%,10.7%,956500,-108500 ( -10.2% ),118,-18 ( -13.2% ),40964344736,4942492,51
2017-11-04,7,0.1%,7,0%,901,0.0%,16.3%,1199000,242500 ( 25.4% ),147,29 ( 24.6% ),40965543736,4942639,55
2017-11-05,8,0.1%,8,0%,997,0.0%,17.0%,1407000,208000 ( 17.3% ),169,22 ( 15.0% ),40966950736,4942808,44
2017-11-06,8,0.2%,9,0.1%,1107,0.0%,10.8%,952000,-455000 ( -32.3% ),120,-49 ( -29.0% ),40967902736,4942928,45
2017-11-07,9,0.2%,10,0.1%,1207,0.0%,9.4%,881000,-71000 ( -7.5% ),113,-7 ( -5.8% ),40968783736,4943041,49
2017-11-08,8,0.2%,8,0%,993,0.0%,10.8%,854000,-27000 ( -3.1% ),107,-6 ( -5.3% ),40969637736,4943148,54
2017-11-09,6,0.1%,6,0%,735,0.0%,9.4%,541000,-313000 ( -36.7% ),69,-38 ( -35.5% ),40970178736,4943217,64
2017-11-10,6,0.1%,6,0%,735,0.0%,9.5%,558000,17000 ( 3.1% ),70,1 ( 1.4% ),40970736736,4943287,56
2017-11-11,5,0.1%,6,0%,707,0.0%,15.6%,894000,336000 ( 60.2% ),110,40 ( 57.1% ),40971630736,4943397,53
2017-11-12,6,0.1%,6,0%,735,0.0%,17.1%,1040500,146500 ( 16.4% ),126,16 ( 14.5% ),40972671236,4943523,48
2017-11-13,6,0.1%,6,0%,735,0.0%,9.7%,570000,-470500 ( -45.2% ),71,-55 ( -43.7% ),40973241236,4943594,57
2017-11-14,5,0.1%,5,0%,631,0.0%,11.4%,580000,10000 ( 1.8% ),72,1 ( 1.4% ),40973821236,4943666,59
2017-11-15,5,0.1%,5,0%,631,0.0%,9.8%,480000,-100000 ( -17.2% ),62,-10 ( -13.9% ),40974301236,4943728,68
2017-11-16,6,0.1%,6,0%,833,0.0%,11.9%,790000,310000 ( 64.6% ),99,37 ( 59.7% ),40975091236,4943827,65
2017-11-17,6,0.1%,6,0%,833,0.0%,12.6%,848000,58000 ( 7.3% ),105,6 ( 6.1% ),40975939236,4943932,55
2017-11-18,6,0.1%,6,0%,833,0.0%,15.6%,1039500,191500 ( 22.6% ),130,25 ( 23.8% ),40976978736,4944062,61
2017-11-19,6,0.1%,6,0%,833,0.0%,15.7%,1050000,10500 ( 1.0% ),131,1 ( 0.8% ),40978028736,4944193,51
2017-11-20,6,0.1%,6,0%,833,0.0%,11.4%,749000,-301000 ( -28.7% ),95,-36 ( -27.5% ),40978777736,4944288,48
2017-11-21,6,0.1%,6,0%,833,0.0%,11.0%,719000,-30000 ( -4.0% ),92,-3 ( -3.2% ),40979496736,4944380,65
2017-11-22,6,0.1%,6,0%,833,0.0%,11.5%,757000,38000 ( 5.3% ),96,4 ( 4.3% ),40980253736,4944476,58
2017-11-23,5,0.1%,5,0%,757,0.0%,11.9%,700000,-57000 ( -7.5% ),90,-6 ( -6.3% ),40980953736,4944566,61
2017-11-24,6,0.1%,6,0%,833,0.0%,11.3%,734000,34000 ( 4.9% ),94,4 ( 4.4% ),40981687736,4944660,56
2017-11-25,5,0.1%,5,0%,757,0.0%,15.9%,940000,206000 ( 28.1% ),120,26 ( 27.7% ),40982627736,4944780,57
2017-11-26,5,0.1%,5,0%,757,0.0%,15.9%,940000,0 ( 0.0% ),120,0 ( 0.0% ),40983567736,4944900,53
2017-11-27,6,0.1%,6,0%,833,0.0%,11.6%,770000,-170000 ( -18.1% ),97,-23 ( -19.2% ),40984337736,4944997,47
2017-11-28,6,0.1%,6,0%,833,0.0%,11.2%,727000,-43000 ( -5.6% ),93,-4 ( -4.1% ),40985064736,4945090,67
2017-11-29,5,0.1%,5,0%,757,0.0%,11.9%,700000,-27000 ( -3.7% ),90,-3 ( -3.2% ),40985764736,4945180,60
2017-12-02,1,0.0%,1,0%,304,0.0%,100.0%,1720000,1720000 ( 100.0% ),304,304 ( 100.0% ),40987484736,4945484,37
