날짜,스크린수,스크린점유율,상영횟수,상영점유율,좌석수,좌석점유율,좌석판매율,매출액,매출액증감(전일대비),관객수,관객수증감(전일대비),누적매출액,누적관객수,순위
2018-08-23,1,0.0%,1,0%,129,0.0%,54.3%,330000,330000 ( 100.0% ),70,70 ( 100.0% ),330000,70,50
2018-08-24,1,0.0%,1,0%,824,0.0%,7.2%,414000,84000 ( 25.5% ),59,-11 ( -15.7% ),744000,129,59
2018-08-26,1,0.0%,1,0%,187,0.0%,74.3%,690000,690000 ( 100.0% ),139,139 ( 100.0% ),1434000,268,40
2018-09-01,1,0.0%,1,0%,212,0.0%,57.5%,752000,752000 ( 100.0% ),122,122 ( 100.0% ),2186000,390,41
2018-09-02,1,0.0%,1,0%,212,0.0%,52.4%,693000,-59000 ( -7.8% ),111,-11 ( -9.0% ),2879000,501,43
2018-09-06,2,0.0%,2,0%,382,0.0%,55.2%,1735000,1735000 ( 100.0% ),211,211 ( 100.0% ),4614000,712,28
2018-09-09,1,0.0%,1,0%,212,0.0%,41.0%,560000,560000 ( 100.0% ),87,87 ( 100.0% ),5174000,799,47
2018-09-10,1,0.0%,1,0%,212,0.0%,13.2%,140000,-420000 ( -75.0% ),28,-59 ( -67.8% ),5314000,827,60
2018-09-13,26,0.5%,40,0.2%,3931,0.1%,25.1%,6845700,6845700 ( 100.0% ),987,987 ( 100.0% ),12159700,1814,17
2018-09-14,23,0.4%,41,0.2%,4496,0.1%,20.2%,6976500,130800 ( 1.9% ),909,-78 ( -7.9% ),19136200,2723,15
2018-09-15,28,0.5%,48,0.2%,4890,0.2%,28.3%,13173100,6196600 ( 88.8% ),1385,476 ( 52.4% ),32309300,4108,14
2018-09-16,26,0.5%,45,0.2%,4897,0.2%,30.3%,11856100,-1317000 ( -10.0% ),1485,100 ( 7.2% ),44165400,5593,15
2018-09-17,20,0.4%,40,0.2%,4488,0.2%,22.8%,7598700,-4257400 ( -35.9% ),1023,-462 ( -31.1% ),51764100,6616,15
2018-09-18,25,0.5%,50,0.3%,5269,0.2%,19.8%,7752550,153850 ( 2.0% ),1041,18 ( 1.8% ),59516650,7657,15
2018-09-19,21,0.4%,40,0.2%,3662,0.1%,20.5%,5525200,-2227350 ( -28.7% ),752,-289 ( -27.8% ),65041850,8409,10
2018-09-20,25,0.4%,35,0.2%,4455,0.2%,22.2%,6941100,1415900 ( 25.6% ),990,238 ( 31.6% ),71982950,9399,13
2018-09-21,24,0.4%,34,0.2%,4377,0.1%,22.4%,7945450,1004350 ( 14.5% ),980,-10 ( -1.0% ),79928400,10379,12
2018-09-22,34,0.5%,49,0.2%,5638,0.2%,28.3%,13353800,5408350 ( 68.1% ),1597,617 ( 63.0% ),93282200,11976,12
2018-09-23,28,0.4%,44,0.2%,5449,0.2%,19.1%,8840600,-4513200 ( -33.8% ),1040,-557 ( -34.9% ),102122800,13016,14
2018-09-24,28,0.5%,38,0.2%,3519,0.1%,27.9%,8858900,18300 ( 0.2% ),982,-58 ( -5.6% ),110981700,13998,13
2018-09-25,33,0.5%,50,0.2%,5798,0.2%,35.9%,17526800,8667900 ( 97.8% ),2084,1102 ( 112.2% ),128508500,16082,12
2018-09-26,38,0.6%,55,0.3%,6280,0.2%,38.4%,18657900,1131100 ( 6.5% ),2409,325 ( 15.6% ),147166400,18491,13
2018-09-27,30,0.6%,42,0.2%,4574,0.2%,23.9%,8115500,-10542400 ( -56.5% ),1094,-1315 ( -54.6% ),155281900,19585,11
2018-09-28,32,0.6%,48,0.3%,6165,0.2%,17.7%,8986300,870800 ( 10.7% ),1093,-1 ( -0.1% ),164268200,20678,12
2018-09-29,30,0.5%,51,0.3%,5850,0.2%,24.4%,12065850,3079550 ( 34.3% ),1429,336 ( 30.7% ),176334050,22107,13
2018-09-30,36,0.6%,55,0.3%,5982,0.2%,26.2%,12978400,912550 ( 7.6% ),1568,139 ( 9.7% ),189312450,23675,13
2018-10-01,25,0.5%,45,0.3%,5257,0.2%,14.5%,5728400,-7250000 ( -55.9% ),761,-807 ( -51.5% ),195040850,24436,10
2018-10-02,33,0.7%,57,0.3%,6720,0.2%,15.1%,7329500,1601100 ( 28.0% ),1015,254 ( 33.4% ),202370350,25451,15
2018-10-03,36,0.6%,56,0.3%,6452,0.2%,28.5%,14965750,7636250 ( 104.2% ),1840,825 ( 81.3% ),217336100,27291,14
2018-10-04,33,0.7%,44,0.2%,5176,0.2%,12.9%,4970100,-9995650 ( -66.8% ),670,-1170 ( -63.6% ),222306200,27961,13
2018-10-05,32,0.6%,45,0.2%,5689,0.2%,13.6%,6296100,1326000 ( 26.7% ),776,106 ( 15.8% ),228602300,28737,12
2018-10-06,35,0.6%,47,0.2%,5888,0.2%,22.0%,10675400,4379300 ( 69.6% ),1295,519 ( 66.9% ),239277700,30032,13
2018-10-07,35,0.6%,47,0.2%,5656,0.2%,20.4%,10025000,-650400 ( -6.1% ),1156,-139 ( -10.7% ),249302700,31188,14
2018-10-08,33,0.6%,47,0.2%,5573,0.2%,13.9%,6068300,-3956700 ( -39.5% ),776,-380 ( -32.9% ),255371000,31964,15
2018-10-09,35,0.6%,52,0.3%,6152,0.2%,23.5%,12251150,6182850 ( 101.9% ),1445,669 ( 86.2% ),267622150,33409,12
2018-10-10,33,0.7%,45,0.3%,5180,0.2%,12.4%,4651200,-7599950 ( -62.0% ),643,-802 ( -55.5% ),272273350,34052,14
2018-10-11,26,0.5%,31,0.2%,3430,0.1%,14.5%,3611100,-1040100 ( -22.4% ),497,-146 ( -22.7% ),275884450,34549,19
2018-10-12,25,0.4%,30,0.2%,3607,0.1%,11.6%,3677200,66100 ( 1.8% ),419,-78 ( -15.7% ),279561650,34968,20
2018-10-13,30,0.5%,40,0.2%,4369,0.1%,14.9%,5619200,1942000 ( 52.8% ),653,234 ( 55.8% ),285180850,35621,19
2018-10-14,32,0.5%,40,0.2%,4474,0.1%,14.7%,5706400,87200 ( 1.6% ),659,6 ( 0.9% ),290887250,36280,19
2018-10-15,26,0.5%,35,0.2%,4456,0.2%,8.2%,2769100,-2937300 ( -51.5% ),367,-292 ( -44.3% ),293656350,36647,19
2018-10-16,27,0.5%,37,0.2%,4295,0.2%,12.1%,3587600,818500 ( 29.6% ),519,152 ( 41.4% ),297243950,37166,18
2018-10-17,30,0.6%,40,0.2%,4444,0.2%,12.9%,4084900,497300 ( 13.9% ),572,53 ( 10.2% ),301328850,37738,20
2018-10-18,21,0.4%,25,0.1%,2599,0.1%,11.0%,2142800,-1942100 ( -47.5% ),287,-285 ( -49.8% ),303471650,38025,27
2018-10-19,23,0.4%,26,0.1%,4080,0.1%,10.0%,3106500,963700 ( 45.0% ),408,121 ( 42.2% ),306578150,38433,21
2018-10-20,22,0.3%,26,0.1%,3208,0.1%,14.6%,3745600,639100 ( 20.6% ),467,59 ( 14.5% ),310323750,38900,23
2018-10-21,23,0.4%,25,0.1%,3399,0.1%,16.5%,4600300,854700 ( 22.8% ),560,93 ( 19.9% ),314924050,39460,20
2018-10-22,18,0.3%,26,0.2%,3004,0.1%,11.6%,2698800,-1901500 ( -41.3% ),349,-211 ( -37.7% ),317622850,39809,22
2018-10-23,19,0.3%,25,0.2%,2896,0.1%,10.7%,2155600,-543200 ( -20.1% ),311,-38 ( -10.9% ),319778450,40120,25
2018-10-24,18,0.3%,25,0.2%,3171,0.1%,12.7%,3018300,862700 ( 40.0% ),403,92 ( 29.6% ),322796750,40523,21
2018-10-25,6,0.1%,6,0%,1418,0.1%,8.5%,953000,-2065300 ( -68.4% ),120,-283 ( -70.2% ),323749750,40643,41
2018-10-26,9,0.2%,9,0.1%,1875,0.1%,10.2%,1324000,371000 ( 38.9% ),192,72 ( 60.0% ),325073750,40835,32
2018-10-27,7,0.1%,7,0%,697,0.0%,23.1%,1352500,28500 ( 2.2% ),161,-31 ( -16.1% ),326426250,40996,34
2018-10-28,9,0.2%,10,0.1%,1209,0.0%,29.9%,2549000,1196500 ( 88.5% ),362,201 ( 124.8% ),328975250,41358,29
2018-10-29,14,0.3%,15,0.1%,2267,0.1%,10.2%,1543000,-1006000 ( -39.5% ),232,-130 ( -35.9% ),330518250,41590,30
2018-10-30,17,0.3%,18,0.1%,2274,0.1%,14.6%,2260500,717500 ( 46.5% ),333,101 ( 43.5% ),332778750,41923,31
2018-10-31,15,0.3%,16,0.1%,2307,0.1%,12.7%,2086000,-174500 ( -7.7% ),294,-39 ( -11.7% ),334864750,42217,32
2018-11-01,16,0.3%,16,0.1%,2223,0.1%,10.5%,1761500,-324500 ( -15.6% ),234,-60 ( -20.4% ),336626250,42451,35
2018-11-02,13,0.2%,13,0.1%,1823,0.1%,10.1%,1478500,-283000 ( -16.1% ),184,-50 ( -21.4% ),338104750,42635,31
2018-11-03,14,0.2%,16,0.1%,1493,0.0%,20.4%,2534000,1055500 ( 71.4% ),304,120 ( 65.2% ),340638750,42939,25
2018-11-04,14,0.2%,15,0.1%,2256,0.1%,11.7%,2189400,-344600 ( -13.6% ),265,-39 ( -12.8% ),342828150,43204,24
2018-11-05,15,0.3%,22,0.1%,2761,0.1%,6.4%,1321000,-868400 ( -39.7% ),177,-88 ( -33.2% ),344149150,43381,26
2018-11-06,19,0.3%,28,0.2%,3369,0.1%,6.6%,1695500,374500 ( 28.3% ),221,44 ( 24.9% ),345844650,43602,25
2018-11-07,17,0.3%,22,0.1%,2853,0.1%,7.6%,1656500,-39000 ( -2.3% ),216,-5 ( -2.3% ),347501150,43818,31
2018-11-08,8,0.1%,8,0%,1530,0.1%,9.5%,1034500,-622000 ( -37.5% ),146,-70 ( -32.4% ),348535650,43964,48
2018-11-09,7,0.1%,7,0%,1288,0.0%,8.3%,904000,-130500 ( -12.6% ),107,-39 ( -26.7% ),349439650,44071,48
2018-11-10,6,0.1%,6,0%,1267,0.0%,8.2%,864000,-40000 ( -4.4% ),104,-3 ( -2.8% ),350303650,44175,54
2018-11-11,9,0.1%,9,0%,1495,0.1%,9.9%,1328000,464000 ( 53.7% ),148,44 ( 42.3% ),351631650,44323,42
2018-11-12,6,0.1%,6,0%,1316,0.0%,4.3%,450000,-878000 ( -66.1% ),57,-91 ( -61.5% ),352081650,44380,49
2018-11-13,7,0.1%,7,0%,1349,0.1%,7.5%,781000,331000 ( 73.6% ),101,44 ( 77.2% ),352862650,44481,51
2018-11-14,5,0.1%,5,0%,713,0.0%,11.1%,597000,-184000 ( -23.6% ),79,-22 ( -21.8% ),353459650,44560,56
2018-11-15,7,0.1%,7,0%,1495,0.1%,6.6%,762500,165500 ( 27.7% ),98,19 ( 24.1% ),354222150,44658,46
2018-11-16,7,0.1%,8,0%,1043,0.0%,10.3%,924000,161500 ( 21.2% ),107,9 ( 9.2% ),355146150,44765,32
2018-11-17,7,0.1%,7,0%,963,0.0%,12.3%,936000,12000 ( 1.3% ),118,11 ( 10.3% ),356082150,44883,41
2018-11-18,9,0.1%,9,0.1%,1062,0.0%,15.8%,1374000,438000 ( 46.8% ),168,50 ( 42.4% ),357456150,45051,32
2018-11-19,6,0.1%,7,0%,831,0.0%,4.6%,315000,-1059000 ( -77.1% ),38,-130 ( -77.4% ),357771150,45089,59
2018-11-20,8,0.1%,8,0%,1707,0.1%,4.9%,607000,292000 ( 92.7% ),84,46 ( 121.1% ),358378150,45173,51
2018-11-21,9,0.2%,9,0.1%,1758,0.1%,10.0%,1372500,765500 ( 126.1% ),175,91 ( 108.3% ),359750650,45348,36
2018-11-22,1,0.0%,1,0%,94,0.0%,13.8%,90000,-1282500 ( -93.4% ),13,-162 ( -92.6% ),359840650,45361,86
2018-11-23,2,0.0%,2,0%,166,0.0%,36.7%,502000,412000 ( 457.8% ),61,48 ( 369.2% ),360342650,45422,52
2018-11-24,2,0.0%,2,0%,144,0.0%,22.2%,267000,-235000 ( -46.8% ),32,-29 ( -47.5% ),360609650,45454,85
2018-11-25,2,0.0%,2,0%,152,0.0%,40.8%,560000,293000 ( 109.7% ),62,30 ( 93.8% ),361169650,45516,56
2018-11-26,1,0.0%,1,0%,94,0.0%,11.7%,75000,-485000 ( -86.6% ),11,-51 ( -82.3% ),361244650,45527,87
2018-11-27,1,0.0%,1,0%,94,0.0%,26.6%,199000,124000 ( 165.3% ),25,14 ( 127.3% ),361443650,45552,85
2018-11-28,3,0.1%,3,0%,222,0.0%,13.5%,189200,-9800 ( -4.9% ),30,5 ( 20.0% ),361632850,45582,78
2018-12-02,2,0.0%,2,0%,264,0.0%,16.7%,303000,303000 ( 100.0% ),44,44 ( 100.0% ),361935850,45626,68
2018-12-07,1,0.0%,1,0%,52,0.0%,28.8%,135000,135000 ( 100.0% ),15,15 ( 100.0% ),362070850,45641,83
2018-12-09,1,0.0%,1,0%,212,0.0%,5.2%,69000,69000 ( 100.0% ),11,11 ( 100.0% ),362139850,45652,93
2018-12-10,2,0.0%,2,0%,864,0.0%,4.1%,292000,223000 ( 323.2% ),35,24 ( 218.2% ),362431850,45687,68
2018-12-12,1,0.0%,1,0%,40,0.0%,27.5%,96000,96000 ( 100.0% ),11,11 ( 100.0% ),362527850,45698,83
2018-12-13,3,0.0%,3,0%,916,0.0%,5.8%,336000,240000 ( 250.0% ),53,42 ( 381.8% ),362863850,45751,65
2018-12-16,1,0.0%,1,0%,50,0.0%,4.0%,12000,12000 ( 100.0% ),2,2 ( 100.0% ),362875850,45753,106
2018-12-17,2,0.0%,2,0%,90,0.0%,23.3%,171000,159000 ( 1325.0% ),21,19 ( 950.0% ),363046850,45774,70
2018-12-19,1,0.0%,1,0%,50,0.0%,26.0%,116000,116000 ( 100.0% ),13,13 ( 100.0% ),363162850,45787,79
2018-12-20,1,0.0%,1,0%,94,0.0%,100.0%,564000,448000 ( 386.2% ),94,81 ( 623.1% ),363726850,45881,51
2018-12-21,1,0.0%,1,0%,40,0.0%,72.5%,192000,-372000 ( -66.0% ),29,-65 ( -69.1% ),363918850,45910,68
2018-12-22,1,0.0%,1,0%,40,0.0%,52.5%,147000,-45000 ( -23.4% ),21,-8 ( -27.6% ),364065850,45931,75
2018-12-24,1,0.0%,1,0%,50,0.0%,22.0%,66000,66000 ( 100.0% ),11,11 ( 100.0% ),364131850,45942,69
2018-12-25,2,0.0%,2,0%,102,0.0%,11.8%,105000,39000 ( 59.1% ),12,1 ( 9.1% ),364236850,45954,76
2018-12-30,2,0.0%,2,0%,148,0.0%,52.7%,368000,368000 ( 100.0% ),78,78 ( 100.0% ),364604850,46032,44
2019-01-01,1,0.0%,1,0%,52,0.0%,7.7%,36000,36000 ( 100.0% ),4,4 ( 100.0% ),364640850,46036,70
2019-01-05,1,0.0%,1,0%,52,0.0%,13.5%,63000,63000 ( 100.0% ),7,7 ( 100.0% ),364703850,46043,69
2019-01-08,1,0.0%,1,0%,52,0.0%,9.6%,45000,45000 ( 100.0% ),5,5 ( 100.0% ),364748850,46048,79
2019-01-13,1,0.0%,1,0%,52,0.0%,17.3%,70000,70000 ( 100.0% ),9,9 ( 100.0% ),364818850,46057,70
2019-01-16,1,0.0%,1,0%,52,0.0%,40.4%,159000,159000 ( 100.0% ),21,21 ( 100.0% ),364977850,46078,72
2019-01-17,1,0.0%,1,0%,52,0.0%,3.8%,18000,-141000 ( -88.7% ),2,-19 ( -90.5% ),364995850,46080,88
2019-01-19,1,0.0%,1,0%,52,0.0%,55.8%,225000,225000 ( 100.0% ),29,29 ( 100.0% ),365220850,46109,63
2019-02-19,1,0.0%,1,0%,77,0.0%,2.6%,10000,10000 ( 100.0% ),2,2 ( 100.0% ),365230850,46111,77
2019-09-12,1,0.0%,1,0%,40,0.0%,5.0%,26000,26000 ( 100.0% ),2,2 ( 100.0% ),365256850,46113,82
2019-09-14,1,0.0%,1,0%,40,0.0%,20.0%,55000,55000 ( 100.0% ),8,8 ( 100.0% ),365311850,46121,80
2019-09-15,1,0.0%,1,0%,40,0.0%,20.0%,52000,-3000 ( -5.5% ),8,0 ( 0.0% ),365363850,46129,82
2019-09-17,1,0.0%,1,0%,40,0.0%,35.0%,115000,115000 ( 100.0% ),14,14 ( 100.0% ),365478850,46143,76
2019-09-18,1,0.0%,1,0%,40,0.0%,12.5%,30000,-85000 ( -73.9% ),5,-9 ( -64.3% ),365508850,46148,82
2019-09-19,1,0.0%,1,0%,40,0.0%,15.0%,48000,18000 ( 60.0% ),6,1 ( 20.0% ),365556850,46154,89
2019-09-20,1,0.0%,1,0%,40,0.0%,37.5%,117000,69000 ( 143.8% ),15,9 ( 150.0% ),365673850,46169,78
2019-09-21,1,0.0%,1,0%,40,0.0%,30.0%,81000,-36000 ( -30.8% ),12,-3 ( -20.0% ),365754850,46181,85
2019-09-22,1,0.0%,1,0%,40,0.0%,27.5%,77000,-4000 ( -4.9% ),11,-1 ( -8.3% ),365831850,46192,74
2019-09-25,1,0.0%,1,0%,40,0.0%,25.0%,61000,61000 ( 100.0% ),10,10 ( 100.0% ),365892850,46202,88
2019-10-04,1,0.0%,1,0%,40,0.0%,22.5%,61000,61000 ( 100.0% ),9,9 ( 100.0% ),365953850,46211,88
2019-10-08,1,0.0%,1,0%,40,0.0%,7.5%,27000,27000 ( 100.0% ),3,3 ( 100.0% ),365980850,46214,95
2019-10-09,1,0.0%,1,0%,40,0.0%,52.5%,196000,169000 ( 625.9% ),21,18 ( 600.0% ),366176850,46235,69
