날짜,스크린수,스크린점유율,상영횟수,상영점유율,좌석수,좌석점유율,좌석판매율,매출액,매출액증감(전일대비),관객수,관객수증감(전일대비),누적매출액,누적관객수,순위
2018-05-25,2,0.0%,2,0%,410,0.0%,62.4%,2536000,2536000 ( 100.0% ),256,256 ( 100.0% ),2536000,256,24
2018-05-30,4,0.1%,5,0%,1475,0.1%,85.2%,11304000,11304000 ( 100.0% ),1256,1256 ( 100.0% ),13840000,1512,14
2018-05-31,17,0.3%,17,0.1%,3322,0.1%,100.0%,29898000,18594000 ( 164.5% ),3322,2066 ( 164.5% ),43738000,4834,9
2018-06-05,9,0.2%,9,0.1%,1480,0.1%,98.0%,13059000,13059000 ( 100.0% ),1451,1451 ( 100.0% ),56797000,6285,12
2018-06-07,9,0.2%,9,0.1%,1908,0.1%,100.0%,16706000,16706000 ( 100.0% ),1908,1908 ( 100.0% ),73503000,8193,8
2018-06-09,5,0.1%,5,0%,1043,0.0%,99.5%,10380000,10380000 ( 100.0% ),1038,1038 ( 100.0% ),83883000,9231,12
2018-06-10,5,0.1%,5,0%,1119,0.0%,53.5%,5654000,-4726000 ( -45.5% ),599,-439 ( -42.3% ),89537000,9830,18
2018-06-11,17,0.4%,17,0.1%,3330,0.1%,100.0%,29264000,23610000 ( 417.6% ),3330,2731 ( 455.9% ),118801000,13160,6
2018-06-12,25,0.5%,25,0.1%,5051,0.2%,55.2%,28431300,-832700 ( -2.8% ),2787,-543 ( -16.3% ),147232300,15947,7
2018-06-13,971,18.9%,4887,26.1%,798523,27.1%,29.5%,2043182700,2014751400 ( 7086.4% ),235184,232397 ( 8338.6% ),2190415000,251131,2
2018-06-14,967,21.4%,4809,27.7%,777230,28.1%,11.9%,740120400,-1303062300 ( -63.8% ),92253,-142931 ( -60.8% ),2930535400,343384,1
2018-06-15,947,20.8%,4879,27.3%,788155,27.7%,16.1%,1119554026,379433626 ( 51.3% ),127030,34777 ( 37.7% ),4050089426,470414,1
2018-06-16,1033,19.9%,5044,26.5%,801392,26.7%,36.0%,2578455044,1458901018 ( 130.3% ),288726,161696 ( 127.3% ),6628544470,759140,2
2018-06-17,1041,20.2%,5023,27.1%,800654,27.4%,33.9%,2424745900,-153709144 ( -6.0% ),271180,-17546 ( -6.1% ),9053290370,1030320,1
2018-06-18,993,22.6%,4824,29.6%,764582,29.4%,9.7%,592291300,-1832454600 ( -75.6% ),73793,-197387 ( -72.8% ),9645581670,1104113,1
2018-06-19,1017,22.5%,5035,29.8%,799486,29.7%,11.9%,767553100,175261800 ( 29.6% ),95060,21267 ( 28.8% ),10413134770,1199173,1
2018-06-20,1003,22.6%,5085,29.9%,879044,32.3%,11.9%,840514500,72961400 ( 9.5% ),105042,9982 ( 10.5% ),11253649270,1304215,1
2018-06-21,975,18.0%,4716,27.8%,865754,31.8%,11.7%,821960100,-18554400 ( -2.2% ),101536,-3506 ( -3.3% ),12075609370,1405751,1
2018-06-22,1012,18.4%,5008,28.4%,926120,32.7%,14.2%,1174891948,352931848 ( 42.9% ),131759,30223 ( 29.8% ),13250501318,1537510,1
2018-06-23,1137,18.6%,5549,29.9%,1021040,34.8%,23.8%,2176275754,1001383806 ( 85.2% ),242646,110887 ( 84.2% ),15426777072,1780156,1
2018-06-24,1091,18.1%,5498,30%,1015650,34.8%,24.9%,2293442200,117166446 ( 5.4% ),252731,10085 ( 4.2% ),17720219272,2032887,1
2018-06-25,1011,19.2%,5002,30%,911241,33.9%,10.1%,745649600,-1547792600 ( -67.5% ),91676,-161055 ( -63.7% ),18465868872,2124563,1
2018-06-26,1031,19.0%,5024,29.9%,908991,33.7%,10.3%,745263300,-386300 ( -0.1% ),93252,1576 ( 1.7% ),19211132172,2217815,1
2018-06-27,854,15.4%,3481,20.8%,614863,23.1%,20.3%,746905700,1642400 ( 0.2% ),124510,31258 ( 33.5% ),19958037872,2342325,1
2018-06-28,834,15.4%,3617,21.2%,633480,23.2%,10.8%,549588200,-197317500 ( -26.4% ),68148,-56362 ( -45.3% ),20507626072,2410473,2
2018-06-29,880,15.9%,3896,21.9%,680260,24.0%,12.4%,745172079,195583879 ( 35.6% ),84356,16208 ( 23.8% ),21252798151,2494829,2
2018-06-30,932,15.5%,4268,22.7%,751997,25.3%,24.3%,1642686569,897514490 ( 120.4% ),182557,98201 ( 116.4% ),22895484720,2677386,2
2018-07-01,929,15.6%,4103,22.5%,720524,25.0%,21.2%,1379777900,-262908669 ( -16.0% ),152451,-30106 ( -16.5% ),24275262620,2829837,2
2018-07-02,837,16.1%,3780,22.4%,647764,24.0%,8.1%,421651000,-958126900 ( -69.4% ),52435,-100016 ( -65.6% ),24696913620,2882272,2
2018-07-03,844,15.6%,3730,22%,637481,23.5%,7.3%,371708300,-49942700 ( -11.8% ),46377,-6058 ( -11.6% ),25068621920,2928649,2
2018-07-04,459,9.4%,1124,6.3%,137994,4.8%,14.1%,155163400,-216544900 ( -58.3% ),19456,-26921 ( -58.0% ),25223785320,2948105,4
2018-07-05,455,9.1%,1093,6.1%,134253,4.7%,14.4%,150659900,-4503500 ( -2.9% ),19332,-124 ( -0.6% ),25374445220,2967437,4
2018-07-06,468,9.3%,1083,5.9%,130571,4.5%,18.0%,199572497,48912597 ( 32.5% ),23447,4115 ( 21.3% ),25574017717,2990884,4
2018-07-07,440,8.3%,904,4.7%,105896,3.5%,33.9%,311395961,111823464 ( 56.0% ),35849,12402 ( 52.9% ),25885413678,3026733,4
2018-07-08,448,8.5%,921,4.9%,108674,3.7%,31.5%,299522100,-11873861 ( -3.8% ),34251,-1598 ( -4.5% ),26184935778,3060984,4
2018-07-09,460,9.7%,1074,6.1%,129079,4.6%,11.2%,114299500,-185222600 ( -61.8% ),14402,-19849 ( -58.0% ),26299235278,3075386,4
2018-07-10,464,9.4%,1060,6%,127455,4.5%,12.1%,120873900,6574400 ( 5.8% ),15380,978 ( 6.8% ),26420109178,3090766,4
2018-07-11,276,5.9%,541,3%,64105,2.2%,12.0%,59017100,-61856800 ( -51.2% ),7697,-7683 ( -50.0% ),26479126278,3098463,5
2018-07-12,229,4.6%,432,2.4%,49956,1.7%,11.1%,42515100,-16502000 ( -28.0% ),5547,-2150 ( -27.9% ),26521641378,3104010,5
2018-07-13,214,4.2%,393,2.1%,45548,1.5%,13.6%,50674500,8159400 ( 19.2% ),6187,640 ( 11.5% ),26572315878,3110197,6
2018-07-14,198,3.6%,337,1.7%,38050,1.2%,29.9%,95919700,45245200 ( 89.3% ),11365,5178 ( 83.7% ),26668235578,3121562,6
2018-07-15,192,3.6%,337,1.8%,38616,1.3%,29.6%,97229700,1310000 ( 1.4% ),11424,59 ( 0.5% ),26765465278,3132986,6
2018-07-16,200,4.1%,362,2%,42128,1.5%,10.3%,33033500,-64196200 ( -66.0% ),4349,-7075 ( -61.9% ),26798498778,3137335,7
2018-07-17,212,4.2%,375,2.1%,43462,1.5%,10.9%,34272900,1239400 ( 3.8% ),4750,401 ( 9.2% ),26832771678,3142085,7
2018-07-18,46,0.9%,77,0.4%,9075,0.3%,14.6%,9414900,-24858000 ( -72.5% ),1324,-3426 ( -72.1% ),26842186578,3143409,14
2018-07-19,44,0.8%,70,0.4%,8581,0.3%,11.9%,6922300,-2492600 ( -26.5% ),1020,-304 ( -23.0% ),26849108878,3144429,17
2018-07-20,40,0.7%,69,0.4%,7641,0.3%,17.7%,10635200,3712900 ( 53.6% ),1349,329 ( 32.3% ),26859744078,3145778,18
2018-07-21,34,0.5%,51,0.3%,5565,0.2%,26.0%,12496700,1861500 ( 17.5% ),1445,96 ( 7.1% ),26872240778,3147223,18
2018-07-22,34,0.5%,49,0.3%,5657,0.2%,24.6%,12137200,-359500 ( -2.9% ),1390,-55 ( -3.8% ),26884377978,3148613,18
2018-07-23,39,0.7%,58,0.3%,6511,0.2%,11.1%,5306600,-6830600 ( -56.3% ),720,-670 ( -48.2% ),26889684578,3149333,18
2018-07-24,44,0.8%,60,0.3%,7074,0.3%,12.4%,6185100,878500 ( 16.6% ),880,160 ( 22.2% ),26895869678,3150213,20
2018-07-25,9,0.2%,9,0.1%,1008,0.0%,24.1%,1292000,-4893100 ( -79.1% ),243,-637 ( -72.4% ),26897161678,3150456,29
2018-07-26,7,0.1%,7,0%,1029,0.0%,26.7%,1375000,83000 ( 6.4% ),275,32 ( 13.2% ),26898536678,3150731,24
2018-07-27,7,0.1%,7,0%,954,0.0%,18.7%,896000,-479000 ( -34.8% ),178,-97 ( -35.3% ),26899432678,3150909,24
2018-07-28,5,0.1%,5,0%,789,0.0%,16.2%,640000,-256000 ( -28.6% ),128,-50 ( -28.1% ),26900072678,3151037,33
2018-07-29,6,0.1%,6,0%,899,0.0%,17.7%,795000,155000 ( 24.2% ),159,31 ( 24.2% ),26900867678,3151196,26
2018-07-30,7,0.1%,7,0%,924,0.0%,24.5%,1130000,335000 ( 42.1% ),226,67 ( 42.1% ),26901997678,3151422,24
2018-07-31,8,0.1%,8,0%,1265,0.0%,31.3%,2192000,1062000 ( 94.0% ),396,170 ( 75.2% ),26904189678,3151818,22
2018-08-01,5,0.1%,5,0%,601,0.0%,25.0%,750000,-1442000 ( -65.8% ),150,-246 ( -62.1% ),26904939678,3151968,26
2018-08-02,5,0.1%,5,0%,613,0.0%,24.5%,750000,0 ( 0.0% ),150,0 ( 0.0% ),26905689678,3152118,25
2018-08-03,5,0.1%,5,0%,605,0.0%,24.8%,750000,0 ( 0.0% ),150,0 ( 0.0% ),26906439678,3152268,23
2018-08-04,5,0.1%,5,0%,613,0.0%,24.5%,750000,0 ( 0.0% ),150,0 ( 0.0% ),26907189678,3152418,25
2018-08-05,5,0.1%,5,0%,537,0.0%,27.9%,750000,0 ( 0.0% ),150,0 ( 0.0% ),26907939678,3152568,23
2018-08-06,4,0.1%,4,0%,495,0.0%,24.2%,600000,-150000 ( -20.0% ),120,-30 ( -20.0% ),26908539678,3152688,29
2018-08-07,5,0.1%,5,0%,613,0.0%,29.4%,900000,300000 ( 50.0% ),180,60 ( 50.0% ),26909439678,3152868,25
2018-08-31,1,0.0%,1,0%,278,0.0%,0.7%,10000,10000 ( 100.0% ),2,2 ( 100.0% ),26909449678,3152870,104
2018-09-04,1,0.0%,1,0%,278,0.0%,0.7%,10000,10000 ( 100.0% ),2,2 ( 100.0% ),26909459678,3152872,90
2019-07-24,1,0.0%,1,0%,262,0.0%,3.1%,24000,24000 ( 100.0% ),8,8 ( 100.0% ),26909483678,3152880,81
2019-07-27,1,0.0%,1,0%,262,0.0%,5.7%,31000,31000 ( 100.0% ),15,15 ( 100.0% ),26909514678,3152895,82
