날짜,스크린수,스크린점유율,상영횟수,상영점유율,좌석수,좌석점유율,좌석판매율,매출액,매출액증감(전일대비),관객수,관객수증감(전일대비),누적매출액,누적관객수,순위
2016-10-08,1,0.0%,1,0%,195,0.0%,100.0%,2145000,2145000 ( 100.0% ),195,195 ( 100.0% ),2145000,195,36
2016-10-13,150,3.0%,158,1%,21559,0.8%,6.4%,7669500,7669500 ( 100.0% ),1377,1377 ( 100.0% ),9814500,1572,15
2016-10-14,153,3.0%,164,1%,21624,0.8%,4.0%,6177300,-1492200 ( -19.5% ),861,-516 ( -37.5% ),15991800,2433,16
2016-10-15,285,5.0%,455,2.6%,56936,2.0%,9.7%,42741900,36564600 ( 591.9% ),5526,4665 ( 541.8% ),58733700,7959,11
2016-10-16,291,5.1%,454,2.6%,56662,2.0%,12.9%,57068800,14326900 ( 33.5% ),7282,1756 ( 31.8% ),115802500,15241,10
2016-10-17,141,2.9%,158,1%,21906,0.8%,4.6%,6022000,-51046800 ( -89.4% ),1018,-6264 ( -86.0% ),121824500,16259,13
2016-10-18,152,3.0%,164,1.1%,22073,0.9%,4.3%,5801200,-220800 ( -3.7% ),952,-66 ( -6.5% ),127625700,17211,14
2016-10-19,75,1.5%,82,0.5%,10695,0.4%,8.7%,5361500,-439700 ( -7.6% ),934,-18 ( -1.9% ),132987200,18145,19
2016-10-20,16,0.3%,24,0.2%,2137,0.1%,9.4%,1178000,-4183500 ( -78.0% ),200,-734 ( -78.6% ),134165200,18345,34
2016-10-21,27,0.5%,31,0.2%,3150,0.1%,12.2%,2286000,1108000 ( 94.1% ),383,183 ( 91.5% ),136451200,18728,29
2016-10-22,114,2.0%,152,0.9%,17325,0.6%,11.1%,13889000,11603000 ( 507.6% ),1923,1540 ( 402.1% ),150340200,20651,17
2016-10-23,119,2.1%,152,0.9%,17936,0.6%,13.4%,17536000,3647000 ( 26.3% ),2405,482 ( 25.1% ),167876200,23056,14
2016-10-24,22,0.5%,25,0.2%,2910,0.1%,3.2%,576000,-16960000 ( -96.7% ),94,-2311 ( -96.1% ),168452200,23150,52
2016-10-25,21,0.3%,24,0.2%,2382,0.1%,6.8%,1020500,444500 ( 77.2% ),163,69 ( 73.4% ),169472700,23313,43
2016-10-26,6,0.1%,8,0%,600,0.0%,22.5%,698000,-322500 ( -31.6% ),135,-28 ( -17.2% ),170170700,23448,44
2016-10-27,9,0.2%,11,0.1%,1004,0.0%,35.8%,1808000,1110000 ( 159.0% ),359,224 ( 165.9% ),171978700,23807,23
2016-10-28,13,0.3%,15,0.1%,1327,0.0%,27.8%,2035500,227500 ( 12.6% ),369,10 ( 2.8% ),174014200,24176,23
2016-10-29,30,0.6%,39,0.2%,4551,0.2%,20.1%,5892200,3856700 ( 189.5% ),914,545 ( 147.7% ),179906400,25090,20
2016-10-30,23,0.5%,28,0.2%,3268,0.1%,14.9%,3699000,-2193200 ( -37.2% ),486,-428 ( -46.8% ),183605400,25576,22
2016-10-31,7,0.2%,9,0.1%,742,0.0%,3.0%,154500,-3544500 ( -95.8% ),22,-464 ( -95.5% ),183759900,25598,62
2016-11-01,6,0.1%,7,0%,810,0.0%,7.7%,356500,202000 ( 130.7% ),62,40 ( 181.8% ),184116400,25660,54
2016-11-02,6,0.1%,7,0%,746,0.0%,8.4%,304000,-52500 ( -14.7% ),63,1 ( 1.6% ),184420400,25723,49
2016-11-03,5,0.1%,6,0%,550,0.0%,26.7%,703000,399000 ( 131.3% ),147,84 ( 133.3% ),185123400,25870,39
2016-11-04,4,0.1%,4,0%,475,0.0%,24.6%,556000,-147000 ( -20.9% ),117,-30 ( -20.4% ),185679400,25987,43
2016-11-05,1,0.0%,1,0%,57,0.0%,24.6%,70000,-486000 ( -87.4% ),14,-103 ( -88.0% ),185749400,26001,92
2016-11-06,3,0.1%,3,0%,271,0.0%,6.6%,154000,84000 ( 120.0% ),18,4 ( 28.6% ),185903400,26019,76
2016-11-08,1,0.0%,1,0%,172,0.0%,23.3%,160000,160000 ( 100.0% ),40,40 ( 100.0% ),186063400,26059,52
2016-11-09,4,0.1%,5,0%,667,0.0%,33.9%,993000,833000 ( 520.6% ),226,186 ( 465.0% ),187056400,26285,31
2016-11-10,1,0.0%,1,0%,40,0.0%,100.0%,200000,-793000 ( -79.9% ),40,-186 ( -82.3% ),187256400,26325,70
2016-11-16,3,0.1%,3,0%,348,0.0%,48.3%,840000,840000 ( 100.0% ),168,168 ( 100.0% ),188096400,26493,38
2016-11-17,2,0.0%,2,0%,177,0.0%,63.8%,565000,-275000 ( -32.7% ),113,-55 ( -32.7% ),188661400,26606,47
2016-11-18,3,0.1%,3,0%,538,0.0%,62.5%,1680000,1115000 ( 197.3% ),336,223 ( 197.3% ),190341400,26942,26
2016-11-21,1,0.0%,1,0%,104,0.0%,28.8%,180000,180000 ( 100.0% ),30,30 ( 100.0% ),190521400,26972,68
2016-11-24,1,0.0%,1,0%,62,0.0%,48.4%,120000,120000 ( 100.0% ),30,30 ( 100.0% ),190641400,27002,79
2016-11-28,1,0.0%,1,0%,151,0.0%,59.6%,450000,450000 ( 100.0% ),90,90 ( 100.0% ),191091400,27092,47
2016-11-29,1,0.0%,1,0%,104,0.0%,43.3%,274000,-176000 ( -39.1% ),45,-45 ( -50.0% ),191365400,27137,69
2016-11-30,1,0.0%,1,0%,137,0.0%,20.4%,170000,-104000 ( -38.0% ),28,-17 ( -37.8% ),191535400,27165,77
2016-12-02,1,0.0%,1,0%,177,0.0%,45.8%,413000,413000 ( 100.0% ),81,81 ( 100.0% ),191948400,27246,57
2016-12-07,1,0.0%,1,0%,104,0.0%,52.9%,275000,275000 ( 100.0% ),55,55 ( 100.0% ),192223400,27301,60
2016-12-09,1,0.0%,1,0%,71,0.0%,62.0%,220000,220000 ( 100.0% ),44,44 ( 100.0% ),192443400,27345,57
2019-08-31,1,0.0%,1,0%,262,0.0%,2.7%,21500,21500 ( 100.0% ),7,7 ( 100.0% ),192464900,27352,99
