날짜,스크린수,스크린점유율,상영횟수,상영점유율,좌석수,좌석점유율,좌석판매율,매출액,매출액증감(전일대비),관객수,관객수증감(전일대비),누적매출액,누적관객수,순위
2017-02-08,5,0.1%,5,0%,1011,0.0%,100.0%,8088000,8088000 ( 100.0% ),1011,1011 ( 100.0% ),8088000,1011,15
2017-02-09,2,0.0%,2,0%,364,0.0%,100.0%,2912000,-5176000 ( -64.0% ),364,-647 ( -64.0% ),11000000,1375,30
2017-02-10,3,0.0%,3,0%,603,0.0%,100.0%,4824000,1912000 ( 65.7% ),603,239 ( 65.7% ),15824000,1978,20
2017-02-16,507,8.4%,985,5.8%,139468,4.9%,21.2%,194536300,194536300 ( 100.0% ),29500,29500 ( 100.0% ),210360300,31478,5
2017-02-17,529,8.6%,1032,5.9%,143217,5.0%,21.9%,228837200,34300900 ( 17.6% ),31417,1917 ( 6.5% ),439197500,62895,5
2017-02-18,592,9.2%,1319,7.2%,192345,6.4%,39.9%,597592900,368755700 ( 161.1% ),76759,45342 ( 144.3% ),1036790400,139654,5
2017-02-19,622,9.7%,1382,7.8%,202682,6.9%,37.5%,599620900,2028000 ( 0.3% ),76052,-707 ( -0.9% ),1636411300,215706,4
2017-02-20,518,8.9%,1109,6.6%,159511,5.8%,15.9%,169652100,-429968800 ( -71.7% ),25368,-50684 ( -66.6% ),1806063400,241074,5
2017-02-21,520,8.7%,1096,6.5%,159126,5.8%,19.9%,211935700,42283600 ( 24.9% ),31739,6371 ( 25.1% ),2017999100,272813,3
2017-02-22,415,6.8%,728,4.1%,99647,3.5%,28.8%,185754400,-26181300 ( -12.4% ),28695,-3044 ( -9.6% ),2203753500,301508,6
2017-02-23,406,6.6%,746,4.2%,102636,3.6%,32.2%,223615900,37861500 ( 20.4% ),33028,4333 ( 15.1% ),2427369400,334536,5
2017-02-24,443,6.9%,824,4.6%,114851,3.9%,29.1%,251044200,27428300 ( 12.3% ),33390,362 ( 1.1% ),2678413600,367926,5
2017-02-25,536,7.8%,1122,6%,164270,5.4%,30.9%,394101900,143057700 ( 57.0% ),50733,17343 ( 51.9% ),3072515500,418659,5
2017-02-26,519,7.6%,1120,6.1%,163558,5.5%,29.6%,382840600,-11261300 ( -2.9% ),48393,-2340 ( -4.6% ),3455356100,467052,5
2017-02-27,426,6.9%,897,5.2%,131116,4.6%,23.9%,214347400,-168493200 ( -44.0% ),31281,-17112 ( -35.4% ),3669703500,498333,3
2017-02-28,411,5.8%,847,4.8%,124551,4.4%,28.3%,238610000,24262600 ( 11.3% ),35276,3995 ( 12.8% ),3908313500,533609,4
2017-03-01,383,6.2%,714,4.1%,97351,3.4%,57.2%,429686700,191076700 ( 80.1% ),55644,20368 ( 57.7% ),4338000200,589253,5
2017-03-02,250,4.4%,372,2.3%,48304,1.8%,11.1%,38250100,-391436600 ( -91.1% ),5369,-50275 ( -90.4% ),4376250300,594622,7
2017-03-03,233,4.0%,352,2.2%,45628,1.7%,6.5%,23910500,-14339600 ( -37.5% ),2958,-2411 ( -44.9% ),4400160800,597580,12
2017-03-04,395,6.2%,760,4.4%,104601,3.7%,21.3%,174559600,150649100 ( 630.1% ),22276,19318 ( 653.1% ),4574720400,619856,5
2017-03-05,389,6.2%,763,4.5%,105402,3.8%,21.6%,180860800,6301200 ( 3.6% ),22796,520 ( 2.3% ),4755581200,642652,5
2017-03-06,181,3.4%,250,1.7%,33675,1.3%,3.0%,7534800,-173326000 ( -95.8% ),1025,-21771 ( -95.5% ),4763116000,643677,14
2017-03-07,189,3.4%,247,1.6%,32288,1.3%,3.0%,7071200,-463600 ( -6.2% ),964,-61 ( -6.0% ),4770187200,644641,18
2017-03-08,113,2.1%,141,0.9%,16959,0.7%,4.0%,4903500,-2167700 ( -30.7% ),679,-285 ( -29.6% ),4775090700,645320,21
2017-03-09,82,1.5%,101,0.7%,12560,0.5%,3.9%,3458500,-1445000 ( -29.5% ),491,-188 ( -27.7% ),4778549200,645811,23
2017-03-10,93,1.7%,112,0.7%,13429,0.5%,5.3%,5353700,1895200 ( 54.8% ),709,218 ( 44.4% ),4783902900,646520,19
2017-03-11,254,4.0%,395,2.3%,49679,1.8%,20.7%,80497900,75144200 ( 1403.6% ),10297,9588 ( 1352.3% ),4864400800,656817,8
2017-03-12,263,4.2%,407,2.4%,51554,1.9%,24.1%,99225000,18727100 ( 23.3% ),12445,2148 ( 20.9% ),4963625800,669262,7
2017-03-13,81,1.5%,90,0.6%,10375,0.4%,4.3%,3148500,-96076500 ( -96.8% ),443,-12002 ( -96.4% ),4966774300,669705,22
2017-03-14,77,1.4%,88,0.6%,10972,0.4%,4.1%,2831000,-317500 ( -10.1% ),447,4 ( 0.9% ),4969605300,670152,25
2017-03-15,93,1.7%,107,0.7%,12915,0.5%,4.4%,3676000,845000 ( 29.8% ),573,126 ( 28.2% ),4973281300,670725,24
2017-03-16,11,0.2%,11,0.1%,1387,0.1%,4.2%,335000,-3341000 ( -90.9% ),58,-515 ( -89.9% ),4973616300,670783,51
2017-03-17,14,0.3%,15,0.1%,1826,0.1%,3.0%,431500,96500 ( 28.8% ),55,-3 ( -5.2% ),4974047800,670838,47
2017-03-18,70,1.3%,87,0.5%,11173,0.4%,18.1%,14755200,14323700 ( 3319.5% ),2019,1964 ( 3570.9% ),4988803000,672857,12
2017-03-19,67,1.2%,81,0.5%,10203,0.4%,18.0%,14697100,-58100 ( -0.4% ),1839,-180 ( -8.9% ),5003500100,674696,12
2017-03-20,12,0.2%,13,0.1%,1699,0.1%,2.4%,280000,-14417100 ( -98.1% ),40,-1799 ( -97.8% ),5003780100,674736,53
2017-03-21,12,0.2%,14,0.1%,1982,0.1%,6.3%,774000,494000 ( 176.4% ),124,84 ( 210.0% ),5004554100,674860,45
2017-03-22,4,0.1%,4,0%,342,0.0%,3.5%,85500,-688500 ( -89.0% ),12,-112 ( -90.3% ),5004639600,674872,77
2017-03-23,2,0.0%,2,0%,172,0.0%,9.9%,118000,32500 ( 38.0% ),17,5 ( 41.7% ),5004757600,674889,79
2017-03-24,2,0.0%,2,0%,269,0.0%,32.3%,449000,331000 ( 280.5% ),87,70 ( 411.8% ),5005206600,674976,46
2017-03-25,9,0.2%,10,0.1%,1525,0.1%,15.0%,1770900,1321900 ( 294.4% ),229,142 ( 163.2% ),5006977500,675205,32
2017-03-26,8,0.1%,9,0.1%,1374,0.1%,9.3%,996000,-774900 ( -43.8% ),128,-101 ( -44.1% ),5007973500,675333,37
2017-03-27,1,0.0%,1,0%,94,0.0%,5.3%,43000,-953000 ( -95.7% ),5,-123 ( -96.1% ),5008016500,675338,92
2017-03-28,1,0.0%,1,0%,94,0.0%,2.1%,15000,-28000 ( -65.1% ),2,-3 ( -60.0% ),5008031500,675340,129
2017-03-29,1,0.0%,1,0%,77,0.0%,33.8%,130000,115000 ( 766.7% ),26,24 ( 1200.0% ),5008161500,675366,80
2017-03-31,4,0.1%,4,0%,810,0.0%,14.8%,600000,600000 ( 100.0% ),120,120 ( 100.0% ),5008761500,675486,44
2017-04-01,5,0.1%,5,0%,824,0.0%,18.2%,750000,150000 ( 25.0% ),150,30 ( 25.0% ),5009511500,675636,46
2017-04-02,5,0.1%,5,0%,824,0.0%,18.2%,750000,0 ( 0.0% ),150,0 ( 0.0% ),5010261500,675786,35
2017-04-03,5,0.1%,5,0%,1073,0.0%,14.0%,750000,0 ( 0.0% ),150,0 ( 0.0% ),5011011500,675936,35
2017-04-04,1,0.0%,1,0%,263,0.0%,11.4%,150000,-600000 ( -80.0% ),30,-120 ( -80.0% ),5011161500,675966,60
