날짜,스크린수,스크린점유율,상영횟수,상영점유율,좌석수,좌석점유율,좌석판매율,매출액,매출액증감(전일대비),관객수,관객수증감(전일대비),누적매출액,누적관객수,순위
2017-05-20,3,0.0%,3,0%,680,0.0%,100.0%,6800000,6800000 ( 100.0% ),680,680 ( 100.0% ),6800000,680,20
2017-05-23,1,0.0%,1,0%,107,0.0%,100.0%,856000,856000 ( 100.0% ),107,107 ( 100.0% ),7656000,787,41
2017-05-25,1,0.0%,1,0%,274,0.0%,100.0%,2192000,2192000 ( 100.0% ),274,274 ( 100.0% ),9848000,1061,22
2017-05-28,2,0.0%,2,0%,421,0.0%,71.3%,1800000,1800000 ( 100.0% ),300,300 ( 100.0% ),11648000,1361,27
2017-05-31,1,0.0%,1,0%,95,0.0%,42.1%,280000,280000 ( 100.0% ),40,40 ( 100.0% ),11928000,1401,60
2017-06-01,112,2.2%,123,0.8%,13624,0.5%,4.0%,3552500,3272500 ( 1168.8% ),546,506 ( 1265.0% ),15480500,1947,16
2017-06-02,121,2.4%,130,0.8%,14892,0.6%,3.7%,4152900,600400 ( 16.9% ),556,10 ( 1.8% ),19633400,2503,17
2017-06-03,241,4.4%,297,1.7%,34228,1.2%,13.3%,33070300,28917400 ( 696.3% ),4553,3997 ( 718.9% ),52703700,7056,12
2017-06-04,246,4.5%,293,1.7%,34585,1.2%,13.4%,33768800,698500 ( 2.1% ),4640,87 ( 1.9% ),86472500,11696,11
2017-06-05,189,3.7%,212,1.3%,24104,0.9%,6.6%,10400900,-23367900 ( -69.2% ),1589,-3051 ( -65.8% ),96873400,13285,13
2017-06-06,163,3.1%,193,1.1%,21671,0.7%,27.9%,42720100,32319200 ( 310.7% ),6046,4457 ( 280.5% ),139593500,19331,10
2017-06-07,66,1.4%,74,0.4%,8124,0.3%,3.5%,1791000,-40929100 ( -95.8% ),283,-5763 ( -95.3% ),141384500,19614,20
2017-06-08,11,0.2%,21,0.1%,1281,0.0%,6.8%,523000,-1268000 ( -70.8% ),87,-196 ( -69.3% ),141907500,19701,49
2017-06-09,17,0.3%,24,0.1%,2015,0.1%,6.2%,733500,210500 ( 40.2% ),124,37 ( 42.5% ),142641000,19825,39
2017-06-10,74,1.3%,91,0.5%,9211,0.3%,11.9%,7040000,6306500 ( 859.8% ),1093,969 ( 781.5% ),149681000,20918,19
2017-06-11,74,1.3%,89,0.5%,9547,0.3%,12.6%,7661000,621000 ( 8.8% ),1199,106 ( 9.7% ),157342000,22117,15
2017-06-12,14,0.3%,18,0.1%,1825,0.1%,5.3%,609500,-7051500 ( -92.0% ),96,-1103 ( -92.0% ),157951500,22213,36
2017-06-13,11,0.2%,16,0.1%,1527,0.1%,3.2%,281000,-328500 ( -53.9% ),49,-47 ( -49.0% ),158232500,22262,61
2017-06-14,10,0.2%,19,0.1%,1250,0.0%,4.6%,394000,113000 ( 40.2% ),58,9 ( 18.4% ),158626500,22320,53
2017-06-15,9,0.2%,11,0.1%,1034,0.0%,2.9%,190000,-204000 ( -51.8% ),30,-28 ( -48.3% ),158816500,22350,61
2017-06-16,3,0.1%,9,0.1%,338,0.0%,13.9%,366000,176000 ( 92.6% ),47,17 ( 56.7% ),159182500,22397,54
2017-06-17,4,0.1%,10,0.1%,481,0.0%,22.7%,715000,349000 ( 95.4% ),109,62 ( 131.9% ),159897500,22506,45
2017-06-18,5,0.1%,8,0%,516,0.0%,14.7%,527000,-188000 ( -26.3% ),76,-33 ( -30.3% ),160424500,22582,52
2017-06-19,4,0.1%,9,0.1%,409,0.0%,7.3%,199500,-327500 ( -62.1% ),30,-46 ( -60.5% ),160624000,22612,53
2017-06-20,3,0.1%,7,0%,264,0.0%,20.1%,291000,91500 ( 45.9% ),53,23 ( 76.7% ),160915000,22665,60
2017-06-21,5,0.1%,10,0.1%,436,0.0%,28.0%,655000,364000 ( 125.1% ),122,69 ( 130.2% ),161570000,22787,45
2017-06-22,2,0.0%,6,0%,198,0.0%,9.1%,109000,-546000 ( -83.4% ),18,-104 ( -85.2% ),161679000,22805,77
2017-06-23,2,0.0%,6,0%,198,0.0%,10.6%,143000,34000 ( 31.2% ),21,3 ( 16.7% ),161822000,22826,74
2017-06-24,2,0.0%,12,0.1%,402,0.0%,36.3%,1033000,890000 ( 622.4% ),146,125 ( 595.2% ),162855000,22972,42
2017-06-25,2,0.0%,12,0.1%,402,0.0%,40.8%,1185000,152000 ( 14.7% ),164,18 ( 12.3% ),164040000,23136,39
2017-06-26,1,0.0%,3,0%,105,0.0%,6.7%,42000,-1143000 ( -96.5% ),7,-157 ( -95.7% ),164082000,23143,73
2017-06-27,2,0.0%,4,0%,137,0.0%,6.6%,55000,13000 ( 31.0% ),9,2 ( 28.6% ),164137000,23152,85
2017-06-28,2,0.0%,9,0.1%,300,0.0%,9.7%,177000,122000 ( 221.8% ),29,20 ( 222.2% ),164314000,23181,65
2017-06-29,3,0.1%,3,0%,153,0.0%,71.2%,465000,288000 ( 162.7% ),109,80 ( 275.9% ),164779000,23290,43
2017-06-30,1,0.0%,1,0%,32,0.0%,12.5%,26000,-439000 ( -94.4% ),4,-105 ( -96.3% ),164805000,23294,109
2017-07-01,3,0.1%,3,0%,125,0.0%,18.4%,147000,121000 ( 465.4% ),23,19 ( 475.0% ),164952000,23317,87
2017-07-02,3,0.1%,3,0%,125,0.0%,33.6%,255000,108000 ( 73.5% ),42,19 ( 82.6% ),165207000,23359,75
2017-07-03,2,0.0%,4,0%,179,0.0%,10.6%,89000,-166000 ( -65.1% ),19,-23 ( -54.8% ),165296000,23378,68
2017-07-04,2,0.0%,5,0%,182,0.0%,4.9%,51000,-38000 ( -42.7% ),9,-10 ( -52.6% ),165347000,23387,93
2017-07-07,1,0.0%,1,0%,59,0.0%,54.2%,102000,102000 ( 100.0% ),32,32 ( 100.0% ),165449000,23419,60
2017-07-08,2,0.0%,2,0%,121,0.0%,24.0%,133000,31000 ( 30.4% ),29,-3 ( -9.4% ),165582000,23448,73
2017-07-09,2,0.0%,2,0%,121,0.0%,33.9%,181000,48000 ( 36.1% ),41,12 ( 41.4% ),165763000,23489,62
2017-07-12,1,0.0%,1,0%,59,0.0%,37.3%,74000,74000 ( 100.0% ),22,22 ( 100.0% ),165837000,23511,75
2017-09-01,1,0.0%,1,0%,108,0.0%,0.0%,0,0 ( 0.0% ),0,0 ( 0.0% ),165837000,23511,103
2017-09-11,1,0.0%,1,0%,48,0.0%,8.3%,26000,26000 ( 100.0% ),4,4 ( 100.0% ),165863000,23515,90
2017-09-13,2,0.0%,2,0%,142,0.0%,2.8%,27000,27000 ( 100.0% ),4,4 ( 100.0% ),165890000,23519,119
2017-09-14,1,0.0%,1,0%,48,0.0%,6.3%,22000,-5000 ( -18.5% ),3,-1 ( -25.0% ),165912000,23522,120
2017-09-20,2,0.0%,3,0%,236,0.0%,7.2%,105000,105000 ( 100.0% ),17,17 ( 100.0% ),166017000,23539,93
2017-09-21,2,0.0%,3,0%,190,0.0%,2.6%,31000,-74000 ( -70.5% ),5,-12 ( -70.6% ),166048000,23544,120
2017-09-22,1,0.0%,1,0%,94,0.0%,8.5%,48000,17000 ( 54.8% ),8,3 ( 60.0% ),166096000,23552,125
2017-09-25,1,0.0%,1,0%,48,0.0%,4.2%,14000,14000 ( 100.0% ),2,2 ( 100.0% ),166110000,23554,123
2017-09-26,2,0.0%,3,0%,190,0.0%,4.2%,52000,38000 ( 271.4% ),8,6 ( 300.0% ),166162000,23562,103
2017-09-28,1,0.0%,1,0%,48,0.0%,4.2%,14000,14000 ( 100.0% ),2,2 ( 100.0% ),166176000,23564,137
2017-09-29,1,0.0%,1,0%,48,0.0%,16.7%,63000,49000 ( 350.0% ),8,6 ( 300.0% ),166239000,23572,92
2017-10-12,1,0.0%,2,0%,96,0.0%,4.2%,27000,27000 ( 100.0% ),4,4 ( 100.0% ),166266000,23576,79
2017-10-13,1,0.0%,1,0%,48,0.0%,8.3%,35000,8000 ( 29.6% ),4,0 ( 0.0% ),166301000,23580,82
2017-10-17,1,0.0%,2,0%,96,0.0%,7.3%,53000,53000 ( 100.0% ),7,7 ( 100.0% ),166354000,23587,75
2017-10-23,1,0.0%,2,0%,96,0.0%,9.4%,66000,66000 ( 100.0% ),9,9 ( 100.0% ),166420000,23596,80
2017-10-24,1,0.0%,1,0%,48,0.0%,4.2%,15000,-51000 ( -77.3% ),2,-7 ( -77.8% ),166435000,23598,101
2017-10-27,1,0.0%,1,0%,48,0.0%,6.3%,19500,19500 ( 100.0% ),3,3 ( 100.0% ),166454500,23601,131
2017-10-30,1,0.0%,1,0%,48,0.0%,6.3%,20500,20500 ( 100.0% ),3,3 ( 100.0% ),166475000,23604,91
2017-10-31,1,0.0%,1,0%,48,0.0%,4.2%,15000,-5500 ( -26.8% ),2,-1 ( -33.3% ),166490000,23606,113
2017-11-01,1,0.0%,1,0%,48,0.0%,4.2%,16500,1500 ( 10.0% ),2,0 ( 0.0% ),166506500,23608,110
2017-11-02,1,0.0%,1,0%,48,0.0%,4.2%,13000,-3500 ( -21.2% ),2,0 ( 0.0% ),166519500,23610,125
2017-11-06,1,0.0%,1,0%,48,0.0%,4.2%,14000,14000 ( 100.0% ),2,2 ( 100.0% ),166533500,23612,108
2017-11-13,1,0.0%,1,0%,48,0.0%,12.5%,42000,42000 ( 100.0% ),6,6 ( 100.0% ),166575500,23618,93
2017-11-15,1,0.0%,1,0%,48,0.0%,4.2%,13000,13000 ( 100.0% ),2,2 ( 100.0% ),166588500,23620,113
2017-11-20,1,0.0%,1,0%,48,0.0%,8.3%,26000,26000 ( 100.0% ),4,4 ( 100.0% ),166614500,23624,126
2017-11-21,1,0.0%,1,0%,48,0.0%,4.2%,14000,-12000 ( -46.2% ),2,-2 ( -50.0% ),166628500,23626,139
2017-11-22,1,0.0%,1,0%,48,0.0%,4.2%,14000,0 ( 0.0% ),2,0 ( 0.0% ),166642500,23628,136
2017-11-28,1,0.0%,1,0%,48,0.0%,4.2%,14000,14000 ( 100.0% ),2,2 ( 100.0% ),166656500,23630,134
2018-06-16,1,0.0%,1,0%,126,0.0%,1.6%,12000,12000 ( 100.0% ),2,2 ( 100.0% ),166668500,23632,89
2018-06-23,1,0.0%,1,0%,126,0.0%,1.6%,12000,12000 ( 100.0% ),2,2 ( 100.0% ),166680500,23634,93
2018-06-24,1,0.0%,1,0%,126,0.0%,3.2%,26000,14000 ( 116.7% ),4,2 ( 100.0% ),166706500,23638,84
2018-07-01,1,0.0%,1,0%,126,0.0%,4.0%,36000,36000 ( 100.0% ),5,5 ( 100.0% ),166742500,23643,85
2018-07-03,1,0.0%,1,0%,126,0.0%,1.6%,11000,11000 ( 100.0% ),2,2 ( 100.0% ),166753500,23645,100
2018-07-09,1,0.0%,1,0%,113,0.0%,1.8%,10000,10000 ( 100.0% ),2,2 ( 100.0% ),166763500,23647,81
2018-11-16,1,0.0%,1,0%,94,0.0%,1.1%,5000,5000 ( 100.0% ),1,1 ( 100.0% ),166768500,23648,113
2018-11-19,1,0.0%,1,0%,94,0.0%,4.3%,28000,28000 ( 100.0% ),4,4 ( 100.0% ),166796500,23652,99
2018-11-23,1,0.0%,1,0%,94,0.0%,2.1%,12000,12000 ( 100.0% ),2,2 ( 100.0% ),166808500,23654,121
2018-11-27,1,0.0%,1,0%,94,0.0%,1.1%,5000,5000 ( 100.0% ),1,1 ( 100.0% ),166813500,23655,136
2018-11-30,1,0.0%,1,0%,94,0.0%,2.1%,12000,12000 ( 100.0% ),2,2 ( 100.0% ),166825500,23657,149
2018-12-01,1,0.0%,1,0%,94,0.0%,8.5%,48000,36000 ( 300.0% ),8,6 ( 300.0% ),166873500,23665,127
2018-12-02,1,0.0%,1,0%,94,0.0%,10.6%,60000,12000 ( 25.0% ),10,2 ( 25.0% ),166933500,23675,108
