날짜,스크린수,스크린점유율,상영횟수,상영점유율,좌석수,좌석점유율,좌석판매율,매출액,매출액증감(전일대비),관객수,관객수증감(전일대비),누적매출액,누적관객수,순위
2016-08-17,80,1.4%,89,0.5%,11098,0.4%,11.0%,8594600,8594600 ( 100.0% ),1220,1220 ( 100.0% ),8594600,1220,19
2016-08-18,148,2.5%,160,0.9%,20345,0.7%,9.7%,13856000,5261400 ( 61.2% ),1977,757 ( 62.0% ),22450600,3197,17
2016-08-19,151,2.6%,165,1%,21283,0.8%,9.4%,15582400,1726400 ( 12.5% ),2006,29 ( 1.5% ),38033000,5203,16
2016-08-20,170,2.8%,191,1.1%,24344,0.8%,31.9%,61011000,45428600 ( 291.5% ),7760,5754 ( 286.8% ),99044000,12963,12
2016-08-21,170,2.8%,195,1.1%,25485,0.9%,32.6%,66405000,5394000 ( 8.8% ),8317,557 ( 7.2% ),165449000,21280,10
2016-08-22,138,2.5%,149,0.9%,18890,0.7%,6.7%,8775700,-57629300 ( -86.8% ),1261,-7056 ( -84.8% ),174224700,22541,17
2016-08-23,139,2.5%,149,0.9%,20027,0.8%,6.9%,9643700,868000 ( 9.9% ),1379,118 ( 9.4% ),183868400,23920,17
2016-08-24,71,1.3%,75,0.5%,9777,0.4%,5.8%,3846200,-5797500 ( -60.1% ),566,-813 ( -59.0% ),187714600,24486,23
2016-08-25,37,0.6%,38,0.2%,4760,0.2%,5.9%,1884000,-1962200 ( -51.0% ),280,-286 ( -50.5% ),189598600,24766,37
2016-08-26,37,0.6%,39,0.2%,4862,0.2%,8.6%,2739500,855500 ( 45.4% ),416,136 ( 48.6% ),192338100,25182,33
2016-08-27,80,1.2%,99,0.6%,12574,0.4%,26.6%,26427700,23688200 ( 864.7% ),3345,2929 ( 704.1% ),218765800,28527,15
2016-08-28,86,1.3%,107,0.6%,13557,0.5%,28.1%,30575120,4147420 ( 15.7% ),3814,469 ( 14.0% ),249340920,32341,15
2016-08-29,38,0.7%,41,0.3%,4801,0.2%,4.7%,1452500,-29122620 ( -95.2% ),225,-3589 ( -94.1% ),250793420,32566,35
2016-08-30,30,0.5%,34,0.2%,4138,0.2%,4.0%,1132500,-320000 ( -22.0% ),166,-59 ( -26.2% ),251925920,32732,39
2016-08-31,10,0.2%,12,0.1%,1168,0.0%,6.4%,442000,-690500 ( -61.0% ),75,-91 ( -54.8% ),252367920,32807,60
2016-09-01,9,0.2%,11,0.1%,978,0.0%,5.3%,327000,-115000 ( -26.0% ),52,-23 ( -30.7% ),252694920,32859,64
2016-09-02,6,0.1%,9,0.1%,556,0.0%,10.3%,407000,80000 ( 24.5% ),57,5 ( 9.6% ),253101920,32916,60
2016-09-03,28,0.4%,41,0.2%,4312,0.1%,16.0%,4907000,4500000 ( 1105.7% ),692,635 ( 1114.0% ),258008920,33608,34
2016-09-04,29,0.5%,42,0.2%,4443,0.2%,17.6%,5395500,488500 ( 10.0% ),783,91 ( 13.2% ),263404420,34391,31
2016-09-05,6,0.1%,7,0%,414,0.0%,11.4%,253000,-5142500 ( -95.3% ),47,-736 ( -94.0% ),263657420,34438,54
2016-09-06,6,0.1%,9,0.1%,604,0.0%,3.6%,137000,-116000 ( -45.8% ),22,-25 ( -53.2% ),263794420,34460,80
2016-09-07,3,0.1%,3,0%,607,0.0%,10.5%,322000,185000 ( 135.0% ),64,42 ( 190.9% ),264116420,34524,56
2016-09-08,2,0.0%,2,0%,446,0.0%,3.1%,73000,-249000 ( -77.3% ),14,-50 ( -78.1% ),264189420,34538,75
2016-09-09,2,0.0%,3,0%,144,0.0%,79.2%,570000,497000 ( 680.8% ),114,100 ( 714.3% ),264759420,34652,48
2016-09-10,6,0.1%,7,0%,992,0.0%,6.1%,404500,-165500 ( -29.0% ),61,-53 ( -46.5% ),265163920,34713,61
2016-09-11,4,0.1%,6,0%,1105,0.0%,3.7%,265000,-139500 ( -34.5% ),41,-20 ( -32.8% ),265428920,34754,71
2016-09-12,1,0.0%,1,0%,60,0.0%,1.7%,5000,-260000 ( -98.1% ),1,-40 ( -97.6% ),265433920,34755,105
2016-09-14,1,0.0%,1,0%,101,0.0%,5.9%,30000,30000 ( 100.0% ),6,6 ( 100.0% ),265463920,34761,92
2016-09-15,2,0.0%,2,0%,161,0.0%,5.0%,40000,10000 ( 33.3% ),8,2 ( 33.3% ),265503920,34769,82
2016-09-16,3,0.0%,4,0%,933,0.0%,4.9%,235000,195000 ( 487.5% ),46,38 ( 475.0% ),265738920,34815,72
2016-09-17,3,0.0%,4,0%,933,0.0%,6.6%,317000,82000 ( 34.9% ),62,16 ( 34.8% ),266055920,34877,69
2016-09-18,3,0.1%,4,0%,933,0.0%,4.3%,203000,-114000 ( -36.0% ),40,-22 ( -35.5% ),266258920,34917,75
2016-09-24,1,0.0%,2,0%,772,0.0%,0.6%,26000,26000 ( 100.0% ),5,5 ( 100.0% ),266284920,34922,142
2016-09-25,2,0.0%,3,0%,820,0.0%,2.9%,127000,101000 ( 388.5% ),24,19 ( 380.0% ),266411920,34946,92
2016-09-30,1,0.0%,1,0%,386,0.0%,0.5%,11000,11000 ( 100.0% ),2,2 ( 100.0% ),266422920,34948,111
2016-10-24,1,0.0%,2,0%,188,0.0%,2.7%,30000,30000 ( 100.0% ),5,5 ( 100.0% ),266452920,34953,90
2016-10-25,1,0.0%,2,0%,188,0.0%,2.7%,26000,-4000 ( -13.3% ),5,0 ( 0.0% ),266478920,34958,111
2016-10-26,1,0.0%,1,0%,94,0.0%,13.8%,65000,39000 ( 150.0% ),13,8 ( 160.0% ),266543920,34971,84
2016-10-27,1,0.0%,2,0%,188,0.0%,4.3%,56000,-9000 ( -13.8% ),8,-5 ( -38.5% ),266599920,34979,83
2016-10-28,1,0.0%,1,0%,94,0.0%,5.3%,30000,-26000 ( -46.4% ),5,-3 ( -37.5% ),266629920,34984,86
2016-10-29,1,0.0%,1,0%,94,0.0%,20.2%,114000,84000 ( 280.0% ),19,14 ( 280.0% ),266743920,35003,82
2016-10-30,1,0.0%,2,0%,188,0.0%,32.4%,367000,253000 ( 221.9% ),61,42 ( 221.1% ),267110920,35064,53
2016-10-31,1,0.0%,1,0%,94,0.0%,7.4%,48500,-318500 ( -86.8% ),7,-54 ( -88.5% ),267159420,35071,77
2016-11-01,1,0.0%,2,0%,188,0.0%,2.7%,30000,-18500 ( -38.1% ),5,-2 ( -28.6% ),267189420,35076,91
2016-11-02,1,0.0%,2,0%,188,0.0%,2.7%,28000,-2000 ( -6.7% ),5,0 ( 0.0% ),267217420,35081,91
2016-11-03,1,0.0%,2,0%,188,0.0%,5.3%,57500,29500 ( 105.4% ),10,5 ( 100.0% ),267274920,35091,79
2016-11-04,1,0.0%,2,0%,188,0.0%,4.8%,54000,-3500 ( -6.1% ),9,-1 ( -10.0% ),267328920,35100,85
2016-11-05,1,0.0%,2,0%,188,0.0%,17.6%,198000,144000 ( 266.7% ),33,24 ( 266.7% ),267526920,35133,73
2016-11-06,1,0.0%,2,0%,188,0.0%,19.7%,217600,19600 ( 9.9% ),37,4 ( 12.1% ),267744520,35170,66
2016-11-08,1,0.0%,1,0%,94,0.0%,2.1%,12000,12000 ( 100.0% ),2,2 ( 100.0% ),267756520,35172,96
2016-11-09,1,0.0%,2,0%,188,0.0%,4.8%,60000,48000 ( 400.0% ),9,7 ( 350.0% ),267816520,35181,88
2016-11-10,1,0.0%,1,0%,94,0.0%,1.1%,6000,-54000 ( -90.0% ),1,-8 ( -88.9% ),267822520,35182,130
2016-11-11,1,0.0%,2,0%,188,0.0%,7.4%,84000,78000 ( 1300.0% ),14,13 ( 1300.0% ),267906520,35196,98
2016-11-12,1,0.0%,1,0%,94,0.0%,11.7%,63600,-20400 ( -24.3% ),11,-3 ( -21.4% ),267970120,35207,107
2016-11-13,1,0.0%,1,0%,94,0.0%,8.5%,48000,-15600 ( -24.5% ),8,-3 ( -27.3% ),268018120,35215,103
2016-11-14,1,0.0%,1,0%,94,0.0%,4.3%,23500,-24500 ( -51.0% ),4,-4 ( -50.0% ),268041620,35219,91
2016-11-15,1,0.0%,1,0%,94,0.0%,2.1%,12000,-11500 ( -48.9% ),2,-2 ( -50.0% ),268053620,35221,115
2016-11-16,1,0.0%,1,0%,94,0.0%,1.1%,6000,-6000 ( -50.0% ),1,-1 ( -50.0% ),268059620,35222,130
2016-11-17,1,0.0%,1,0%,94,0.0%,5.3%,30000,24000 ( 400.0% ),5,4 ( 400.0% ),268089620,35227,116
2016-11-18,1,0.0%,1,0%,94,0.0%,4.3%,24000,-6000 ( -20.0% ),4,-1 ( -20.0% ),268113620,35231,122
2016-11-19,1,0.0%,1,0%,94,0.0%,22.3%,128000,104000 ( 433.3% ),21,17 ( 425.0% ),268241620,35252,96
2016-11-20,1,0.0%,1,0%,94,0.0%,22.3%,121000,-7000 ( -5.5% ),21,0 ( 0.0% ),268362620,35273,85
2016-11-21,1,0.0%,1,0%,94,0.0%,5.3%,30000,-91000 ( -75.2% ),5,-16 ( -76.2% ),268392620,35278,105
2016-11-22,2,0.0%,2,0%,126,0.0%,4.0%,29000,-1000 ( -3.3% ),5,0 ( 0.0% ),268421620,35283,119
2016-11-23,2,0.0%,3,0%,158,0.0%,11.4%,80000,51000 ( 175.9% ),18,13 ( 260.0% ),268501620,35301,83
2016-11-24,1,0.0%,2,0%,64,0.0%,7.8%,25000,-55000 ( -68.8% ),5,-13 ( -72.2% ),268526620,35306,108
2016-11-25,2,0.0%,3,0%,220,0.0%,3.6%,46000,21000 ( 84.0% ),8,3 ( 60.0% ),268572620,35314,96
2016-11-26,2,0.0%,3,0%,158,0.0%,36.1%,316600,270600 ( 588.3% ),57,49 ( 612.5% ),268889220,35371,69
2016-11-27,2,0.0%,4,0%,252,0.0%,31.3%,434600,118000 ( 37.3% ),79,22 ( 38.6% ),269323820,35450,54
2016-11-28,2,0.0%,2,0%,126,0.0%,6.3%,43500,-391100 ( -90.0% ),8,-71 ( -89.9% ),269367320,35458,81
2016-11-29,1,0.0%,1,0%,94,0.0%,2.1%,12000,-31500 ( -72.4% ),2,-6 ( -75.0% ),269379320,35460,118
2016-11-30,2,0.0%,2,0%,126,0.0%,14.3%,92500,80500 ( 670.8% ),18,16 ( 800.0% ),269471820,35478,90
2016-12-01,1,0.0%,1,0%,94,0.0%,6.4%,36000,-56500 ( -61.1% ),6,-12 ( -66.7% ),269507820,35484,108
2016-12-03,1,0.0%,2,0%,188,0.0%,13.3%,150000,150000 ( 100.0% ),25,25 ( 100.0% ),269657820,35509,107
2016-12-04,1,0.0%,2,0%,188,0.0%,28.7%,321000,171000 ( 114.0% ),54,29 ( 116.0% ),269978820,35563,80
2016-12-05,1,0.0%,1,0%,94,0.0%,1.1%,6000,-315000 ( -98.1% ),1,-53 ( -98.1% ),269984820,35564,131
2016-12-06,1,0.0%,1,0%,94,0.0%,5.3%,30000,24000 ( 400.0% ),5,4 ( 400.0% ),270014820,35569,118
2017-03-13,1,0.0%,2,0%,172,0.0%,3.5%,35500,35500 ( 100.0% ),6,6 ( 100.0% ),270050320,35575,72
2017-03-20,1,0.0%,1,0%,86,0.0%,2.3%,12000,12000 ( 100.0% ),2,2 ( 100.0% ),270062320,35577,86
2017-03-22,1,0.0%,1,0%,86,0.0%,0.0%,0,0 ( 0.0% ),0,0 ( 0.0% ),270062320,35577,117
2017-03-23,1,0.0%,1,0%,86,0.0%,2.3%,12000,12000 ( 100.0% ),2,2 ( 100.0% ),270074320,35579,111
2017-03-27,1,0.0%,1,0%,86,0.0%,2.3%,12000,12000 ( 100.0% ),2,2 ( 100.0% ),270086320,35581,105
2017-03-28,1,0.0%,1,0%,86,0.0%,2.3%,12000,0 ( 0.0% ),2,0 ( 0.0% ),270098320,35583,129
2017-03-29,1,0.0%,1,0%,86,0.0%,2.3%,12000,0 ( 0.0% ),2,0 ( 0.0% ),270110320,35585,120
2017-04-05,1,0.0%,1,0%,86,0.0%,2.3%,12000,12000 ( 100.0% ),2,2 ( 100.0% ),270122320,35587,93
2017-04-20,1,0.0%,1,0%,86,0.0%,2.3%,12000,12000 ( 100.0% ),2,2 ( 100.0% ),270134320,35589,101
2017-04-27,1,0.0%,1,0%,32,0.0%,6.3%,10000,10000 ( 100.0% ),2,2 ( 100.0% ),270144320,35591,102
2017-04-28,1,0.0%,1,0%,32,0.0%,12.5%,20000,10000 ( 100.0% ),4,2 ( 100.0% ),270164320,35595,93
2017-04-29,1,0.0%,2,0%,64,0.0%,28.1%,90000,70000 ( 350.0% ),18,14 ( 350.0% ),270254320,35613,86
2017-04-30,1,0.0%,2,0%,64,0.0%,23.4%,83000,-7000 ( -7.8% ),15,-3 ( -16.7% ),270337320,35628,80
2017-05-01,1,0.0%,1,0%,32,0.0%,31.3%,51000,-32000 ( -38.6% ),10,-5 ( -33.3% ),270388320,35638,82
2017-05-02,1,0.0%,1,0%,32,0.0%,21.9%,35000,-16000 ( -31.4% ),7,-3 ( -30.0% ),270423320,35645,85
2018-06-17,1,0.0%,1,0%,126,0.0%,4.0%,30000,30000 ( 100.0% ),5,5 ( 100.0% ),270453320,35650,82
2018-06-23,1,0.0%,1,0%,126,0.0%,6.3%,46000,46000 ( 100.0% ),8,8 ( 100.0% ),270499320,35658,82
2018-06-26,1,0.0%,1,0%,126,0.0%,1.6%,10000,10000 ( 100.0% ),2,2 ( 100.0% ),270509320,35660,91
2018-06-30,1,0.0%,1,0%,126,0.0%,3.2%,24000,24000 ( 100.0% ),4,4 ( 100.0% ),270533320,35664,104
2018-07-04,1,0.0%,1,0%,126,0.0%,1.6%,12000,12000 ( 100.0% ),2,2 ( 100.0% ),270545320,35666,97
2018-12-17,1,0.0%,1,0%,94,0.0%,2.1%,12000,12000 ( 100.0% ),2,2 ( 100.0% ),270557320,35668,99
