날짜,스크린수,스크린점유율,상영횟수,상영점유율,좌석수,좌석점유율,좌석판매율,매출액,매출액증감(전일대비),관객수,관객수증감(전일대비),누적매출액,누적관객수,순위
2017-12-02,1,0.0%,1,0%,293,0.0%,90.1%,2598000,2598000 ( 100.0% ),264,264 ( 100.0% ),2598000,264,39
2017-12-06,1,0.0%,1,0%,293,0.0%,41.3%,1069000,1069000 ( 100.0% ),121,121 ( 100.0% ),3667000,385,50
2017-12-07,2,0.0%,2,0%,244,0.0%,70.9%,1932000,863000 ( 80.7% ),173,52 ( 43.0% ),5599000,558,46
2017-12-12,3,0.0%,3,0%,371,0.0%,96.2%,2650000,2650000 ( 100.0% ),357,357 ( 100.0% ),8249000,915,34
2017-12-13,2,0.0%,2,0%,320,0.0%,40.0%,828000,-1822000 ( -68.8% ),128,-229 ( -64.1% ),9077000,1043,50
2017-12-16,3,0.0%,3,0%,276,0.0%,72.8%,1766000,1766000 ( 100.0% ),201,201 ( 100.0% ),10843000,1244,34
2017-12-17,2,0.0%,2,0%,219,0.0%,66.2%,1157500,-608500 ( -34.5% ),145,-56 ( -27.9% ),12000500,1389,34
2017-12-19,4,0.1%,4,0%,586,0.0%,71.8%,2652000,2652000 ( 100.0% ),421,421 ( 100.0% ),14652500,1810,24
2017-12-21,62,1.1%,102,0.6%,12616,0.5%,16.0%,14833600,14833600 ( 100.0% ),2023,2023 ( 100.0% ),29486100,3833,11
2017-12-22,59,1.0%,102,0.6%,12279,0.4%,15.2%,15468900,635300 ( 4.3% ),1868,-155 ( -7.7% ),44955000,5701,10
2017-12-23,60,1.0%,97,0.5%,12002,0.4%,22.6%,22761300,7292400 ( 47.1% ),2709,841 ( 45.0% ),67716300,8410,13
2017-12-24,58,0.9%,99,0.5%,11913,0.4%,31.5%,32243300,9482000 ( 41.7% ),3754,1045 ( 38.6% ),99959600,12164,12
2017-12-25,60,1.0%,96,0.5%,11596,0.4%,32.0%,32222500,-20800 ( -0.1% ),3708,-46 ( -1.2% ),132182100,15872,12
2017-12-26,62,1.1%,127,0.7%,15109,0.6%,13.7%,15221800,-17000700 ( -52.8% ),2069,-1639 ( -44.2% ),147403900,17941,10
2017-12-27,49,0.9%,114,0.7%,13389,0.5%,18.6%,15687000,465200 ( 3.1% ),2484,415 ( 20.1% ),163090900,20425,10
2017-12-28,42,0.8%,72,0.4%,9274,0.3%,17.0%,12237500,-3449500 ( -22.0% ),1577,-907 ( -36.5% ),175328400,22002,13
2017-12-29,43,0.8%,76,0.4%,9944,0.3%,17.5%,14669500,2432000 ( 19.9% ),1744,167 ( 10.6% ),189997900,23746,14
2017-12-30,40,0.7%,79,0.4%,10104,0.3%,26.9%,23525000,8855500 ( 60.4% ),2714,970 ( 55.6% ),213522900,26460,11
2017-12-31,39,0.7%,80,0.4%,10276,0.3%,27.4%,24313400,788400 ( 3.4% ),2817,103 ( 3.8% ),237836300,29277,11
2018-01-01,36,0.6%,74,0.4%,9341,0.3%,28.3%,23044100,-1269300 ( -5.2% ),2644,-173 ( -6.1% ),260880400,31921,11
2018-01-02,40,0.7%,78,0.5%,9835,0.4%,11.9%,8779500,-14264600 ( -61.9% ),1166,-1478 ( -55.9% ),269659900,33087,11
2018-01-03,39,0.7%,78,0.4%,9455,0.3%,12.1%,8718000,-61500 ( -0.7% ),1140,-26 ( -2.2% ),278377900,34227,15
2018-01-04,42,0.8%,59,0.3%,7545,0.3%,13.0%,7506600,-1211400 ( -13.9% ),979,-161 ( -14.1% ),285884500,35206,15
2018-01-05,40,0.7%,54,0.3%,6793,0.2%,14.6%,8788800,1282200 ( 17.1% ),990,11 ( 1.1% ),294673300,36196,14
2018-01-06,41,0.7%,61,0.3%,8062,0.3%,22.6%,15980600,7191800 ( 81.8% ),1819,829 ( 83.7% ),310653900,38015,13
2018-01-07,42,0.7%,57,0.3%,7350,0.3%,21.8%,14043600,-1937000 ( -12.1% ),1599,-220 ( -12.1% ),324697500,39614,13
2018-01-08,41,0.8%,50,0.3%,6310,0.2%,15.2%,7326500,-6717100 ( -47.8% ),960,-639 ( -40.0% ),332024000,40574,12
2018-01-09,43,0.8%,52,0.3%,6846,0.2%,14.4%,7338700,12200 ( 0.2% ),988,28 ( 2.9% ),339362700,41562,11
2018-01-10,39,0.7%,53,0.3%,6862,0.3%,14.8%,7784400,445700 ( 6.1% ),1015,27 ( 2.7% ),347147100,42577,13
2018-01-11,38,0.7%,49,0.3%,6209,0.2%,11.7%,5356700,-2427700 ( -31.2% ),725,-290 ( -28.6% ),352503800,43302,17
2018-01-12,40,0.7%,54,0.3%,6812,0.2%,12.0%,7374500,2017800 ( 37.7% ),819,94 ( 13.0% ),359878300,44121,16
2018-01-13,38,0.6%,53,0.3%,6863,0.2%,21.5%,12881000,5506500 ( 74.7% ),1474,655 ( 80.0% ),372759300,45595,12
2018-01-14,37,0.6%,51,0.3%,6014,0.2%,23.8%,12245500,-635500 ( -4.9% ),1429,-45 ( -3.1% ),385004800,47024,11
2018-01-15,37,0.7%,50,0.3%,6200,0.2%,11.8%,5698000,-6547500 ( -53.5% ),733,-696 ( -48.7% ),390702800,47757,13
2018-01-16,38,0.7%,52,0.3%,6011,0.2%,11.8%,5472400,-225600 ( -4.0% ),712,-21 ( -2.9% ),396175200,48469,15
2018-01-17,37,0.7%,51,0.3%,5693,0.2%,11.9%,5128700,-343700 ( -6.3% ),679,-33 ( -4.6% ),401303900,49148,16
2018-01-18,30,0.5%,43,0.3%,4786,0.2%,11.2%,3994500,-1134200 ( -22.1% ),537,-142 ( -20.9% ),405298400,49685,20
2018-01-19,30,0.5%,47,0.3%,5834,0.2%,21.4%,11780600,7786100 ( 194.9% ),1250,713 ( 132.8% ),417079000,50935,14
2018-01-20,34,0.6%,45,0.2%,5009,0.2%,23.7%,10399600,-1381000 ( -11.7% ),1188,-62 ( -5.0% ),427478600,52123,15
2018-01-21,35,0.6%,46,0.3%,5064,0.2%,22.3%,9739100,-660500 ( -6.4% ),1129,-59 ( -5.0% ),437217700,53252,15
2018-01-22,26,0.5%,36,0.2%,3922,0.1%,12.8%,3789500,-5949600 ( -61.1% ),502,-627 ( -55.5% ),441007200,53754,15
2018-01-23,32,0.6%,43,0.3%,4817,0.2%,12.5%,4504500,715000 ( 18.9% ),602,100 ( 19.9% ),445511700,54356,16
2018-01-24,33,0.6%,44,0.3%,4692,0.2%,8.8%,3076000,-1428500 ( -31.7% ),415,-187 ( -31.1% ),448587700,54771,21
2018-01-25,18,0.3%,21,0.1%,2746,0.1%,11.2%,2344500,-731500 ( -23.8% ),307,-108 ( -26.0% ),450932200,55078,30
2018-01-26,20,0.3%,24,0.1%,3043,0.1%,14.0%,3680000,1335500 ( 57.0% ),425,118 ( 38.4% ),454612200,55503,25
2018-01-27,23,0.3%,27,0.1%,3364,0.1%,24.8%,7432000,3752000 ( 102.0% ),835,410 ( 96.5% ),462044200,56338,19
2018-01-28,21,0.3%,27,0.1%,3258,0.1%,22.8%,6565000,-867000 ( -11.7% ),743,-92 ( -11.0% ),468609200,57081,18
2018-01-29,15,0.2%,19,0.1%,2343,0.1%,14.0%,2657000,-3908000 ( -59.5% ),329,-414 ( -55.7% ),471266200,57410,23
2018-01-30,17,0.3%,19,0.1%,2230,0.1%,17.9%,3126900,469900 ( 17.7% ),400,71 ( 21.6% ),474393100,57810,25
2018-01-31,20,0.3%,24,0.1%,3055,0.1%,15.6%,3119500,-7400 ( -0.2% ),477,77 ( 19.3% ),477512600,58287,22
2018-02-01,13,0.2%,14,0.1%,1576,0.1%,15.8%,1928500,-1191000 ( -38.2% ),249,-228 ( -47.8% ),479441100,58536,36
2018-02-02,14,0.2%,17,0.1%,2197,0.1%,13.1%,2577000,648500 ( 33.6% ),288,39 ( 15.7% ),482018100,58824,30
2018-02-03,16,0.2%,18,0.1%,2193,0.1%,33.4%,7596400,5019400 ( 194.8% ),732,444 ( 154.2% ),489614500,59556,23
2018-02-04,16,0.2%,19,0.1%,2287,0.1%,25.4%,5935500,-1660900 ( -21.9% ),580,-152 ( -20.8% ),495550000,60136,24
2018-02-05,13,0.2%,16,0.1%,2033,0.1%,10.4%,1701000,-4234500 ( -71.3% ),211,-369 ( -63.6% ),497251000,60347,30
2018-02-06,10,0.2%,12,0.1%,1711,0.1%,9.0%,1254000,-447000 ( -26.3% ),154,-57 ( -27.0% ),498505000,60501,41
2018-02-07,14,0.2%,19,0.1%,2306,0.1%,10.9%,2056000,802000 ( 64.0% ),252,98 ( 63.6% ),500561000,60753,29
2018-02-08,13,0.2%,15,0.1%,1458,0.1%,12.3%,1449800,-606200 ( -29.5% ),179,-73 ( -29.0% ),502010800,60932,38
2018-02-09,16,0.3%,18,0.1%,2007,0.1%,14.9%,2546500,1096700 ( 75.6% ),299,120 ( 67.0% ),504557300,61231,32
2018-02-10,15,0.2%,20,0.1%,2358,0.1%,20.3%,4374000,1827500 ( 71.8% ),478,179 ( 59.9% ),508931300,61709,26
2018-02-11,17,0.3%,21,0.1%,2527,0.1%,18.4%,4292500,-81500 ( -1.9% ),466,-12 ( -2.5% ),513223800,62175,25
2018-02-12,10,0.2%,11,0.1%,990,0.0%,11.1%,906500,-3386000 ( -78.9% ),110,-356 ( -76.4% ),514130300,62285,43
2018-02-13,13,0.2%,16,0.1%,1426,0.1%,11.5%,1272000,365500 ( 40.3% ),164,54 ( 49.1% ),515402300,62449,41
2018-02-14,11,0.2%,15,0.1%,1663,0.1%,12.6%,1673200,401200 ( 31.5% ),210,46 ( 28.0% ),517075500,62659,28
2018-02-15,13,0.2%,18,0.1%,2180,0.1%,11.9%,2342000,668800 ( 40.0% ),259,49 ( 23.3% ),519417500,62918,29
2018-02-16,14,0.2%,17,0.1%,1795,0.1%,13.5%,2084000,-258000 ( -11.0% ),243,-16 ( -6.2% ),521501500,63161,27
2018-02-17,15,0.2%,19,0.1%,2456,0.1%,15.8%,3273000,1189000 ( 57.1% ),387,144 ( 59.3% ),524774500,63548,27
2018-02-18,12,0.2%,17,0.1%,2240,0.1%,11.3%,2089000,-1184000 ( -36.2% ),252,-135 ( -34.9% ),526863500,63800,31
2018-02-19,12,0.2%,15,0.1%,1143,0.0%,13.9%,1225000,-864000 ( -41.4% ),159,-93 ( -36.9% ),528088500,63959,38
2018-02-20,8,0.1%,10,0.1%,1620,0.1%,6.4%,726000,-499000 ( -40.7% ),104,-55 ( -34.6% ),528814500,64063,52
2018-02-21,11,0.2%,14,0.1%,1025,0.0%,12.3%,1005000,279000 ( 38.4% ),126,22 ( 21.2% ),529819500,64189,49
2018-02-22,3,0.1%,4,0%,182,0.0%,14.3%,218000,-787000 ( -78.3% ),26,-100 ( -79.4% ),530037500,64215,73
2018-02-23,6,0.1%,7,0%,675,0.0%,17.6%,751000,533000 ( 244.5% ),119,93 ( 357.7% ),530788500,64334,47
2018-02-24,7,0.1%,8,0%,622,0.0%,13.2%,667000,-84000 ( -11.2% ),82,-37 ( -31.1% ),531455500,64416,51
2018-02-25,5,0.1%,6,0%,489,0.0%,16.6%,702400,35400 ( 5.3% ),81,-1 ( -1.2% ),532157900,64497,47
2018-02-26,5,0.1%,6,0%,433,0.0%,12.7%,407000,-295400 ( -42.1% ),55,-26 ( -32.1% ),532564900,64552,51
2018-02-27,3,0.1%,4,0%,422,0.0%,8.8%,243000,-164000 ( -40.3% ),37,-18 ( -32.7% ),532807900,64589,63
2018-02-28,2,0.0%,3,0%,210,0.0%,16.2%,253000,10000 ( 4.1% ),34,-3 ( -8.1% ),533060900,64623,71
2018-03-01,3,0.0%,4,0%,170,0.0%,37.1%,584000,331000 ( 130.8% ),63,29 ( 85.3% ),533644900,64686,54
2018-03-02,5,0.1%,6,0%,528,0.0%,10.0%,468000,-116000 ( -19.9% ),53,-10 ( -15.9% ),534112900,64739,54
2018-03-03,5,0.1%,7,0%,522,0.0%,23.9%,1129000,661000 ( 141.2% ),125,72 ( 135.8% ),535241900,64864,41
2018-03-04,5,0.1%,6,0%,500,0.0%,12.8%,498000,-631000 ( -55.9% ),64,-61 ( -48.8% ),535739900,64928,53
2018-03-05,5,0.1%,6,0%,273,0.0%,15.4%,319000,-179000 ( -35.9% ),42,-22 ( -34.4% ),536058900,64970,54
2018-03-06,7,0.1%,8,0%,712,0.0%,5.9%,283000,-36000 ( -11.3% ),42,0 ( 0.0% ),536341900,65012,56
2018-03-07,2,0.0%,2,0%,248,0.0%,8.1%,118000,-165000 ( -58.3% ),20,-22 ( -52.4% ),536459900,65032,68
2018-03-09,2,0.0%,2,0%,328,0.0%,9.5%,210000,210000 ( 100.0% ),31,31 ( 100.0% ),536669900,65063,54
2018-03-10,3,0.0%,3,0%,217,0.0%,7.8%,134000,-76000 ( -36.2% ),17,-14 ( -45.2% ),536803900,65080,78
2018-03-11,1,0.0%,1,0%,126,0.0%,9.5%,79000,-55000 ( -41.0% ),12,-5 ( -29.4% ),536882900,65092,81
2018-03-12,2,0.0%,2,0%,184,0.0%,7.1%,109000,30000 ( 38.0% ),13,1 ( 8.3% ),536991900,65105,69
2018-03-13,1,0.0%,1,0%,126,0.0%,2.4%,21000,-88000 ( -80.7% ),3,-10 ( -76.9% ),537012900,65108,101
2018-03-16,1,0.0%,1,0%,40,0.0%,17.5%,60000,60000 ( 100.0% ),7,7 ( 100.0% ),537072900,65115,70
2018-03-21,1,0.0%,1,0%,202,0.0%,15.8%,249000,249000 ( 100.0% ),32,32 ( 100.0% ),537321900,65147,56
2018-04-21,1,0.0%,1,0%,36,0.0%,97.2%,245000,245000 ( 100.0% ),35,35 ( 100.0% ),537566900,65182,81
2018-04-25,1,0.0%,1,0%,90,0.0%,3.3%,18000,18000 ( 100.0% ),3,3 ( 100.0% ),537584900,65185,81
2018-04-29,1,0.0%,1,0%,52,0.0%,15.4%,48000,48000 ( 100.0% ),8,8 ( 100.0% ),537632900,65193,79
2018-08-30,1,0.0%,1,0%,130,0.0%,3.1%,26000,26000 ( 100.0% ),4,4 ( 100.0% ),537658900,65197,97
2018-09-03,1,0.0%,1,0%,130,0.0%,3.1%,26000,26000 ( 100.0% ),4,4 ( 100.0% ),537684900,65201,74
2018-09-12,1,0.0%,1,0%,138,0.0%,11.6%,143000,143000 ( 100.0% ),16,16 ( 100.0% ),537827900,65217,81
2018-09-14,1,0.0%,1,0%,138,0.0%,20.3%,265000,265000 ( 100.0% ),28,28 ( 100.0% ),538092900,65245,88
2018-11-24,1,0.0%,1,0%,432,0.0%,81.5%,3168000,3168000 ( 100.0% ),352,352 ( 100.0% ),541260900,65597,24
2018-11-27,1,0.0%,1,0%,73,0.0%,34.2%,203500,203500 ( 100.0% ),25,25 ( 100.0% ),541464400,65622,85
2018-12-12,1,0.0%,1,0%,40,0.0%,17.5%,63000,63000 ( 100.0% ),7,7 ( 100.0% ),541527400,65629,88
2018-12-14,1,0.0%,1,0%,40,0.0%,22.5%,84000,84000 ( 100.0% ),9,9 ( 100.0% ),541611400,65638,99
2018-12-15,1,0.0%,1,0%,40,0.0%,25.0%,100000,16000 ( 19.0% ),10,1 ( 11.1% ),541711400,65648,88
2018-12-16,1,0.0%,1,0%,40,0.0%,22.5%,90000,-10000 ( -10.0% ),9,-1 ( -10.0% ),541801400,65657,91
2018-12-18,1,0.0%,1,0%,40,0.0%,22.5%,79000,79000 ( 100.0% ),9,9 ( 100.0% ),541880400,65666,96
2018-12-20,6,0.1%,6,0%,661,0.0%,6.5%,360000,360000 ( 100.0% ),43,43 ( 100.0% ),542240400,65709,69
2018-12-21,1,0.0%,1,0%,112,0.0%,12.5%,147000,-213000 ( -59.2% ),14,-29 ( -67.4% ),542387400,65723,83
2018-12-22,3,0.0%,3,0%,241,0.0%,21.6%,492000,345000 ( 234.7% ),52,38 ( 271.4% ),542879400,65775,53
2018-12-23,11,0.2%,11,0.1%,1312,0.0%,10.1%,1098000,606000 ( 123.2% ),133,81 ( 155.8% ),543977400,65908,36
2018-12-24,2,0.0%,2,0%,223,0.0%,26.0%,484700,-613300 ( -55.9% ),58,-75 ( -56.4% ),544462100,65966,50
2018-12-26,3,0.0%,3,0%,235,0.0%,41.7%,546000,546000 ( 100.0% ),98,98 ( 100.0% ),545008100,66064,41
2018-12-27,4,0.1%,4,0%,427,0.0%,24.8%,897500,351500 ( 64.4% ),106,8 ( 8.2% ),545905600,66170,48
2018-12-28,6,0.1%,6,0%,702,0.0%,19.8%,1229500,332000 ( 37.0% ),139,33 ( 31.1% ),547135100,66309,44
2018-12-29,5,0.1%,5,0%,524,0.0%,33.8%,1567500,338000 ( 27.5% ),177,38 ( 27.3% ),548702600,66486,38
2018-12-30,3,0.0%,3,0%,232,0.0%,56.9%,1150500,-417000 ( -26.6% ),132,-45 ( -25.4% ),549853100,66618,38
2018-12-31,14,0.2%,14,0.1%,1572,0.1%,28.0%,3338108,2187608 ( 190.1% ),440,308 ( 233.3% ),553191208,67058,24
2019-01-02,3,0.0%,3,0%,325,0.0%,38.2%,1059500,1059500 ( 100.0% ),124,124 ( 100.0% ),554250708,67182,39
2019-01-07,7,0.1%,7,0%,751,0.0%,8.0%,532000,532000 ( 100.0% ),60,60 ( 100.0% ),554782708,67242,48
2019-01-08,3,0.0%,3,0%,424,0.0%,6.4%,212000,-320000 ( -60.2% ),27,-33 ( -55.0% ),554994708,67269,69
2019-02-04,1,0.0%,1,0%,72,0.0%,94.4%,671000,671000 ( 100.0% ),68,68 ( 100.0% ),555665708,67337,39
2019-02-13,1,0.0%,1,0%,72,0.0%,30.6%,197000,197000 ( 100.0% ),22,22 ( 100.0% ),555862708,67359,65
2019-04-30,1,0.0%,1,0%,92,0.0%,96.7%,886000,886000 ( 100.0% ),89,89 ( 100.0% ),556748708,67448,58
2019-06-13,2,0.0%,2,0%,80,0.0%,100.0%,560000,560000 ( 100.0% ),80,80 ( 100.0% ),557308708,67528,55
2019-06-20,1,0.0%,1,0%,138,0.0%,8.7%,97000,97000 ( 100.0% ),12,12 ( 100.0% ),557405708,67540,72
2019-06-23,1,0.0%,1,0%,138,0.0%,17.4%,143000,143000 ( 100.0% ),24,24 ( 100.0% ),557548708,67564,67
2019-08-08,1,0.0%,1,0%,94,0.0%,43.6%,324000,324000 ( 100.0% ),41,41 ( 100.0% ),557872708,67605,53
2019-08-10,1,0.0%,1,0%,94,0.0%,93.6%,1320000,1320000 ( 100.0% ),88,88 ( 100.0% ),559192708,67693,46
2019-08-11,1,0.0%,1,0%,94,0.0%,68.1%,565500,-754500 ( -57.2% ),64,-24 ( -27.3% ),559758208,67757,50
2019-08-15,1,0.0%,1,0%,94,0.0%,91.5%,1290000,1290000 ( 100.0% ),86,86 ( 100.0% ),561048208,67843,49
2019-08-17,1,0.0%,1,0%,94,0.0%,88.3%,1239000,1239000 ( 100.0% ),83,83 ( 100.0% ),562287208,67926,64
2019-08-21,1,0.0%,1,0%,94,0.0%,44.7%,366000,366000 ( 100.0% ),42,42 ( 100.0% ),562653208,67968,64
2020-01-05,1,0.0%,1,0%,118,0.0%,33.9%,360000,360000 ( 100.0% ),40,40 ( 100.0% ),563013208,68008,49
