날짜,스크린수,스크린점유율,상영횟수,상영점유율,좌석수,좌석점유율,좌석판매율,매출액,매출액증감(전일대비),관객수,관객수증감(전일대비),누적매출액,누적관객수,순위
2018-03-16,1,0.0%,1,0%,303,0.0%,66.0%,2000000,2000000 ( 100.0% ),200,200 ( 100.0% ),2000000,200,34
2018-03-21,1105,21.7%,5470,34.2%,1054943,40.9%,10.9%,924423500,924423500 ( 100.0% ),114862,114862 ( 100.0% ),926423500,115062,1
2018-03-22,1064,20.1%,5695,33.7%,1118515,40.9%,7.9%,704720600,-219702900 ( -23.8% ),87997,-26865 ( -23.4% ),1631144100,203059,1
2018-03-23,1092,20.0%,5862,33.5%,1138822,40.4%,10.5%,1043333065,338612465 ( 48.0% ),119455,31458 ( 35.7% ),2674477165,322514,1
2018-03-24,1145,18.7%,6109,32.4%,1151743,38.4%,25.8%,2561882277,1518549212 ( 145.5% ),296735,177280 ( 148.4% ),5236359442,619249,1
2018-03-25,1125,18.7%,5924,32.5%,1109891,38.2%,21.5%,2041526700,-520355577 ( -20.3% ),239152,-57583 ( -19.4% ),7277886142,858401,1
2018-03-26,1027,19.7%,5227,32.2%,1001388,38.0%,4.8%,378428900,-1663097800 ( -81.5% ),48325,-190827 ( -79.8% ),7656315042,906726,2
2018-03-27,1038,19.3%,5042,31.2%,967673,37.1%,4.1%,315716800,-62712100 ( -16.6% ),39970,-8355 ( -17.3% ),7972031842,946696,2
2018-03-28,550,10.3%,1671,9.8%,238094,8.7%,9.8%,138668400,-177048400 ( -56.1% ),23378,-16592 ( -41.5% ),8110700242,970074,5
2018-03-29,521,10.0%,1549,9.1%,226408,8.3%,5.3%,89778400,-48890000 ( -35.3% ),11903,-11475 ( -49.1% ),8200478642,981977,5
2018-03-30,502,9.5%,1399,7.9%,198271,7.1%,7.4%,120371275,30592875 ( 34.1% ),14592,2689 ( 22.6% ),8320849917,996569,5
2018-03-31,486,8.6%,1148,6.1%,150542,5.0%,20.2%,247275178,126903903 ( 105.4% ),30357,15765 ( 108.0% ),8568125095,1026926,5
2018-04-01,489,8.8%,1092,5.9%,142109,4.9%,17.9%,205295800,-41979378 ( -17.0% ),25460,-4897 ( -16.1% ),8773420895,1052386,5
2018-04-02,427,9.1%,1023,6.2%,146419,5.4%,4.3%,47685500,-157610300 ( -76.8% ),6320,-19140 ( -75.2% ),8821106395,1058706,5
2018-04-03,434,8.8%,950,5.8%,136566,5.1%,3.7%,37072000,-10613500 ( -22.3% ),5016,-1304 ( -20.6% ),8858178395,1063722,5
2018-04-04,353,7.2%,763,4.5%,106770,3.9%,4.3%,33576700,-3495300 ( -9.4% ),4543,-473 ( -9.4% ),8891755095,1068265,6
2018-04-05,57,1.1%,101,0.6%,12848,0.4%,6.7%,6351400,-27225300 ( -81.1% ),864,-3679 ( -81.0% ),8898106495,1069129,14
2018-04-06,59,1.1%,94,0.5%,11994,0.4%,9.0%,8850300,2498900 ( 39.3% ),1082,218 ( 25.2% ),8906956795,1070211,12
2018-04-07,45,0.8%,78,0.4%,9468,0.3%,20.1%,15707800,6857500 ( 77.5% ),1899,817 ( 75.5% ),8922664595,1072110,13
2018-04-08,50,0.9%,81,0.4%,9843,0.3%,17.8%,14166100,-1541700 ( -9.8% ),1753,-146 ( -7.7% ),8936830695,1073863,13
2018-04-09,42,0.8%,67,0.4%,9260,0.3%,4.4%,3114100,-11052000 ( -78.0% ),409,-1344 ( -76.7% ),8939944795,1074272,16
2018-04-10,43,0.9%,65,0.4%,9357,0.3%,3.6%,2503100,-611000 ( -19.6% ),334,-75 ( -18.3% ),8942447895,1074606,18
2018-04-11,44,0.8%,66,0.4%,9323,0.3%,4.9%,3388400,885300 ( 35.4% ),457,123 ( 36.8% ),8945836295,1075063,18
2018-04-12,6,0.1%,7,0%,1248,0.0%,1.5%,147000,-3241400 ( -95.7% ),19,-438 ( -95.8% ),8945983295,1075082,70
2018-04-13,9,0.1%,11,0.1%,1762,0.1%,9.0%,1071300,924300 ( 628.8% ),159,140 ( 736.8% ),8947054595,1075241,34
2018-04-14,6,0.1%,11,0.1%,1686,0.1%,11.6%,1621300,550000 ( 51.3% ),195,36 ( 22.6% ),8948675895,1075436,37
2018-04-15,5,0.1%,10,0.1%,1508,0.0%,11.5%,1560900,-60400 ( -3.7% ),173,-22 ( -11.3% ),8950236795,1075609,35
2018-04-16,4,0.1%,5,0%,775,0.0%,2.1%,113600,-1447300 ( -92.7% ),16,-157 ( -90.8% ),8950350395,1075625,59
2018-04-17,3,0.1%,4,0%,671,0.0%,3.0%,143000,29400 ( 25.9% ),20,4 ( 25.0% ),8950493395,1075645,68
2018-04-18,20,0.4%,22,0.1%,3356,0.1%,13.8%,3365000,3222000 ( 2253.1% ),462,442 ( 2210.0% ),8953858395,1076107,20
2018-04-19,3,0.0%,3,0%,569,0.0%,51.3%,2296000,-1069000 ( -31.8% ),292,-170 ( -36.8% ),8956154395,1076399,32
2018-04-20,2,0.0%,2,0%,263,0.0%,15.2%,320000,-1976000 ( -86.1% ),40,-252 ( -86.3% ),8956474395,1076439,75
2018-04-21,7,0.1%,8,0%,1266,0.0%,7.5%,857600,537600 ( 168.0% ),95,55 ( 137.5% ),8957331995,1076534,63
2018-04-22,6,0.1%,7,0%,1079,0.0%,8.4%,809300,-48300 ( -5.6% ),91,-4 ( -4.2% ),8958141295,1076625,60
2018-04-23,3,0.0%,4,0%,619,0.0%,7.9%,366500,-442800 ( -54.7% ),49,-42 ( -46.2% ),8958507795,1076674,56
2018-04-24,3,0.0%,3,0%,441,0.0%,9.3%,285000,-81500 ( -22.2% ),41,-8 ( -16.3% ),8958792795,1076715,70
2018-04-25,2,0.0%,2,0%,263,0.0%,15.2%,280000,-5000 ( -1.8% ),40,-1 ( -2.4% ),8959072795,1076755,57
2018-04-26,2,0.0%,2,0%,263,0.0%,15.2%,280000,0 ( 0.0% ),40,0 ( 0.0% ),8959352795,1076795,69
2018-04-27,2,0.0%,2,0%,263,0.0%,15.2%,320000,40000 ( 14.3% ),40,0 ( 0.0% ),8959672795,1076835,59
2018-04-28,2,0.0%,2,0%,263,0.0%,15.2%,320000,0 ( 0.0% ),40,0 ( 0.0% ),8959992795,1076875,60
2018-04-29,2,0.0%,2,0%,263,0.0%,15.2%,320000,0 ( 0.0% ),40,0 ( 0.0% ),8960312795,1076915,58
2018-04-30,2,0.0%,2,0%,263,0.0%,15.2%,280000,-40000 ( -12.5% ),40,0 ( 0.0% ),8960592795,1076955,55
2018-05-01,2,0.0%,2,0%,256,0.0%,15.6%,280000,0 ( 0.0% ),40,0 ( 0.0% ),8960872795,1076995,66
2018-05-02,2,0.0%,2,0%,263,0.0%,15.2%,280000,0 ( 0.0% ),40,0 ( 0.0% ),8961152795,1077035,61
2018-05-03,2,0.0%,2,0%,263,0.0%,15.2%,280000,0 ( 0.0% ),40,0 ( 0.0% ),8961432795,1077075,63
2018-05-04,2,0.0%,2,0%,263,0.0%,15.2%,320000,40000 ( 14.3% ),40,0 ( 0.0% ),8961752795,1077115,57
2018-05-05,2,0.0%,2,0%,263,0.0%,15.2%,320000,0 ( 0.0% ),40,0 ( 0.0% ),8962072795,1077155,57
2018-05-06,2,0.0%,2,0%,263,0.0%,15.2%,320000,0 ( 0.0% ),40,0 ( 0.0% ),8962392795,1077195,58
2018-05-07,2,0.0%,2,0%,263,0.0%,15.2%,320000,0 ( 0.0% ),40,0 ( 0.0% ),8962712795,1077235,52
