날짜,스크린수,스크린점유율,상영횟수,상영점유율,좌석수,좌석점유율,좌석판매율,매출액,매출액증감(전일대비),관객수,관객수증감(전일대비),누적매출액,누적관객수,순위
2018-10-15,3,0.1%,4,0%,1089,0.0%,90.2%,8846000,8846000 ( 100.0% ),982,982 ( 100.0% ),8846000,982,12
2018-10-22,8,0.1%,8,0%,2624,0.1%,98.2%,21988000,21988000 ( 100.0% ),2576,2576 ( 100.0% ),30834000,3558,9
2018-10-23,1,0.0%,1,0%,332,0.0%,100.0%,2324000,-19664000 ( -89.4% ),332,-2244 ( -87.1% ),33158000,3890,24
2018-10-24,1,0.0%,1,0%,149,0.0%,100.0%,1043000,-1281000 ( -55.1% ),149,-183 ( -55.1% ),34201000,4039,38
2018-10-27,1,0.0%,2,0%,298,0.0%,83.9%,2000000,2000000 ( 100.0% ),250,250 ( 100.0% ),36201000,4289,28
2018-10-30,5,0.1%,5,0%,1243,0.0%,84.9%,7275000,7275000 ( 100.0% ),1055,1055 ( 100.0% ),43476000,5344,12
2018-10-31,137,2.3%,193,1.1%,24812,0.9%,24.5%,39280700,32005700 ( 439.9% ),6090,5035 ( 477.3% ),82756700,11434,11
2018-11-01,181,3.1%,257,1.5%,31654,1.1%,15.4%,37931400,-1349300 ( -3.4% ),4876,-1214 ( -19.9% ),120688100,16310,10
2018-11-02,179,3.0%,256,1.4%,32187,1.1%,17.3%,45766500,7835100 ( 20.7% ),5556,680 ( 13.9% ),166454600,21866,10
2018-11-03,177,2.8%,230,1.2%,29070,1.0%,9.9%,24477150,-21289350 ( -46.5% ),2866,-2690 ( -48.4% ),190931750,24732,15
2018-11-04,165,2.7%,215,1.2%,27324,0.9%,9.4%,21303800,-3173350 ( -13.0% ),2573,-293 ( -10.2% ),212235550,27305,15
2018-11-05,173,3.2%,227,1.4%,28761,1.1%,4.9%,10638100,-10665700 ( -50.1% ),1412,-1161 ( -45.1% ),222873650,28717,11
2018-11-06,168,3.0%,223,1.3%,27767,1.0%,5.4%,10872700,234600 ( 2.2% ),1508,96 ( 6.8% ),233746350,30225,11
2018-11-07,77,1.5%,125,0.7%,15613,0.6%,8.6%,9993400,-879300 ( -8.1% ),1337,-171 ( -11.3% ),243739750,31562,12
2018-11-08,63,1.1%,94,0.5%,11043,0.4%,7.9%,6387850,-3605550 ( -36.1% ),876,-461 ( -34.5% ),250127600,32438,15
2018-11-09,60,1.1%,92,0.5%,11090,0.4%,10.3%,8541400,2153550 ( 33.7% ),1146,270 ( 30.8% ),258669000,33584,16
2018-11-10,56,0.9%,91,0.5%,10227,0.3%,11.6%,9742750,1201350 ( 14.1% ),1189,43 ( 3.8% ),268411750,34773,17
2018-11-11,53,0.9%,85,0.5%,9987,0.3%,8.9%,7328550,-2414200 ( -24.8% ),886,-303 ( -25.5% ),275740300,35659,20
2018-11-12,49,0.9%,77,0.5%,8501,0.3%,6.3%,4252500,-3076050 ( -42.0% ),534,-352 ( -39.7% ),279992800,36193,18
2018-11-13,54,1.0%,82,0.5%,8805,0.3%,8.8%,5205300,952800 ( 22.4% ),777,243 ( 45.5% ),285198100,36970,15
2018-11-14,35,0.7%,59,0.3%,5639,0.2%,10.0%,4122000,-1083300 ( -20.8% ),566,-211 ( -27.2% ),289320100,37536,16
2018-11-15,28,0.5%,41,0.2%,4830,0.2%,10.4%,3979300,-142700 ( -3.5% ),504,-62 ( -11.0% ),293299400,38040,22
2018-11-16,26,0.5%,43,0.2%,4846,0.2%,8.5%,3168800,-810500 ( -20.4% ),413,-91 ( -18.1% ),296468200,38453,19
2018-11-17,23,0.4%,39,0.2%,5048,0.2%,17.0%,6783400,3614600 ( 114.1% ),858,445 ( 107.7% ),303251600,39311,17
2018-11-18,23,0.4%,35,0.2%,4071,0.1%,13.7%,4618300,-2165100 ( -31.9% ),559,-299 ( -34.8% ),307869900,39870,20
2018-11-19,23,0.4%,33,0.2%,3681,0.1%,7.8%,2017000,-2601300 ( -56.3% ),287,-272 ( -48.7% ),309886900,40157,19
2018-11-20,26,0.5%,38,0.2%,4358,0.2%,6.2%,1973000,-44000 ( -2.2% ),271,-16 ( -5.6% ),311859900,40428,23
2018-11-21,29,0.6%,40,0.2%,4060,0.2%,9.8%,2896800,923800 ( 46.8% ),398,127 ( 46.9% ),314756700,40826,24
2018-11-22,15,0.3%,19,0.1%,1764,0.1%,21.5%,2330500,-566300 ( -19.5% ),379,-19 ( -4.8% ),317087200,41205,26
2018-11-23,15,0.3%,18,0.1%,1716,0.1%,20.5%,3137800,807300 ( 34.6% ),352,-27 ( -7.1% ),320225000,41557,27
2018-11-24,14,0.2%,14,0.1%,1118,0.0%,28.5%,2255700,-882100 ( -28.1% ),319,-33 ( -9.4% ),322480700,41876,28
2018-11-25,12,0.2%,12,0.1%,1157,0.0%,19.7%,1892500,-363200 ( -16.1% ),228,-91 ( -28.5% ),324373200,42104,29
2018-11-26,16,0.3%,24,0.1%,2609,0.1%,14.2%,2678100,785600 ( 41.5% ),370,142 ( 62.3% ),327051300,42474,20
2018-11-27,19,0.3%,23,0.1%,2907,0.1%,15.2%,3019500,341400 ( 12.7% ),443,73 ( 19.7% ),330070800,42917,28
2018-11-28,10,0.2%,13,0.1%,1587,0.1%,19.7%,1922000,-1097500 ( -36.3% ),312,-131 ( -29.6% ),331992800,43229,26
2018-11-29,13,0.2%,14,0.1%,1531,0.1%,14.3%,1511000,-411000 ( -21.4% ),219,-93 ( -29.8% ),333503800,43448,40
2018-11-30,12,0.2%,16,0.1%,1733,0.1%,38.7%,5260500,3749500 ( 248.1% ),670,451 ( 205.9% ),338764300,44118,17
2018-12-01,9,0.1%,12,0.1%,1341,0.0%,20.2%,2282000,-2978500 ( -56.6% ),271,-399 ( -59.6% ),341046300,44389,27
2018-12-02,11,0.2%,14,0.1%,1483,0.1%,12.7%,1339500,-942500 ( -41.3% ),189,-82 ( -30.3% ),342385800,44578,30
2018-12-03,11,0.2%,17,0.1%,2181,0.1%,13.2%,2317000,977500 ( 73.0% ),288,99 ( 52.4% ),344702800,44866,28
2018-12-04,15,0.3%,19,0.1%,1443,0.1%,24.3%,2497000,180000 ( 7.8% ),351,63 ( 21.9% ),347199800,45217,29
2018-12-05,10,0.2%,14,0.1%,1265,0.0%,9.5%,878500,-1618500 ( -64.8% ),120,-231 ( -65.8% ),348078300,45337,43
2018-12-06,6,0.1%,8,0%,708,0.0%,50.0%,2310000,1431500 ( 162.9% ),354,234 ( 195.0% ),350388300,45691,32
2018-12-07,6,0.1%,7,0%,757,0.0%,26.3%,1038000,-1272000 ( -55.1% ),199,-155 ( -43.8% ),351426300,45890,35
2018-12-08,5,0.1%,5,0%,485,0.0%,26.0%,665000,-373000 ( -35.9% ),126,-73 ( -36.7% ),352091300,46016,50
2018-12-09,5,0.1%,5,0%,390,0.0%,28.7%,709000,44000 ( 6.6% ),112,-14 ( -11.1% ),352800300,46128,41
2018-12-10,6,0.1%,9,0.1%,784,0.0%,34.9%,2334000,1625000 ( 229.2% ),274,162 ( 144.6% ),355134300,46402,29
2018-12-11,8,0.1%,11,0.1%,892,0.0%,50.2%,3003000,669000 ( 28.7% ),448,174 ( 63.5% ),358137300,46850,24
2018-12-12,6,0.1%,7,0%,633,0.0%,8.2%,430000,-2573000 ( -85.7% ),52,-396 ( -88.4% ),358567300,46902,58
2018-12-13,3,0.0%,3,0%,269,0.0%,4.8%,83000,-347000 ( -80.7% ),13,-39 ( -75.0% ),358650300,46915,89
2018-12-14,3,0.0%,3,0%,196,0.0%,8.2%,136000,53000 ( 63.9% ),16,3 ( 23.1% ),358786300,46931,85
2018-12-15,4,0.1%,4,0%,378,0.0%,61.1%,1689000,1553000 ( 1141.9% ),231,215 ( 1343.8% ),360475300,47162,42
2018-12-16,5,0.1%,6,0%,607,0.0%,46.1%,2400000,711000 ( 42.1% ),280,49 ( 21.2% ),362875300,47442,36
2018-12-17,3,0.0%,3,0%,195,0.0%,5.6%,70000,-2330000 ( -97.1% ),11,-269 ( -96.1% ),362945300,47453,81
2018-12-18,6,0.1%,8,0%,811,0.0%,27.7%,1598500,1528500 ( 2183.6% ),225,214 ( 1945.5% ),364543800,47678,45
2018-12-19,1,0.0%,1,0%,125,0.0%,1.6%,14000,-1584500 ( -99.1% ),2,-223 ( -99.1% ),364557800,47680,113
2018-12-20,2,0.0%,3,0%,664,0.0%,62.0%,4099000,4085000 ( 29178.6% ),412,410 ( 20500.0% ),368656800,48092,25
2018-12-21,1,0.0%,1,0%,125,0.0%,2.4%,12000,-4087000 ( -99.7% ),3,-409 ( -99.3% ),368668800,48095,105
2018-12-24,2,0.0%,2,0%,142,0.0%,2.8%,33000,33000 ( 100.0% ),4,4 ( 100.0% ),368701800,48099,85
2018-12-25,1,0.0%,1,0%,90,0.0%,30.0%,240000,207000 ( 627.3% ),27,23 ( 575.0% ),368941800,48126,66
2018-12-26,1,0.0%,1,0%,90,0.0%,7.8%,56000,-184000 ( -76.7% ),7,-20 ( -74.1% ),368997800,48133,85
2018-12-27,2,0.0%,3,0%,258,0.0%,56.6%,1274000,1218000 ( 2175.0% ),146,139 ( 1985.7% ),370271800,48279,41
2018-12-28,1,0.0%,1,0%,112,0.0%,100.0%,1070000,-204000 ( -16.0% ),112,-34 ( -23.3% ),371341800,48391,46
2018-12-30,2,0.0%,2,0%,142,0.0%,50.0%,505000,505000 ( 100.0% ),71,71 ( 100.0% ),371846800,48462,46
2019-01-01,1,0.0%,1,0%,90,0.0%,1.1%,6000,6000 ( 100.0% ),1,1 ( 100.0% ),371852800,48463,78
2019-01-02,1,0.0%,1,0%,90,0.0%,13.3%,102000,96000 ( 1600.0% ),12,11 ( 1100.0% ),371954800,48475,65
2019-01-03,1,0.0%,1,0%,251,0.0%,79.7%,1200000,1098000 ( 1076.5% ),200,188 ( 1566.7% ),373154800,48675,37
2019-01-05,1,0.0%,1,0%,90,0.0%,11.1%,78000,78000 ( 100.0% ),10,10 ( 100.0% ),373232800,48685,66
2019-01-07,2,0.0%,3,0%,304,0.0%,53.6%,1499000,1499000 ( 100.0% ),163,163 ( 100.0% ),374731800,48848,39
2019-01-10,1,0.0%,1,0%,262,0.0%,3.8%,32000,32000 ( 100.0% ),10,10 ( 100.0% ),374763800,48858,76
2019-01-11,1,0.0%,1,0%,262,0.0%,3.8%,33500,1500 ( 4.7% ),10,0 ( 0.0% ),374797300,48868,73
2019-01-12,2,0.0%,2,0%,352,0.0%,2.6%,63500,30000 ( 89.6% ),9,-1 ( -10.0% ),374860800,48877,79
2019-01-13,1,0.0%,1,0%,262,0.0%,5.0%,42500,-21000 ( -33.1% ),13,4 ( 44.4% ),374903300,48890,68
2019-01-15,1,0.0%,1,0%,72,0.0%,98.6%,568000,568000 ( 100.0% ),71,71 ( 100.0% ),375471300,48961,53
2019-01-16,2,0.0%,2,0%,352,0.0%,6.5%,97500,-470500 ( -82.8% ),23,-48 ( -67.6% ),375568800,48984,70
2019-01-17,1,0.0%,1,0%,262,0.0%,1.1%,10500,-87000 ( -89.2% ),3,-20 ( -87.0% ),375579300,48987,84
2019-01-19,2,0.0%,2,0%,314,0.0%,8.9%,152500,152500 ( 100.0% ),28,28 ( 100.0% ),375731800,49015,64
2019-01-20,1,0.0%,1,0%,262,0.0%,11.1%,93500,-59000 ( -38.7% ),29,1 ( 3.6% ),375825300,49044,61
2019-01-21,1,0.0%,1,0%,90,0.0%,3.3%,20000,-73500 ( -78.6% ),3,-26 ( -89.7% ),375845300,49047,79
2019-01-23,1,0.0%,1,0%,262,0.0%,0.8%,6000,6000 ( 100.0% ),2,2 ( 100.0% ),375851300,49049,86
2019-01-24,1,0.0%,1,0%,262,0.0%,1.9%,15500,9500 ( 158.3% ),5,3 ( 150.0% ),375866800,49054,76
2019-01-25,1,0.0%,1,0%,262,0.0%,1.5%,13000,-2500 ( -16.1% ),4,-1 ( -20.0% ),375879800,49058,75
2019-01-26,2,0.0%,2,0%,142,0.0%,62.7%,631000,618000 ( 4753.8% ),89,85 ( 2125.0% ),376510800,49147,45
2019-01-28,1,0.0%,1,0%,90,0.0%,0.0%,0,0 ( 0.0% ),0,0 ( 0.0% ),376510800,49147,78
2019-01-29,1,0.0%,2,0%,104,0.0%,3.8%,24000,24000 ( 100.0% ),4,4 ( 100.0% ),376534800,49151,86
2019-01-31,1,0.0%,1,0%,52,0.0%,11.5%,54000,54000 ( 100.0% ),6,6 ( 100.0% ),376588800,49157,73
2019-02-02,1,0.0%,1,0%,90,0.0%,1.1%,6000,6000 ( 100.0% ),1,1 ( 100.0% ),376594800,49158,80
2019-02-04,1,0.0%,1,0%,90,0.0%,6.7%,42000,42000 ( 100.0% ),6,6 ( 100.0% ),376636800,49164,58
2019-02-06,1,0.0%,1,0%,90,0.0%,11.1%,82000,82000 ( 100.0% ),10,10 ( 100.0% ),376718800,49174,70
2019-02-07,1,0.0%,1,0%,52,0.0%,13.5%,60000,-22000 ( -26.8% ),7,-3 ( -30.0% ),376778800,49181,63
2019-02-08,1,0.0%,1,0%,52,0.0%,5.8%,27000,-33000 ( -55.0% ),3,-4 ( -57.1% ),376805800,49184,72
2019-02-09,1,0.0%,1,0%,52,0.0%,13.5%,63000,36000 ( 133.3% ),7,4 ( 133.3% ),376868800,49191,69
2019-02-11,1,0.0%,1,0%,90,0.0%,8.9%,63000,63000 ( 100.0% ),8,8 ( 100.0% ),376931800,49199,53
2019-02-12,1,0.0%,1,0%,52,0.0%,7.7%,36000,-27000 ( -42.9% ),4,-4 ( -50.0% ),376967800,49203,70
2019-02-13,1,0.0%,1,0%,90,0.0%,11.1%,81000,45000 ( 125.0% ),10,6 ( 150.0% ),377048800,49213,74
2019-02-14,1,0.0%,1,0%,52,0.0%,3.8%,12000,-69000 ( -85.2% ),2,-8 ( -80.0% ),377060800,49215,89
2019-02-16,1,0.0%,1,0%,52,0.0%,5.8%,18000,18000 ( 100.0% ),3,3 ( 100.0% ),377078800,49218,80
2019-02-18,1,0.0%,1,0%,90,0.0%,4.4%,36000,36000 ( 100.0% ),4,4 ( 100.0% ),377114800,49222,67
2019-02-21,1,0.0%,1,0%,52,0.0%,3.8%,18000,18000 ( 100.0% ),2,2 ( 100.0% ),377132800,49224,90
2019-02-22,1,0.0%,1,0%,52,0.0%,9.6%,39000,21000 ( 116.7% ),5,3 ( 150.0% ),377171800,49229,77
2019-02-23,1,0.0%,1,0%,52,0.0%,3.8%,18000,-21000 ( -53.8% ),2,-3 ( -60.0% ),377189800,49231,86
2019-02-24,1,0.0%,1,0%,52,0.0%,9.6%,42000,24000 ( 133.3% ),5,3 ( 150.0% ),377231800,49236,82
2019-02-28,1,0.0%,1,0%,52,0.0%,3.8%,15000,15000 ( 100.0% ),2,2 ( 100.0% ),377246800,49238,90
2019-03-02,1,0.0%,1,0%,52,0.0%,21.2%,87000,87000 ( 100.0% ),11,11 ( 100.0% ),377333800,49249,71
2019-03-04,1,0.0%,1,0%,90,0.0%,3.3%,21000,21000 ( 100.0% ),3,3 ( 100.0% ),377354800,49252,72
2019-03-05,1,0.0%,2,0%,104,0.0%,3.8%,33000,12000 ( 57.1% ),4,1 ( 33.3% ),377387800,49256,75
2019-03-06,1,0.0%,2,0%,180,0.0%,21.1%,325000,292000 ( 884.8% ),38,34 ( 850.0% ),377712800,49294,49
2019-03-08,1,0.0%,2,0%,104,0.0%,5.8%,48000,48000 ( 100.0% ),6,6 ( 100.0% ),377760800,49300,70
2019-03-11,1,0.0%,1,0%,90,0.0%,1.1%,9000,9000 ( 100.0% ),1,1 ( 100.0% ),377769800,49301,74
2019-03-14,1,0.0%,1,0%,52,0.0%,1.9%,6000,6000 ( 100.0% ),1,1 ( 100.0% ),377775800,49302,88
2019-04-11,1,0.0%,1,0%,147,0.0%,68.0%,500000,500000 ( 100.0% ),100,100 ( 100.0% ),378275800,49402,47
2019-05-08,1,0.0%,1,0%,52,0.0%,11.5%,36000,36000 ( 100.0% ),6,6 ( 100.0% ),378311800,49408,89
2019-05-09,1,0.0%,1,0%,124,0.0%,80.6%,800000,764000 ( 2122.2% ),100,94 ( 1566.7% ),379111800,49508,45
2019-05-28,1,0.0%,1,0%,97,0.0%,100.0%,776000,776000 ( 100.0% ),97,97 ( 100.0% ),379887800,49605,44
2019-06-13,1,0.0%,1,0%,124,0.0%,88.7%,440000,440000 ( 100.0% ),110,110 ( 100.0% ),380327800,49715,49
2019-06-15,2,0.0%,2,0%,317,0.0%,99.7%,3298000,3298000 ( 100.0% ),316,316 ( 100.0% ),383625800,50031,26
2019-06-17,1,0.0%,1,0%,171,0.0%,100.0%,1197000,1197000 ( 100.0% ),171,171 ( 100.0% ),384822800,50202,28
2019-06-30,2,0.0%,2,0%,384,0.0%,86.5%,1824000,1824000 ( 100.0% ),332,332 ( 100.0% ),386646800,50534,23
2019-07-01,1,0.0%,1,0%,212,0.0%,0.5%,7000,-1817000 ( -99.6% ),1,-331 ( -99.7% ),386653800,50535,85
2019-07-02,1,0.0%,1,0%,212,0.0%,0.5%,7000,0 ( 0.0% ),1,0 ( 0.0% ),386660800,50536,87
2019-07-03,1,0.0%,1,0%,212,0.0%,0.5%,7000,0 ( 0.0% ),1,0 ( 0.0% ),386667800,50537,87
2019-07-04,1,0.0%,1,0%,212,0.0%,0.5%,7000,0 ( 0.0% ),1,0 ( 0.0% ),386674800,50538,87
2019-07-05,1,0.0%,1,0%,212,0.0%,0.5%,7000,0 ( 0.0% ),1,0 ( 0.0% ),386681800,50539,78
2019-07-06,1,0.0%,1,0%,212,0.0%,0.5%,7000,0 ( 0.0% ),1,0 ( 0.0% ),386688800,50540,89
2019-07-07,1,0.0%,1,0%,212,0.0%,0.5%,7000,0 ( 0.0% ),1,0 ( 0.0% ),386695800,50541,79
2019-07-08,1,0.0%,1,0%,212,0.0%,0.5%,7000,0 ( 0.0% ),1,0 ( 0.0% ),386702800,50542,77
2019-07-09,1,0.0%,1,0%,212,0.0%,0.5%,7000,0 ( 0.0% ),1,0 ( 0.0% ),386709800,50543,83
2019-07-10,1,0.0%,1,0%,212,0.0%,0.5%,7000,0 ( 0.0% ),1,0 ( 0.0% ),386716800,50544,87
2019-07-11,1,0.0%,1,0%,212,0.0%,0.5%,7000,0 ( 0.0% ),1,0 ( 0.0% ),386723800,50545,95
2019-08-12,1,0.0%,1,0%,110,0.0%,100.0%,440000,440000 ( 100.0% ),110,110 ( 100.0% ),387163800,50655,37
2019-08-17,1,0.0%,1,0%,168,0.0%,94.0%,948000,948000 ( 100.0% ),158,158 ( 100.0% ),388111800,50813,44
2019-10-01,1,0.0%,1,0%,50,0.0%,34.0%,114000,114000 ( 100.0% ),17,17 ( 100.0% ),388225800,50830,77
2019-10-08,2,0.0%,2,0%,201,0.0%,50.2%,509000,509000 ( 100.0% ),101,101 ( 100.0% ),388734800,50931,52
2019-10-16,1,0.0%,1,0%,50,0.0%,20.0%,90000,90000 ( 100.0% ),10,10 ( 100.0% ),388824800,50941,80
2019-10-21,1,0.0%,1,0%,52,0.0%,0.0%,0,0 ( 0.0% ),0,0 ( 0.0% ),388824800,50941,109
2019-10-28,1,0.0%,1,0%,50,0.0%,4.0%,16000,16000 ( 100.0% ),2,2 ( 100.0% ),388840800,50943,88
2019-10-30,1,0.0%,1,0%,52,0.0%,0.0%,0,0 ( 0.0% ),0,0 ( 0.0% ),388840800,50943,125
2019-11-23,1,0.0%,1,0%,36,0.0%,100.0%,288000,288000 ( 100.0% ),36,36 ( 100.0% ),389128800,50979,62
2019-11-26,1,0.0%,1,0%,90,0.0%,72.2%,390000,390000 ( 100.0% ),65,65 ( 100.0% ),389518800,51044,50
2020-02-23,1,0.0%,5,0%,1060,0.0%,1.6%,34000,34000 ( 100.0% ),17,17 ( 100.0% ),389552800,51061,52
2020-02-24,1,0.0%,3,0%,636,0.0%,2.7%,34000,0 ( 0.0% ),17,0 ( 0.0% ),389586800,51078,40
