날짜,스크린수,스크린점유율,상영횟수,상영점유율,좌석수,좌석점유율,좌석판매율,매출액,매출액증감(전일대비),관객수,관객수증감(전일대비),누적매출액,누적관객수,순위
2016-12-24,1,0.0%,3,0%,852,0.0%,60.2%,4574500,4574500 ( 100.0% ),513,513 ( 100.0% ),4574500,513,23
2016-12-25,1,0.0%,3,0%,852,0.0%,40.7%,3120000,-1454500 ( -31.8% ),347,-166 ( -32.4% ),7694500,860,27
2016-12-28,103,1.9%,195,1.2%,24942,1.0%,39.9%,63831500,63831500 ( 100.0% ),9955,9955 ( 100.0% ),71526000,10815,8
2016-12-29,101,1.9%,183,1.1%,23155,0.9%,14.8%,24423000,-39408500 ( -61.7% ),3419,-6536 ( -65.7% ),95949000,14234,10
2016-12-30,102,1.9%,189,1.1%,23528,0.9%,14.8%,26563500,2140500 ( 8.8% ),3487,68 ( 2.0% ),122512500,17721,10
2016-12-31,90,1.5%,153,0.9%,18869,0.7%,16.4%,23281500,-3282000 ( -12.4% ),3093,-394 ( -11.3% ),145794000,20814,12
2017-01-01,91,1.6%,142,0.8%,17878,0.7%,10.7%,14782500,-8499000 ( -36.5% ),1919,-1174 ( -38.0% ),160576500,22733,12
2017-01-02,97,1.8%,148,0.9%,19049,0.7%,6.3%,8582500,-6200000 ( -41.9% ),1205,-714 ( -37.2% ),169159000,23938,13
2017-01-03,91,1.7%,148,0.9%,18565,0.7%,5.2%,6724000,-1858500 ( -21.7% ),962,-243 ( -20.2% ),175883000,24900,16
2017-01-04,54,0.9%,80,0.5%,9884,0.4%,6.4%,4442000,-2282000 ( -33.9% ),628,-334 ( -34.7% ),180325000,25528,20
2017-01-05,59,1.0%,91,0.5%,11621,0.4%,26.5%,21122500,16680500 ( 375.5% ),3076,2448 ( 389.8% ),201447500,28604,12
2017-01-06,58,0.9%,83,0.5%,10251,0.4%,9.0%,6751500,-14371000 ( -68.0% ),925,-2151 ( -69.9% ),208199000,29529,17
2017-01-07,55,0.8%,72,0.4%,8677,0.3%,12.4%,8092000,1340500 ( 19.9% ),1079,154 ( 16.6% ),216291000,30608,17
2017-01-08,52,0.8%,69,0.4%,8484,0.3%,9.9%,6346500,-1745500 ( -21.6% ),837,-242 ( -22.4% ),222637500,31445,19
2017-01-09,55,0.9%,78,0.5%,9890,0.4%,4.1%,2917000,-3429500 ( -54.0% ),409,-428 ( -51.1% ),225554500,31854,19
2017-01-10,55,0.9%,73,0.4%,9232,0.3%,4.2%,2667000,-250000 ( -8.6% ),384,-25 ( -6.1% ),228221500,32238,25
2017-01-11,33,0.6%,43,0.3%,5180,0.2%,4.4%,1573000,-1094000 ( -41.0% ),230,-154 ( -40.1% ),229794500,32468,29
2017-01-12,38,0.7%,57,0.3%,7158,0.3%,19.1%,9460000,7887000 ( 501.4% ),1369,1139 ( 495.2% ),239254500,33837,19
2017-01-13,36,0.6%,49,0.3%,5839,0.2%,9.5%,4121500,-5338500 ( -56.4% ),552,-817 ( -59.7% ),243376000,34389,24
2017-01-14,36,0.6%,47,0.3%,5608,0.2%,9.8%,4138000,16500 ( 0.4% ),548,-4 ( -0.7% ),247514000,34937,26
2017-01-15,36,0.6%,42,0.2%,4988,0.2%,9.8%,3725000,-413000 ( -10.0% ),489,-59 ( -10.8% ),251239000,35426,26
2017-01-16,32,0.6%,45,0.3%,5361,0.2%,4.3%,1630500,-2094500 ( -56.2% ),230,-259 ( -53.0% ),252869500,35656,33
2017-01-17,30,0.5%,43,0.3%,5125,0.2%,4.8%,1696000,65500 ( 4.0% ),246,16 ( 7.0% ),254565500,35902,37
2017-01-18,21,0.4%,21,0.1%,2590,0.1%,4.7%,860000,-836000 ( -49.3% ),122,-124 ( -50.4% ),255425500,36024,44
2017-01-19,24,0.4%,25,0.1%,3066,0.1%,15.7%,3269000,2409000 ( 280.1% ),482,360 ( 295.1% ),258694500,36506,20
2017-01-20,21,0.4%,22,0.1%,2979,0.1%,4.6%,967000,-2302000 ( -70.4% ),136,-346 ( -71.8% ),259661500,36642,40
2017-01-21,18,0.3%,20,0.1%,2497,0.1%,6.0%,1031000,64000 ( 6.6% ),151,15 ( 11.0% ),260692500,36793,38
2017-01-22,19,0.3%,20,0.1%,2400,0.1%,6.5%,1136000,105000 ( 10.2% ),156,5 ( 3.3% ),261828500,36949,39
2017-01-23,17,0.3%,19,0.1%,2611,0.1%,3.6%,627000,-509000 ( -44.8% ),93,-63 ( -40.4% ),262455500,37042,44
2017-01-24,18,0.3%,22,0.1%,3007,0.1%,4.1%,860500,233500 ( 37.2% ),124,31 ( 33.3% ),263316000,37166,43
2017-01-25,6,0.1%,6,0%,940,0.0%,3.7%,245000,-615500 ( -71.5% ),35,-89 ( -71.8% ),263561000,37201,60
2017-01-26,4,0.1%,4,0%,488,0.0%,3.3%,121000,-124000 ( -50.6% ),16,-19 ( -54.3% ),263682000,37217,58
2017-01-27,5,0.1%,5,0%,928,0.0%,1.8%,107000,-14000 ( -11.6% ),17,1 ( 6.3% ),263789000,37234,55
2017-01-28,3,0.0%,3,0%,398,0.0%,1.3%,31000,-76000 ( -71.0% ),5,-12 ( -70.6% ),263820000,37239,68
2017-01-29,4,0.1%,4,0%,763,0.0%,2.0%,94000,63000 ( 203.2% ),15,10 ( 200.0% ),263914000,37254,62
2017-01-30,5,0.1%,5,0%,901,0.0%,4.4%,254000,160000 ( 170.2% ),40,25 ( 166.7% ),264168000,37294,50
2017-01-31,4,0.1%,4,0%,740,0.0%,1.9%,83000,-171000 ( -67.3% ),14,-26 ( -65.0% ),264251000,37308,69
2017-02-01,3,0.1%,3,0%,418,0.0%,2.4%,62000,-21000 ( -25.3% ),10,-4 ( -28.6% ),264313000,37318,71
2017-02-02,1,0.0%,1,0%,180,0.0%,6.1%,86000,24000 ( 38.7% ),11,1 ( 10.0% ),264399000,37329,75
2017-06-24,1,0.0%,1,0%,386,0.0%,10.1%,97500,97500 ( 100.0% ),39,39 ( 100.0% ),264496500,37368,76
2017-06-25,1,0.0%,1,0%,386,0.0%,7.0%,67500,-30000 ( -30.8% ),27,-12 ( -30.8% ),264564000,37395,77
2017-07-01,1,0.0%,1,0%,386,0.0%,12.7%,122500,122500 ( 100.0% ),49,49 ( 100.0% ),264686500,37444,68
2017-07-02,1,0.0%,1,0%,386,0.0%,9.3%,90000,-32500 ( -26.5% ),36,-13 ( -26.5% ),264776500,37480,79
2017-08-17,78,1.4%,112,0.6%,13392,0.4%,24.3%,22973000,22973000 ( 100.0% ),3257,3257 ( 100.0% ),287749500,40737,12
2017-08-18,71,1.2%,106,0.6%,12510,0.4%,9.1%,8726000,-14247000 ( -62.0% ),1135,-2122 ( -65.2% ),296475500,41872,17
2017-08-19,78,1.3%,110,0.6%,13299,0.4%,28.2%,28222000,19496000 ( 223.4% ),3753,2618 ( 230.7% ),324697500,45625,13
2017-08-20,76,1.3%,105,0.6%,12737,0.4%,23.9%,23535000,-4687000 ( -16.6% ),3046,-707 ( -18.8% ),348232500,48671,15
2017-08-21,68,1.3%,91,0.5%,10548,0.4%,4.3%,3190500,-20344500 ( -86.4% ),449,-2597 ( -85.3% ),351423000,49120,21
2017-08-22,65,1.2%,85,0.5%,10072,0.4%,4.2%,2995500,-195000 ( -6.1% ),418,-31 ( -6.9% ),354418500,49538,24
2017-08-23,38,0.7%,47,0.3%,6083,0.2%,4.1%,1695500,-1300000 ( -43.4% ),248,-170 ( -40.7% ),356114000,49786,32
2017-08-24,34,0.5%,38,0.2%,4986,0.2%,3.2%,1150500,-545000 ( -32.1% ),161,-87 ( -35.1% ),357264500,49947,49
2017-08-25,36,0.6%,41,0.2%,4989,0.2%,3.9%,1529000,378500 ( 32.9% ),194,33 ( 20.5% ),358793500,50141,41
2017-08-26,44,0.7%,49,0.3%,6248,0.2%,11.0%,5261000,3732000 ( 244.1% ),689,495 ( 255.2% ),364054500,50830,30
2017-08-27,45,0.7%,52,0.3%,6558,0.2%,9.9%,4876000,-385000 ( -7.3% ),648,-41 ( -6.0% ),368930500,51478,28
2017-08-28,30,0.5%,33,0.2%,4415,0.2%,3.0%,942000,-3934000 ( -80.7% ),132,-516 ( -79.6% ),369872500,51610,40
2017-08-29,25,0.4%,31,0.2%,4422,0.2%,2.6%,779000,-163000 ( -17.3% ),113,-19 ( -14.4% ),370651500,51723,45
2017-08-30,12,0.2%,12,0.1%,1871,0.1%,4.6%,540000,-239000 ( -30.7% ),87,-26 ( -23.0% ),371191500,51810,56
2017-08-31,15,0.3%,15,0.1%,2324,0.1%,5.8%,960000,420000 ( 77.8% ),134,47 ( 54.0% ),372151500,51944,47
2017-09-01,14,0.2%,14,0.1%,2007,0.1%,3.9%,649000,-311000 ( -32.4% ),78,-56 ( -41.8% ),372800500,52022,47
2017-09-02,17,0.3%,18,0.1%,2504,0.1%,10.9%,2123000,1474000 ( 227.1% ),272,194 ( 248.7% ),374923500,52294,38
2017-09-03,18,0.3%,19,0.1%,2636,0.1%,9.0%,1846500,-276500 ( -13.0% ),238,-34 ( -12.5% ),376770000,52532,38
2017-09-04,12,0.2%,13,0.1%,2013,0.1%,1.4%,201000,-1645500 ( -89.1% ),28,-210 ( -88.2% ),376971000,52560,65
2017-09-05,12,0.2%,13,0.1%,2105,0.1%,3.0%,439000,238000 ( 118.4% ),63,35 ( 125.0% ),377410000,52623,56
2017-09-06,8,0.1%,8,0%,1218,0.0%,1.4%,131000,-308000 ( -70.2% ),17,-46 ( -73.0% ),377541000,52640,71
2017-09-07,6,0.1%,6,0%,974,0.0%,6.3%,438500,307500 ( 234.7% ),61,44 ( 258.8% ),377979500,52701,54
2017-09-08,6,0.1%,6,0%,976,0.0%,5.8%,509000,70500 ( 16.1% ),57,-4 ( -6.6% ),378488500,52758,63
2017-09-09,7,0.1%,7,0%,1028,0.0%,14.3%,1227000,718000 ( 141.1% ),147,90 ( 157.9% ),379715500,52905,46
2017-09-10,7,0.1%,8,0%,1102,0.0%,10.8%,945000,-282000 ( -23.0% ),119,-28 ( -19.0% ),380660500,53024,46
2017-09-11,6,0.1%,6,0%,1065,0.0%,2.2%,158500,-786500 ( -83.2% ),23,-96 ( -80.7% ),380819000,53047,67
2017-09-12,5,0.1%,5,0%,835,0.0%,1.9%,117000,-41500 ( -26.2% ),16,-7 ( -30.4% ),380936000,53063,79
2017-09-13,4,0.1%,4,0%,726,0.0%,1.7%,87000,-30000 ( -25.6% ),12,-4 ( -25.0% ),381023000,53075,96
2017-12-08,1,0.0%,1,0%,186,0.0%,4.8%,85000,85000 ( 100.0% ),9,9 ( 100.0% ),381108000,53084,112
2017-12-09,1,0.0%,1,0%,186,0.0%,8.6%,145000,60000 ( 70.6% ),16,7 ( 77.8% ),381253000,53100,106
2017-12-10,1,0.0%,1,0%,186,0.0%,3.8%,61000,-84000 ( -57.9% ),7,-9 ( -56.3% ),381314000,53107,115
2018-08-25,1,0.0%,1,0%,203,0.0%,0.0%,0,0 ( 0.0% ),0,0 ( 0.0% ),381314000,53107,119
2018-11-17,1,0.0%,1,0%,386,0.0%,6.7%,156000,156000 ( 100.0% ),26,26 ( 100.0% ),381470000,53133,93
2018-11-18,1,0.0%,1,0%,386,0.0%,13.2%,306000,150000 ( 96.2% ),51,25 ( 96.2% ),381776000,53184,59
2018-11-24,1,0.0%,1,0%,386,0.0%,2.1%,48000,48000 ( 100.0% ),8,8 ( 100.0% ),381824000,53192,122
2018-11-25,1,0.0%,1,0%,386,0.0%,1.6%,36000,-12000 ( -25.0% ),6,-2 ( -25.0% ),381860000,53198,118
2020-01-12,1,0.0%,1,0%,180,0.0%,87.8%,790000,790000 ( 100.0% ),158,158 ( 100.0% ),382650000,53356,43
2020-01-19,1,0.0%,1,0%,99,0.0%,17.2%,85000,85000 ( 100.0% ),17,17 ( 100.0% ),382735000,53373,80
