날짜,스크린수,스크린점유율,상영횟수,상영점유율,좌석수,좌석점유율,좌석판매율,매출액,매출액증감(전일대비),관객수,관객수증감(전일대비),누적매출액,누적관객수,순위
2017-07-31,1,0.0%,1,0%,414,0.0%,98.1%,3248000,3248000 ( 100.0% ),406,406 ( 100.0% ),3248000,406,19
2017-08-04,2,0.0%,2,0%,324,0.0%,87.3%,2840000,2840000 ( 100.0% ),283,283 ( 100.0% ),6088000,689,22
2017-08-07,17,0.3%,17,0.1%,3442,0.1%,65.4%,25312100,25312100 ( 100.0% ),2250,2250 ( 100.0% ),31400100,2939,12
2017-08-08,5,0.1%,5,0%,942,0.0%,92.7%,7372000,-17940100 ( -70.9% ),873,-1377 ( -61.2% ),38772100,3812,17
2017-08-09,4,0.1%,4,0%,1327,0.0%,97.1%,11508000,4136000 ( 56.1% ),1289,416 ( 47.7% ),50280100,5101,13
2017-08-10,1,0.0%,1,0%,206,0.0%,93.2%,1536000,-9972000 ( -86.7% ),192,-1097 ( -85.1% ),51816100,5293,31
2017-08-11,1,0.0%,1,0%,624,0.0%,100.0%,9984000,8448000 ( 550.0% ),624,432 ( 225.0% ),61800100,5917,18
2017-08-14,2,0.0%,2,0%,506,0.0%,100.0%,4554000,4554000 ( 100.0% ),506,506 ( 100.0% ),66354100,6423,18
2017-08-15,1017,17.8%,4683,24.9%,865589,28.5%,65.7%,4728549700,4723995700 ( 103732.9% ),568300,567794 ( 112212.3% ),4794903800,574723,2
2017-08-16,949,17.6%,4512,25%,853376,29.3%,18.7%,1221553900,-3506995800 ( -74.2% ),159615,-408685 ( -71.9% ),6016457700,734338,3
2017-08-17,884,15.7%,4058,21.9%,781853,26.2%,15.7%,946566900,-274987000 ( -22.5% ),123106,-36509 ( -22.9% ),6963024600,857444,3
2017-08-18,896,15.6%,3942,21.1%,760111,25.3%,18.4%,1191903253,245336353 ( 25.9% ),139589,16483 ( 13.4% ),8154927853,997033,3
2017-08-19,835,13.9%,3597,18.7%,656080,21.1%,43.2%,2421038450,1229135197 ( 103.1% ),283205,143616 ( 102.9% ),10575966303,1280238,3
2017-08-20,833,14.0%,3463,18.3%,629779,20.7%,41.4%,2212571700,-208466750 ( -8.6% ),260675,-22530 ( -8.0% ),12788538003,1540913,3
2017-08-21,755,14.2%,3282,18.5%,598436,20.8%,11.9%,552618000,-1659953700 ( -75.0% ),71141,-189534 ( -72.7% ),13341156003,1612054,4
2017-08-22,764,13.8%,3209,18.1%,584725,20.4%,10.4%,470706200,-81911800 ( -14.8% ),61048,-10093 ( -14.2% ),13811862203,1673102,4
2017-08-23,553,9.5%,1707,10%,277888,10.0%,13.2%,280362800,-190343400 ( -40.4% ),36577,-24471 ( -40.1% ),14092225003,1709679,5
2017-08-24,526,8.4%,1609,8.9%,264235,9.1%,13.1%,264016900,-16345900 ( -5.8% ),34575,-2002 ( -5.5% ),14356241903,1744254,5
2017-08-25,518,8.2%,1576,8.6%,254944,8.6%,15.8%,338149326,74132426 ( 28.1% ),40216,5641 ( 16.3% ),14694391229,1784470,5
2017-08-26,525,7.8%,1480,7.7%,218571,7.1%,39.3%,718172949,380023623 ( 112.4% ),85862,45646 ( 113.5% ),15412564178,1870332,5
2017-08-27,507,7.6%,1436,7.7%,214498,7.1%,35.6%,640826200,-77346749 ( -10.8% ),76457,-9405 ( -11.0% ),16053390378,1946789,5
2017-08-28,487,8.3%,1430,8.2%,231165,8.2%,9.2%,163737200,-477089000 ( -74.4% ),21369,-55088 ( -72.1% ),16217127578,1968158,5
2017-08-29,489,8.2%,1423,8.2%,231867,8.3%,8.6%,153309500,-10427700 ( -6.4% ),20027,-1342 ( -6.3% ),16370437078,1988185,5
2017-08-30,242,4.2%,413,2.4%,60685,2.2%,17.9%,65962500,-87347000 ( -57.0% ),10861,-9166 ( -45.8% ),16436399578,1999046,9
2017-08-31,204,3.6%,372,2.2%,54601,2.0%,10.3%,40112000,-25850500 ( -39.2% ),5613,-5248 ( -48.3% ),16476511578,2004659,10
2017-09-01,202,3.5%,369,2.1%,55235,1.9%,11.8%,54176900,14064900 ( 35.1% ),6537,924 ( 16.5% ),16530688478,2011196,9
2017-09-02,210,3.3%,360,1.9%,51935,1.7%,26.2%,113718000,59541100 ( 109.9% ),13597,7060 ( 108.0% ),16644406478,2024793,9
2017-09-03,212,3.3%,351,1.9%,50312,1.7%,24.2%,102194900,-11523100 ( -10.1% ),12154,-1443 ( -10.6% ),16746601378,2036947,9
2017-09-04,189,3.5%,339,2.1%,52962,2.0%,6.0%,23751500,-78443400 ( -76.8% ),3185,-8969 ( -73.8% ),16770352878,2040132,10
2017-09-05,185,3.3%,334,2%,53240,2.0%,5.2%,20337100,-3414400 ( -14.4% ),2752,-433 ( -13.6% ),16790689978,2042884,11
2017-09-06,53,1.0%,80,0.5%,11376,0.4%,8.6%,7101000,-13236100 ( -65.1% ),982,-1770 ( -64.3% ),16797790978,2043866,18
2017-09-07,44,0.7%,62,0.4%,9204,0.3%,8.6%,5488500,-1612500 ( -22.7% ),795,-187 ( -19.0% ),16803279478,2044661,17
2017-09-08,41,0.7%,57,0.3%,8708,0.3%,6.8%,5044800,-443700 ( -8.1% ),592,-203 ( -25.5% ),16808324278,2045253,21
2017-09-09,47,0.7%,62,0.3%,7728,0.3%,20.1%,11008100,5963300 ( 118.2% ),1552,960 ( 162.2% ),16819332378,2046805,19
2017-09-10,42,0.7%,59,0.3%,7941,0.3%,18.8%,12055000,1046900 ( 9.5% ),1495,-57 ( -3.7% ),16831387378,2048300,18
2017-09-11,34,0.6%,50,0.3%,7321,0.3%,5.9%,3033000,-9022000 ( -74.8% ),429,-1066 ( -71.3% ),16834420378,2048729,17
2017-09-12,36,0.6%,50,0.3%,7565,0.3%,4.4%,2497500,-535500 ( -17.7% ),336,-93 ( -21.7% ),16836917878,2049065,26
2017-09-13,30,0.5%,39,0.2%,5711,0.2%,4.1%,1752400,-745100 ( -29.8% ),237,-99 ( -29.5% ),16838670278,2049302,34
2017-09-14,2,0.0%,2,0%,297,0.0%,15.2%,366000,-1386400 ( -79.1% ),45,-192 ( -81.0% ),16839036278,2049347,70
2017-09-15,2,0.0%,2,0%,226,0.0%,19.5%,263000,-103000 ( -28.1% ),44,-1 ( -2.2% ),16839299278,2049391,76
2017-09-16,3,0.0%,4,0%,577,0.0%,23.4%,1231500,968500 ( 368.3% ),135,91 ( 206.8% ),16840530778,2049526,50
2017-09-17,3,0.0%,3,0%,417,0.0%,23.7%,916000,-315500 ( -25.6% ),99,-36 ( -26.7% ),16841446778,2049625,50
2017-09-18,1,0.0%,1,0%,137,0.0%,7.3%,80000,-836000 ( -91.3% ),10,-89 ( -89.9% ),16841526778,2049635,89
2017-09-19,2,0.0%,2,0%,357,0.0%,3.9%,112000,32000 ( 40.0% ),14,4 ( 40.0% ),16841638778,2049649,95
2017-09-20,3,0.1%,3,0%,473,0.0%,24.5%,724000,612000 ( 546.4% ),116,102 ( 728.6% ),16842362778,2049765,53
2017-09-21,1,0.0%,1,0%,137,0.0%,7.3%,80000,-644000 ( -89.0% ),10,-106 ( -91.4% ),16842442778,2049775,108
2017-09-22,1,0.0%,1,0%,137,0.0%,7.3%,80000,0 ( 0.0% ),10,0 ( 0.0% ),16842522778,2049785,120
2017-09-23,1,0.0%,1,0%,137,0.0%,18.2%,200000,120000 ( 150.0% ),25,15 ( 150.0% ),16842722778,2049810,109
2017-09-24,1,0.0%,1,0%,137,0.0%,18.2%,200000,0 ( 0.0% ),25,0 ( 0.0% ),16842922778,2049835,100
2017-09-25,1,0.0%,1,0%,137,0.0%,7.3%,80000,-120000 ( -60.0% ),10,-15 ( -60.0% ),16843002778,2049845,88
2017-09-26,5,0.1%,5,0%,715,0.0%,12.6%,700000,620000 ( 775.0% ),90,80 ( 800.0% ),16843702778,2049935,64
2017-09-27,5,0.1%,5,0%,715,0.0%,12.6%,700000,0 ( 0.0% ),90,0 ( 0.0% ),16844402778,2050025,58
2017-09-28,5,0.1%,5,0%,715,0.0%,12.6%,700000,0 ( 0.0% ),90,0 ( 0.0% ),16845102778,2050115,64
2017-09-29,5,0.1%,5,0%,715,0.0%,12.6%,700000,0 ( 0.0% ),90,0 ( 0.0% ),16845802778,2050205,54
2017-09-30,5,0.1%,5,0%,715,0.0%,16.8%,940000,240000 ( 34.3% ),120,30 ( 33.3% ),16846742778,2050325,50
2017-10-01,5,0.1%,5,0%,715,0.0%,16.8%,940000,0 ( 0.0% ),120,0 ( 0.0% ),16847682778,2050445,41
2017-10-02,5,0.1%,5,0%,715,0.0%,12.6%,700000,-240000 ( -25.5% ),90,-30 ( -25.0% ),16848382778,2050535,47
2017-10-03,4,0.1%,4,0%,555,0.0%,10.8%,460000,-240000 ( -34.3% ),60,-30 ( -33.3% ),16848842778,2050595,53
2017-10-04,4,0.1%,4,0%,555,0.0%,10.8%,460000,0 ( 0.0% ),60,0 ( 0.0% ),16849302778,2050655,46
2017-10-05,4,0.1%,4,0%,555,0.0%,10.8%,460000,0 ( 0.0% ),60,0 ( 0.0% ),16849762778,2050715,50
2017-10-06,4,0.1%,4,0%,555,0.0%,10.8%,460000,0 ( 0.0% ),60,0 ( 0.0% ),16850222778,2050775,54
2017-10-07,4,0.1%,4,0%,555,0.0%,16.2%,700000,240000 ( 52.2% ),90,30 ( 50.0% ),16850922778,2050865,46
2017-10-08,4,0.1%,4,0%,555,0.0%,16.2%,700000,0 ( 0.0% ),90,0 ( 0.0% ),16851622778,2050955,50
2017-10-09,4,0.1%,4,0%,555,0.0%,10.8%,460000,-240000 ( -34.3% ),60,-30 ( -33.3% ),16852082778,2051015,50
2017-10-10,2,0.0%,2,0%,245,0.0%,8.2%,160000,-300000 ( -65.2% ),20,-40 ( -66.7% ),16852242778,2051035,60
2017-10-11,2,0.0%,2,0%,245,0.0%,8.2%,160000,0 ( 0.0% ),20,0 ( 0.0% ),16852402778,2051055,70
2017-10-12,2,0.0%,2,0%,245,0.0%,8.2%,160000,0 ( 0.0% ),20,0 ( 0.0% ),16852562778,2051075,64
2017-10-13,2,0.0%,2,0%,245,0.0%,8.2%,160000,0 ( 0.0% ),20,0 ( 0.0% ),16852722778,2051095,70
2017-10-14,2,0.0%,2,0%,245,0.0%,20.4%,400000,240000 ( 150.0% ),50,30 ( 150.0% ),16853122778,2051145,51
2017-10-15,2,0.0%,2,0%,245,0.0%,20.4%,400000,0 ( 0.0% ),50,0 ( 0.0% ),16853522778,2051195,51
2017-10-16,2,0.0%,2,0%,245,0.0%,8.2%,160000,-240000 ( -60.0% ),20,-30 ( -60.0% ),16853682778,2051215,55
2017-10-17,1,0.0%,1,0%,137,0.0%,7.3%,80000,-80000 ( -50.0% ),10,-10 ( -50.0% ),16853762778,2051225,70
2017-10-18,1,0.0%,1,0%,137,0.0%,7.3%,80000,0 ( 0.0% ),10,0 ( 0.0% ),16853842778,2051235,82
2017-10-19,1,0.0%,1,0%,137,0.0%,7.3%,80000,0 ( 0.0% ),10,0 ( 0.0% ),16853922778,2051245,77
2017-10-20,1,0.0%,1,0%,137,0.0%,7.3%,80000,0 ( 0.0% ),10,0 ( 0.0% ),16854002778,2051255,85
2017-10-21,1,0.0%,1,0%,137,0.0%,18.2%,200000,120000 ( 150.0% ),25,15 ( 150.0% ),16854202778,2051280,75
2017-10-22,1,0.0%,1,0%,137,0.0%,18.2%,200000,0 ( 0.0% ),25,0 ( 0.0% ),16854402778,2051305,61
2017-10-23,1,0.0%,1,0%,137,0.0%,7.3%,80000,-120000 ( -60.0% ),10,-15 ( -60.0% ),16854482778,2051315,77
