날짜,스크린수,스크린점유율,상영횟수,상영점유율,좌석수,좌석점유율,좌석판매율,매출액,매출액증감(전일대비),관객수,관객수증감(전일대비),누적매출액,누적관객수,순위
2016-10-19,1,0.0%,1,0%,238,0.0%,100.0%,1666000,1666000 ( 100.0% ),238,238 ( 100.0% ),1666000,238,32
2016-10-24,3,0.1%,3,0%,651,0.0%,86.6%,4512000,4512000 ( 100.0% ),564,564 ( 100.0% ),6178000,802,23
2016-10-25,3,0.0%,3,0%,648,0.0%,100.0%,5184000,672000 ( 14.9% ),648,84 ( 14.9% ),11362000,1450,21
2016-10-26,421,9.3%,943,5.8%,118636,4.4%,27.7%,205311000,200127000 ( 3860.5% ),32837,32189 ( 4967.4% ),216673000,34287,3
2016-10-27,440,9.8%,1023,6.3%,129314,4.8%,17.9%,176754700,-28556300 ( -13.9% ),23136,-9701 ( -29.5% ),393427700,57423,3
2016-10-28,456,10.0%,1106,6.5%,139541,5.0%,21.4%,246452700,69698000 ( 39.4% ),29867,6731 ( 29.1% ),639880400,87290,3
2016-10-29,490,10.4%,1259,7%,158079,5.4%,33.3%,428638900,182186200 ( 73.9% ),52669,22802 ( 76.3% ),1068519300,139959,3
2016-10-30,498,10.7%,1265,7.3%,159624,5.6%,26.7%,352158200,-76480700 ( -17.8% ),42689,-9980 ( -18.9% ),1420677500,182648,3
2016-10-31,438,10.3%,1165,7.2%,149722,5.6%,9.1%,104435400,-247722800 ( -70.3% ),13552,-29137 ( -68.3% ),1525112900,196200,3
2016-11-01,431,9.9%,1131,7.1%,145319,5.5%,7.7%,86308100,-18127300 ( -17.4% ),11197,-2355 ( -17.4% ),1611421000,207397,3
2016-11-02,412,9.7%,1042,6.6%,133712,5.1%,7.5%,77446800,-8861300 ( -10.3% ),10038,-1159 ( -10.4% ),1688867800,217435,3
2016-11-03,299,6.5%,771,4.8%,99076,3.7%,7.4%,56454100,-20992700 ( -27.1% ),7318,-2720 ( -27.1% ),1745321900,224753,4
2016-11-04,311,6.5%,815,4.9%,103892,3.8%,9.6%,82877313,26423213 ( 46.8% ),9967,2649 ( 36.2% ),1828199213,234720,4
2016-11-05,348,6.6%,909,5.1%,115726,3.9%,18.4%,173672108,90794795 ( 109.6% ),21319,11352 ( 113.9% ),2001871321,256039,3
2016-11-06,354,6.8%,857,4.9%,107279,3.8%,15.8%,140362600,-33309508 ( -19.2% ),16989,-4330 ( -20.3% ),2142233921,273028,4
2016-11-07,296,6.6%,718,4.6%,93608,3.6%,5.3%,37979200,-102383400 ( -72.9% ),4937,-12052 ( -70.9% ),2180213121,277965,5
2016-11-08,284,6.1%,677,4.4%,87533,3.4%,4.7%,31328000,-6651200 ( -17.5% ),4089,-848 ( -17.2% ),2211541121,282054,7
2016-11-09,123,2.7%,209,1.3%,26246,1.0%,4.0%,7852400,-23475600 ( -74.9% ),1044,-3045 ( -74.5% ),2219393521,283098,15
2016-11-10,70,1.5%,108,0.7%,14603,0.6%,3.5%,3794000,-4058400 ( -51.7% ),506,-538 ( -51.5% ),2223187521,283604,22
2016-11-11,73,1.5%,114,0.7%,14758,0.5%,4.5%,5420112,1626112 ( 42.9% ),669,163 ( 32.2% ),2228607633,284273,20
2016-11-12,68,1.3%,106,0.6%,12474,0.4%,8.1%,8114312,2694200 ( 49.7% ),1016,347 ( 51.9% ),2236721945,285289,19
2016-11-13,66,1.3%,99,0.6%,11514,0.4%,7.5%,7100000,-1014312 ( -12.5% ),858,-158 ( -15.6% ),2243821945,286147,21
2016-11-14,56,1.2%,76,0.5%,9331,0.4%,3.5%,2423500,-4676500 ( -65.9% ),331,-527 ( -61.4% ),2246245445,286478,23
2016-11-15,48,1.0%,63,0.4%,7470,0.3%,2.9%,1605000,-818500 ( -33.8% ),217,-114 ( -34.4% ),2247850445,286695,36
2016-11-16,10,0.2%,10,0.1%,1478,0.1%,59.1%,6975000,5370000 ( 334.6% ),873,656 ( 302.3% ),2254825445,287568,15
2016-11-17,7,0.1%,7,0%,1094,0.0%,31.9%,2786000,-4189000 ( -60.1% ),349,-524 ( -60.0% ),2257611445,287917,26
2016-11-18,2,0.0%,2,0%,245,0.0%,0.8%,15000,-2771000 ( -99.5% ),2,-347 ( -99.4% ),2257626445,287919,128
2016-11-19,5,0.1%,6,0%,753,0.0%,3.5%,186000,171000 ( 1140.0% ),26,24 ( 1200.0% ),2257812445,287945,88
2016-11-20,3,0.1%,4,0%,465,0.0%,3.4%,114000,-72000 ( -38.7% ),16,-10 ( -38.5% ),2257926445,287961,95
2016-11-21,2,0.0%,2,0%,245,0.0%,0.8%,15000,-99000 ( -86.8% ),2,-14 ( -87.5% ),2257941445,287963,123
2016-11-22,3,0.1%,4,0%,465,0.0%,1.1%,37000,22000 ( 146.7% ),5,3 ( 150.0% ),2257978445,287968,119
2016-11-24,3,0.1%,3,0%,445,0.0%,2.7%,111000,111000 ( 100.0% ),12,12 ( 100.0% ),2258089445,287980,94
2016-11-25,3,0.1%,3,0%,445,0.0%,2.7%,111000,0 ( 0.0% ),12,0 ( 0.0% ),2258200445,287992,91
2016-11-26,1,0.0%,1,0%,200,0.0%,0.5%,6000,-105000 ( -94.6% ),1,-11 ( -91.7% ),2258206445,287993,143
2016-11-27,1,0.0%,1,0%,200,0.0%,0.5%,6000,0 ( 0.0% ),1,0 ( 0.0% ),2258212445,287994,132
2016-11-28,2,0.0%,2,0%,245,0.0%,4.5%,105000,99000 ( 1650.0% ),11,10 ( 1000.0% ),2258317445,288005,72
2016-11-29,2,0.0%,2,0%,245,0.0%,4.5%,105000,0 ( 0.0% ),11,0 ( 0.0% ),2258422445,288016,95
