날짜,스크린수,스크린점유율,상영횟수,상영점유율,좌석수,좌석점유율,좌석판매율,매출액,매출액증감(전일대비),관객수,관객수증감(전일대비),누적매출액,누적관객수,순위
2017-10-18,3,0.1%,5,0%,1015,0.0%,89.5%,7264000,7264000 ( 100.0% ),908,908 ( 100.0% ),7264000,908,13
2017-10-24,1,0.0%,1,0%,293,0.0%,99.0%,2320000,2320000 ( 100.0% ),290,290 ( 100.0% ),9584000,1198,27
2017-10-25,332,6.2%,627,3.8%,73773,2.7%,5.3%,23059000,20739000 ( 893.9% ),3933,3643 ( 1256.2% ),32643000,5131,9
2017-10-26,315,5.9%,629,3.8%,72706,2.7%,3.6%,18028500,-5030500 ( -21.8% ),2612,-1321 ( -33.6% ),50671500,7743,11
2017-10-27,331,6.1%,618,3.6%,71013,2.6%,3.8%,20023000,1994500 ( 11.1% ),2670,58 ( 2.2% ),70694500,10413,9
2017-10-28,297,5.2%,483,2.7%,55418,1.9%,5.3%,22468100,2445100 ( 12.2% ),2953,283 ( 10.6% ),93162600,13366,12
2017-10-29,310,5.5%,471,2.7%,53055,1.9%,4.9%,20217400,-2250700 ( -10.0% ),2626,-327 ( -11.1% ),113380000,15992,12
2017-10-30,296,5.9%,489,3%,56054,2.1%,3.0%,11239000,-8978400 ( -44.4% ),1687,-939 ( -35.8% ),124619000,17679,12
2017-10-31,300,5.8%,504,3.1%,58616,2.2%,3.8%,14636500,3397500 ( 30.2% ),2201,514 ( 30.5% ),139255500,19880,12
2017-11-01,249,4.9%,387,2.4%,43723,1.7%,2.9%,8759000,-5877500 ( -40.2% ),1275,-926 ( -42.1% ),148014500,21155,13
2017-11-02,31,0.6%,37,0.2%,3811,0.1%,3.4%,927500,-7831500 ( -89.4% ),128,-1147 ( -90.0% ),148942000,21283,55
2017-11-03,26,0.5%,31,0.2%,3019,0.1%,4.4%,1059500,132000 ( 14.2% ),133,5 ( 3.9% ),150001500,21416,48
2017-11-04,32,0.5%,35,0.2%,3251,0.1%,6.7%,1644500,585000 ( 55.2% ),219,86 ( 64.7% ),151646000,21635,41
2017-11-05,31,0.5%,36,0.2%,3630,0.1%,5.7%,1561200,-83300 ( -5.1% ),208,-11 ( -5.0% ),153207200,21843,38
2017-11-06,19,0.4%,19,0.1%,1362,0.1%,6.2%,590500,-970700 ( -62.2% ),85,-123 ( -59.1% ),153797700,21928,53
2017-11-07,17,0.3%,19,0.1%,1772,0.1%,11.1%,1738000,1147500 ( 194.3% ),196,111 ( 130.6% ),155535700,22124,37
2017-11-08,13,0.3%,14,0.1%,1250,0.0%,7.4%,694000,-1044000 ( -60.1% ),92,-104 ( -53.1% ),156229700,22216,56
2017-11-09,5,0.1%,5,0%,450,0.0%,5.6%,170000,-524000 ( -75.5% ),25,-67 ( -72.8% ),156399700,22241,81
2017-11-10,5,0.1%,7,0%,738,0.0%,8.4%,508000,338000 ( 198.8% ),62,37 ( 148.0% ),156907700,22303,60
2017-11-11,2,0.0%,3,0%,155,0.0%,67.7%,1023000,515000 ( 101.4% ),105,43 ( 69.4% ),157930700,22408,56
2017-11-12,4,0.1%,5,0%,351,0.0%,13.7%,327000,-696000 ( -68.0% ),48,-57 ( -54.3% ),158257700,22456,68
2017-11-13,6,0.1%,8,0%,935,0.0%,3.1%,246000,-81000 ( -24.8% ),29,-19 ( -39.6% ),158503700,22485,70
2017-11-14,7,0.1%,10,0.1%,949,0.0%,4.8%,351000,105000 ( 42.7% ),46,17 ( 58.6% ),158854700,22531,69
2017-11-15,4,0.1%,5,0%,483,0.0%,7.0%,269000,-82000 ( -23.4% ),34,-12 ( -26.1% ),159123700,22565,86
2017-11-16,2,0.0%,3,0%,402,0.0%,2.7%,95000,-174000 ( -64.7% ),11,-23 ( -67.6% ),159218700,22576,117
2017-11-17,1,0.0%,2,0%,276,0.0%,2.5%,65000,-30000 ( -31.6% ),7,-4 ( -36.4% ),159283700,22583,129
2017-11-18,1,0.0%,1,0%,36,0.0%,61.1%,138000,73000 ( 112.3% ),22,15 ( 214.3% ),159421700,22605,105
2017-11-20,2,0.0%,4,0%,558,0.0%,3.6%,151000,151000 ( 100.0% ),20,20 ( 100.0% ),159572700,22625,89
2017-11-21,4,0.1%,5,0%,567,0.0%,6.2%,257000,106000 ( 70.2% ),35,15 ( 75.0% ),159829700,22660,92
2017-11-22,2,0.0%,3,0%,402,0.0%,0.7%,23000,-234000 ( -91.1% ),3,-32 ( -91.4% ),159852700,22663,133
2017-11-24,1,0.0%,1,0%,36,0.0%,19.4%,39000,39000 ( 100.0% ),7,7 ( 100.0% ),159891700,22670,120
2017-11-26,1,0.0%,1,0%,36,0.0%,38.9%,89000,89000 ( 100.0% ),14,14 ( 100.0% ),159980700,22684,113
2017-11-27,1,0.0%,1,0%,36,0.0%,16.7%,38000,-51000 ( -57.3% ),6,-8 ( -57.1% ),160018700,22690,101
2017-11-28,2,0.0%,2,0%,326,0.0%,2.5%,57000,19000 ( 50.0% ),8,2 ( 33.3% ),160075700,22698,119
2017-11-29,1,0.0%,1,0%,138,0.0%,6.5%,76000,19000 ( 33.3% ),9,1 ( 12.5% ),160151700,22707,108
2017-11-30,2,0.0%,2,0%,236,0.0%,2.5%,39000,-37000 ( -48.7% ),6,-3 ( -33.3% ),160190700,22713,110
2017-12-02,1,0.0%,1,0%,36,0.0%,8.3%,19000,19000 ( 100.0% ),3,3 ( 100.0% ),160209700,22716,139
2017-12-06,2,0.0%,2,0%,174,0.0%,7.5%,91000,91000 ( 100.0% ),13,13 ( 100.0% ),160300700,22729,114
2017-12-07,1,0.0%,1,0%,36,0.0%,5.6%,10000,-81000 ( -89.0% ),2,-11 ( -84.6% ),160310700,22731,134
2017-12-09,1,0.0%,1,0%,36,0.0%,38.9%,84000,84000 ( 100.0% ),14,14 ( 100.0% ),160394700,22745,110
2017-12-12,1,0.0%,1,0%,36,0.0%,19.4%,43000,43000 ( 100.0% ),7,7 ( 100.0% ),160437700,22752,107
