날짜,스크린수,스크린점유율,상영횟수,상영점유율,좌석수,좌석점유율,좌석판매율,매출액,매출액증감(전일대비),관객수,관객수증감(전일대비),누적매출액,누적관객수,순위
2016-04-26,4,0.1%,5,0%,1079,0.0%,85.2%,7604000,7604000 ( 100.0% ),919,919 ( 100.0% ),7604000,919,14
2016-04-27,91,2.0%,135,0.9%,18847,0.8%,7.4%,9078000,1474000 ( 19.4% ),1386,467 ( 50.8% ),16682000,2305,12
2016-04-28,106,2.3%,153,1.1%,20926,0.9%,5.5%,7714200,-1363800 ( -15.0% ),1148,-238 ( -17.2% ),24396200,3453,11
2016-04-29,120,2.6%,162,1.1%,21999,0.9%,6.8%,11157700,3443500 ( 44.6% ),1494,346 ( 30.1% ),35553900,4947,11
2016-04-30,102,2.2%,151,1%,20817,0.8%,12.8%,18110900,6953200 ( 62.3% ),2666,1172 ( 78.4% ),53664800,7613,10
2016-05-01,94,2.0%,137,0.9%,18513,0.8%,14.0%,17515200,-595700 ( -3.3% ),2599,-67 ( -2.5% ),71180000,10212,9
2016-05-02,95,2.2%,143,1%,19358,0.8%,7.1%,8457900,-9057300 ( -51.7% ),1384,-1215 ( -46.7% ),79637900,11596,11
2016-05-03,100,2.2%,151,1.1%,20325,0.9%,6.4%,8609000,151100 ( 1.8% ),1310,-74 ( -5.3% ),88246900,12906,13
2016-05-04,48,1.0%,64,0.4%,8829,0.4%,5.8%,3535000,-5074000 ( -58.9% ),514,-796 ( -60.8% ),91781900,13420,22
2016-05-05,52,1.0%,61,0.4%,8253,0.3%,17.0%,11393400,7858400 ( 222.3% ),1403,889 ( 173.0% ),103175300,14823,15
2016-05-06,58,1.1%,68,0.4%,9265,0.4%,23.0%,15087200,3693800 ( 32.4% ),2133,730 ( 52.0% ),118262500,16956,13
2016-05-07,52,1.0%,66,0.4%,8961,0.3%,20.0%,11295800,-3791400 ( -25.1% ),1790,-343 ( -16.1% ),129558300,18746,11
2016-05-08,53,1.0%,67,0.4%,9441,0.4%,22.8%,10814800,-481000 ( -4.3% ),2148,358 ( 20.0% ),140373100,20894,9
2016-05-09,55,1.3%,77,0.6%,10787,0.5%,12.9%,6283300,-4531500 ( -41.9% ),1394,-754 ( -35.1% ),146656400,22288,9
2016-05-10,56,1.3%,76,0.6%,10813,0.5%,12.5%,6355000,71700 ( 1.1% ),1356,-38 ( -2.7% ),153011400,23644,11
2016-05-11,46,0.9%,61,0.5%,8442,0.4%,7.7%,4162000,-2193000 ( -34.5% ),654,-702 ( -51.8% ),157173400,24298,19
2016-05-12,14,0.3%,20,0.1%,2601,0.1%,10.5%,1779300,-2382700 ( -57.2% ),274,-380 ( -58.1% ),158952700,24572,26
2016-05-13,18,0.4%,25,0.2%,3324,0.1%,6.7%,1649000,-130300 ( -7.3% ),222,-52 ( -19.0% ),160601700,24794,29
2016-05-14,19,0.4%,27,0.2%,3499,0.1%,16.3%,4656000,3007000 ( 182.4% ),569,347 ( 156.3% ),165257700,25363,17
2016-05-15,18,0.4%,24,0.2%,3035,0.1%,11.0%,2507700,-2148300 ( -46.1% ),334,-235 ( -41.3% ),167765400,25697,22
2016-05-16,14,0.3%,22,0.2%,2667,0.1%,6.0%,1067000,-1440700 ( -57.5% ),159,-175 ( -52.4% ),168832400,25856,32
2016-05-17,14,0.3%,22,0.2%,2713,0.1%,8.3%,1347000,280000 ( 26.2% ),224,65 ( 40.9% ),170179400,26080,29
2016-05-18,15,0.3%,24,0.2%,3057,0.1%,5.8%,1093500,-253500 ( -18.8% ),176,-48 ( -21.4% ),171272900,26256,41
2016-05-19,7,0.2%,10,0.1%,1089,0.0%,8.4%,612500,-481000 ( -44.0% ),91,-85 ( -48.3% ),171885400,26347,45
2016-05-20,8,0.2%,10,0.1%,1160,0.0%,16.6%,1008500,396000 ( 64.7% ),193,102 ( 112.1% ),172893900,26540,30
2016-05-21,6,0.1%,9,0.1%,1185,0.0%,26.4%,1303500,295000 ( 29.3% ),313,120 ( 62.2% ),174197400,26853,26
2016-05-22,6,0.1%,9,0.1%,1270,0.1%,16.5%,1604500,301000 ( 23.1% ),210,-103 ( -32.9% ),175801900,27063,29
2016-05-23,7,0.2%,11,0.1%,1427,0.1%,13.9%,1091500,-513000 ( -32.0% ),199,-11 ( -5.2% ),176893400,27262,30
2016-05-24,7,0.2%,10,0.1%,1081,0.0%,12.2%,923000,-168500 ( -15.4% ),132,-67 ( -33.7% ),177816400,27394,40
2016-05-25,6,0.1%,10,0.1%,1388,0.1%,21.2%,1681000,758000 ( 82.1% ),294,162 ( 122.7% ),179497400,27688,26
2016-05-26,2,0.0%,4,0%,673,0.0%,17.1%,489000,-1192000 ( -70.9% ),115,-179 ( -60.9% ),179986400,27803,39
2016-05-27,2,0.0%,4,0%,628,0.0%,18.0%,814000,325000 ( 66.5% ),113,-2 ( -1.7% ),180800400,27916,41
2016-05-28,1,0.0%,3,0%,558,0.0%,8.2%,309000,-505000 ( -62.0% ),46,-67 ( -59.3% ),181109400,27962,62
2016-05-29,2,0.0%,4,0%,628,0.0%,41.2%,1371000,1062000 ( 343.7% ),259,213 ( 463.0% ),182480400,28221,25
2016-05-30,2,0.0%,4,0%,777,0.0%,31.0%,1036000,-335000 ( -24.4% ),241,-18 ( -6.9% ),183516400,28462,30
2016-05-31,1,0.0%,2,0%,372,0.0%,9.4%,209000,-827000 ( -79.8% ),35,-206 ( -85.5% ),183725400,28497,61
2016-06-01,3,0.1%,6,0%,1005,0.0%,31.2%,1769000,1560000 ( 746.4% ),314,279 ( 797.1% ),185494400,28811,24
2016-06-02,1,0.0%,2,0%,372,0.0%,58.9%,1111000,-658000 ( -37.2% ),219,-95 ( -30.3% ),186605400,29030,29
2016-06-03,4,0.1%,8,0.1%,1067,0.0%,34.8%,2222000,1111000 ( 100.0% ),371,152 ( 69.4% ),188827400,29401,22
2016-06-04,1,0.0%,3,0%,558,0.0%,43.9%,875000,-1347000 ( -60.6% ),245,-126 ( -34.0% ),189702400,29646,24
2016-06-05,1,0.0%,3,0%,558,0.0%,70.8%,1539000,664000 ( 75.9% ),395,150 ( 61.2% ),191241400,30041,21
2016-06-06,1,0.0%,2,0%,372,0.0%,6.7%,140000,-1399000 ( -90.9% ),25,-370 ( -93.7% ),191381400,30066,50
2016-06-07,1,0.0%,2,0%,372,0.0%,0.5%,16000,-124000 ( -88.6% ),2,-23 ( -92.0% ),191397400,30068,79
2016-06-08,2,0.0%,3,0%,481,0.0%,21.8%,520000,504000 ( 3150.0% ),105,103 ( 5150.0% ),191917400,30173,43
2016-06-09,1,0.0%,3,0%,558,0.0%,2.3%,69000,-451000 ( -86.7% ),13,-92 ( -87.6% ),191986400,30186,62
2016-06-10,1,0.0%,3,0%,558,0.0%,14.0%,404000,335000 ( 485.5% ),78,65 ( 500.0% ),192390400,30264,45
2016-06-11,1,0.0%,3,0%,558,0.0%,5.7%,161000,-243000 ( -60.1% ),32,-46 ( -59.0% ),192551400,30296,49
2016-06-12,1,0.0%,4,0%,744,0.0%,32.7%,1256000,1095000 ( 680.1% ),243,211 ( 659.4% ),193807400,30539,25
2016-06-13,1,0.0%,2,0%,372,0.0%,2.7%,55000,-1201000 ( -95.6% ),10,-233 ( -95.9% ),193862400,30549,58
2016-06-14,1,0.0%,2,0%,372,0.0%,2.2%,49000,-6000 ( -10.9% ),8,-2 ( -20.0% ),193911400,30557,67
2016-06-15,1,0.0%,1,0%,186,0.0%,4.3%,39000,-10000 ( -20.4% ),8,0 ( 0.0% ),193950400,30565,72
2016-06-16,1,0.0%,3,0%,558,0.0%,4.3%,132000,93000 ( 238.5% ),24,16 ( 200.0% ),194082400,30589,68
2016-06-17,2,0.0%,4,0%,720,0.0%,19.9%,744000,612000 ( 463.6% ),143,119 ( 495.8% ),194826400,30732,33
2016-06-18,2,0.0%,4,0%,725,0.0%,22.2%,714000,-30000 ( -4.0% ),161,18 ( 12.6% ),195540400,30893,29
2016-06-19,2,0.0%,3,0%,539,0.0%,3.0%,79000,-635000 ( -88.9% ),16,-145 ( -90.1% ),195619400,30909,76
2016-06-20,3,0.1%,4,0%,638,0.0%,30.6%,860000,781000 ( 988.6% ),195,179 ( 1118.8% ),196479400,31104,25
2016-06-21,2,0.0%,3,0%,539,0.0%,61.2%,1126000,266000 ( 30.9% ),330,135 ( 69.2% ),197605400,31434,22
2016-06-22,2,0.0%,3,0%,539,0.0%,18.0%,406000,-720000 ( -63.9% ),97,-233 ( -70.6% ),198011400,31531,34
2016-06-23,1,0.0%,3,0%,558,0.0%,32.4%,904000,498000 ( 122.7% ),181,84 ( 86.6% ),198915400,31712,35
2016-06-24,1,0.0%,2,0%,372,0.0%,11.0%,231000,-673000 ( -74.4% ),41,-140 ( -77.3% ),199146400,31753,61
2016-06-25,1,0.0%,3,0%,558,0.0%,27.8%,811000,580000 ( 251.1% ),155,114 ( 278.0% ),199957400,31908,42
2016-06-26,1,0.0%,2,0%,372,0.0%,3.2%,86000,-725000 ( -89.4% ),12,-143 ( -92.3% ),200043400,31920,73
2016-06-27,1,0.0%,2,0%,372,0.0%,3.5%,99000,13000 ( 15.1% ),13,1 ( 8.3% ),200142400,31933,74
2016-06-28,1,0.0%,2,0%,372,0.0%,9.1%,217000,118000 ( 119.2% ),34,21 ( 161.5% ),200359400,31967,69
2016-06-29,1,0.0%,2,0%,372,0.0%,5.9%,135000,-82000 ( -37.8% ),22,-12 ( -35.3% ),200494400,31989,71
2016-06-30,1,0.0%,2,0%,372,0.0%,11.3%,317000,182000 ( 134.8% ),42,20 ( 90.9% ),200811400,32031,55
2016-07-01,1,0.0%,3,0%,558,0.0%,4.3%,163000,-154000 ( -48.6% ),24,-18 ( -42.9% ),200974400,32055,60
2016-07-02,1,0.0%,3,0%,558,0.0%,3.6%,140000,-23000 ( -14.1% ),20,-4 ( -16.7% ),201114400,32075,75
2016-07-03,1,0.0%,2,0%,372,0.0%,6.7%,172000,32000 ( 22.9% ),25,5 ( 25.0% ),201286400,32100,65
2016-07-04,2,0.0%,3,0%,484,0.0%,27.5%,1029000,857000 ( 498.3% ),133,108 ( 432.0% ),202315400,32233,37
2016-07-05,1,0.0%,2,0%,372,0.0%,38.4%,457000,-572000 ( -55.6% ),143,10 ( 7.5% ),202772400,32376,37
2016-07-06,1,0.0%,2,0%,372,0.0%,2.7%,65000,-392000 ( -85.8% ),10,-133 ( -93.0% ),202837400,32386,87
2016-07-07,1,0.0%,1,0%,186,0.0%,3.8%,36000,-29000 ( -44.6% ),7,-3 ( -30.0% ),202873400,32393,87
2016-07-08,1,0.0%,1,0%,186,0.0%,5.9%,61000,25000 ( 69.4% ),11,4 ( 57.1% ),202934400,32404,98
2016-07-09,1,0.0%,3,0%,558,0.0%,4.7%,143000,82000 ( 134.4% ),26,15 ( 136.4% ),203077400,32430,90
2016-07-10,1,0.0%,2,0%,372,0.0%,5.9%,111000,-32000 ( -22.4% ),22,-4 ( -15.4% ),203188400,32452,80
2016-07-11,1,0.0%,2,0%,372,0.0%,3.2%,96000,-15000 ( -13.5% ),12,-10 ( -45.5% ),203284400,32464,54
2016-07-12,1,0.0%,1,0%,186,0.0%,3.2%,38000,-58000 ( -60.4% ),6,-6 ( -50.0% ),203322400,32470,74
2016-07-13,1,0.0%,2,0%,372,0.0%,1.1%,17000,-21000 ( -55.3% ),4,-2 ( -33.3% ),203339400,32474,85
2016-07-14,2,0.0%,2,0%,237,0.0%,6.3%,69000,52000 ( 305.9% ),15,11 ( 275.0% ),203408400,32489,64
2016-07-15,1,0.0%,2,0%,372,0.0%,4.3%,110000,41000 ( 59.4% ),16,1 ( 6.7% ),203518400,32505,67
2016-07-16,1,0.0%,3,0%,558,0.0%,6.3%,242000,132000 ( 120.0% ),35,19 ( 118.8% ),203760400,32540,63
2016-07-17,1,0.0%,2,0%,372,0.0%,5.9%,166000,-76000 ( -31.4% ),22,-13 ( -37.1% ),203926400,32562,62
2016-07-18,2,0.0%,2,0%,317,0.0%,43.8%,951000,785000 ( 472.9% ),139,117 ( 531.8% ),204877400,32701,36
2016-07-20,1,0.0%,1,0%,51,0.0%,0.0%,0,0 ( 0.0% ),0,0 ( 0.0% ),204877400,32701,92
2016-07-21,1,0.0%,1,0%,186,0.0%,0.5%,8000,8000 ( 100.0% ),1,1 ( 100.0% ),204885400,32702,72
2016-07-22,2,0.0%,3,0%,423,0.0%,1.9%,54000,46000 ( 575.0% ),8,7 ( 700.0% ),204939400,32710,69
2016-07-23,1,0.0%,2,0%,372,0.0%,1.1%,22000,-32000 ( -59.3% ),4,-4 ( -50.0% ),204961400,32714,90
2016-07-24,1,0.0%,1,0%,186,0.0%,0.5%,8000,-14000 ( -63.6% ),1,-3 ( -75.0% ),204969400,32715,87
2016-07-25,1,0.0%,1,0%,186,0.0%,2.7%,30000,22000 ( 275.0% ),5,4 ( 400.0% ),204999400,32720,74
2016-07-26,1,0.0%,1,0%,186,0.0%,1.1%,16000,-14000 ( -46.7% ),2,-3 ( -60.0% ),205015400,32722,91
2016-07-27,1,0.0%,1,0%,186,0.0%,5.9%,62000,46000 ( 287.5% ),11,9 ( 450.0% ),205077400,32733,73
2016-07-28,1,0.0%,1,0%,186,0.0%,1.6%,19000,-43000 ( -69.4% ),3,-8 ( -72.7% ),205096400,32736,77
2016-07-29,1,0.0%,3,0%,558,0.0%,14.5%,348000,329000 ( 1731.6% ),81,78 ( 2600.0% ),205444400,32817,41
2016-07-30,1,0.0%,2,0%,372,0.0%,2.2%,64000,-284000 ( -81.6% ),8,-73 ( -90.1% ),205508400,32825,73
2016-07-31,1,0.0%,2,0%,372,0.0%,2.2%,49000,-15000 ( -23.4% ),8,0 ( 0.0% ),205557400,32833,69
2016-08-01,1,0.0%,1,0%,186,0.0%,3.2%,28000,-21000 ( -42.9% ),6,-2 ( -25.0% ),205585400,32839,56
2016-08-02,2,0.0%,2,0%,237,0.0%,2.5%,36000,8000 ( 28.6% ),6,0 ( 0.0% ),205621400,32845,72
2016-08-03,1,0.0%,2,0%,372,0.0%,1.1%,17000,-19000 ( -52.8% ),4,-2 ( -33.3% ),205638400,32849,87
2016-08-04,1,0.0%,2,0%,372,0.0%,0.5%,11000,-6000 ( -35.3% ),2,-2 ( -50.0% ),205649400,32851,75
2016-08-05,1,0.0%,1,0%,186,0.0%,2.7%,40000,29000 ( 263.6% ),5,3 ( 150.0% ),205689400,32856,71
2016-08-06,1,0.0%,2,0%,372,0.0%,4.3%,88000,48000 ( 120.0% ),16,11 ( 220.0% ),205777400,32872,61
2016-08-07,1,0.0%,1,0%,186,0.0%,4.8%,52000,-36000 ( -40.9% ),9,-7 ( -43.8% ),205829400,32881,62
2016-08-08,1,0.0%,1,0%,186,0.0%,8.6%,88000,36000 ( 69.2% ),16,7 ( 77.8% ),205917400,32897,57
2016-08-09,1,0.0%,1,0%,186,0.0%,1.6%,16000,-72000 ( -81.8% ),3,-13 ( -81.3% ),205933400,32900,88
2016-08-10,1,0.0%,1,0%,186,0.0%,2.2%,17000,1000 ( 6.3% ),4,1 ( 33.3% ),205950400,32904,78
2016-08-11,5,0.1%,5,0%,641,0.0%,1.7%,67000,50000 ( 294.1% ),11,7 ( 175.0% ),206017400,32915,74
2016-08-12,5,0.1%,5,0%,641,0.0%,2.2%,86000,19000 ( 28.4% ),14,3 ( 27.3% ),206103400,32929,74
2016-08-13,5,0.1%,5,0%,641,0.0%,1.1%,35000,-51000 ( -59.3% ),7,-7 ( -50.0% ),206138400,32936,80
2016-08-14,5,0.1%,5,0%,641,0.0%,1.4%,41000,6000 ( 17.1% ),9,2 ( 28.6% ),206179400,32945,78
2016-08-15,5,0.1%,5,0%,641,0.0%,1.7%,57000,16000 ( 39.0% ),11,2 ( 22.2% ),206236400,32956,80
2016-08-16,5,0.1%,5,0%,641,0.0%,1.6%,54000,-3000 ( -5.3% ),10,-1 ( -9.1% ),206290400,32966,77
2016-08-17,5,0.1%,5,0%,641,0.0%,1.9%,45000,-9000 ( -16.7% ),12,2 ( 20.0% ),206335400,32978,81
2016-08-18,1,0.0%,1,0%,186,0.0%,2.2%,22000,-23000 ( -51.1% ),4,-8 ( -66.7% ),206357400,32982,94
2016-08-19,1,0.0%,1,0%,186,0.0%,2.2%,22000,0 ( 0.0% ),4,0 ( 0.0% ),206379400,32986,91
2016-08-20,1,0.0%,1,0%,186,0.0%,3.8%,36000,14000 ( 63.6% ),7,3 ( 75.0% ),206415400,32993,87
2016-08-21,1,0.0%,1,0%,186,0.0%,8.1%,80000,44000 ( 122.2% ),15,8 ( 114.3% ),206495400,33008,78
